4
15 15 30
15 15 30
15 15 30
15 15 30
0 10 0 5 5 7 0 9 0
0 10 7 5 5 7 0 9 0
0 10 14 5 5 7 0 9 0
0 10 21 5 5 7 0 9 0
5 10 0 5 5 7 0 9 0
5 10 7 5 5 7 0 9 0
5 10 14 5 5 7 0 9 0
5 10 21 5 5 7 0 9 0
10 10 0 5 5 7 0 9 0
10 10 7 5 5 7 0 9 0
10 10 14 5 5 7 0 9 0
10 10 21 5 5 7 0 9 0
0 0 0 3 5 10 3 24 0
0 0 10 3 5 10 3 24 0
0 0 20 3 5 10 3 24 0
0 5 0 3 5 10 3 24 0
0 5 10 3 5 10 3 24 0
0 5 20 3 5 10 3 24 0
3 0 0 3 5 10 3 24 0
3 0 10 3 5 10 3 24 0
3 0 20 3 5 10 3 24 0
3 5 0 3 5 10 3 24 0
3 5 10 3 5 10 3 24 0
3 5 20 3 5 10 3 24 0
6 0 0 3 5 10 3 24 0
6 0 10 3 5 10 3 24 0
6 0 20 3 5 10 3 24 0
6 5 0 3 5 10 3 24 0
6 5 10 3 5 10 3 24 0
6 5 20 3 5 10 3 24 0
9 0 0 3 5 10 3 24 0
9 0 10 3 5 10 3 24 0
9 0 20 3 5 10 3 24 0
9 5 0 3 5 10 3 24 0
9 5 10 3 5 10 3 24 0
9 5 20 3 5 10 3 24 0
12 0 0 3 5 10 3 24 0
12 0 10 3 5 10 3 24 0
12 0 20 3 5 10 3 24 0
12 5 0 3 5 10 3 24 0
12 5 10 3 5 10 3 24 0
12 5 20 3 5 10 3 24 0
25 5 0 5 5 7 0 9 1
25 5 7 5 5 7 0 9 1
25 5 14 5 5 7 0 9 1
25 5 21 5 5 7 0 9 1
25 10 0 5 5 7 0 9 1
25 10 7 5 5 7 0 9 1
25 10 14 5 5 7 0 9 1
25 10 21 5 5 7 0 9 1
20 5 0 5 5 7 0 9 1
20 5 7 5 5 7 0 9 1
20 5 14 5 5 7 0 9 1
20 5 21 5 5 7 0 9 1
20 10 0 5 5 7 0 9 1
20 10 7 5 5 7 0 9 1
20 10 14 5 5 7 0 9 1
20 10 21 5 5 7 0 9 1
15 5 0 5 5 7 0 9 1
15 5 7 5 5 7 0 9 1
15 5 14 5 5 7 0 9 1
15 5 21 5 5 7 0 9 1
15 10 0 5 5 7 0 9 1
15 10 7 5 5 7 0 9 1
15 10 14 5 5 7 0 9 1
15 10 21 5 5 7 0 9 1
27 0 0 3 5 10 3 24 1
27 0 10 3 5 10 3 24 1
27 0 20 3 5 10 3 24 1
24 0 0 3 5 10 3 24 1
24 0 10 3 5 10 3 24 1
24 0 20 3 5 10 3 24 1
21 0 0 3 5 10 3 24 1
21 0 10 3 5 10 3 24 1
21 0 20 3 5 10 3 24 1
18 0 0 3 5 10 3 24 1
18 0 10 3 5 10 3 24 1
18 0 20 3 5 10 3 24 1
15 0 0 3 5 10 3 24 1
15 0 10 3 5 10 3 24 1
15 0 20 3 5 10 3 24 1
0 15 0 3 5 10 3 24 2
0 15 10 3 5 10 3 24 2
0 15 20 3 5 10 3 24 2
0 20 0 3 5 10 3 24 2
0 20 10 3 5 10 3 24 2
0 20 20 3 5 10 3 24 2
0 25 0 3 5 10 3 24 2
0 25 10 3 5 10 3 24 2
0 25 20 3 5 10 3 24 2
3 15 0 3 5 10 3 24 2
3 15 10 3 5 10 3 24 2
3 15 20 3 5 10 3 24 2
3 20 0 3 5 10 3 24 2
3 20 10 3 5 10 3 24 2
3 20 20 3 5 10 3 24 2
3 25 0 3 5 10 3 24 2
3 25 10 3 5 10 3 24 2
3 25 20 3 5 10 3 24 2
6 15 0 3 5 10 3 24 2
6 15 10 3 5 10 3 24 2
6 15 20 3 5 10 3 24 2
6 20 0 3 5 10 3 24 2
6 20 10 3 5 10 3 24 2
6 20 20 3 5 10 3 24 2
6 25 0 3 5 10 3 24 2
6 25 10 3 5 10 3 24 2
6 25 20 3 5 10 3 24 2
9 15 0 3 5 10 3 24 2
9 15 10 3 5 10 3 24 2
9 15 20 3 5 10 3 24 2
9 20 0 3 5 10 3 24 2
9 20 10 3 5 10 3 24 2
9 20 20 3 5 10 3 24 2
9 25 0 3 5 10 3 24 2
9 25 10 3 5 10 3 24 2
9 25 20 3 5 10 3 24 2
12 15 0 3 5 10 3 24 2
12 15 10 3 5 10 3 24 2
12 15 20 3 5 10 3 24 2
12 20 0 3 5 10 3 24 2
12 20 10 3 5 10 3 24 2
12 20 20 3 5 10 3 24 2
12 25 0 3 5 10 3 24 2
12 25 10 3 5 10 3 24 2
12 25 20 3 5 10 3 24 2
27 15 0 3 5 10 3 24 3
27 15 10 3 5 10 3 24 3
27 15 20 3 5 10 3 24 3
27 20 0 3 5 10 3 24 3
27 20 10 3 5 10 3 24 3
27 20 20 3 5 10 3 24 3
27 25 0 3 5 10 3 24 3
27 25 10 3 5 10 3 24 3
27 25 20 3 5 10 3 24 3
24 15 0 3 5 10 3 24 3
24 15 10 3 5 10 3 24 3
24 15 20 3 5 10 3 24 3
24 20 0 3 5 10 3 24 3
24 20 10 3 5 10 3 24 3
24 20 20 3 5 10 3 24 3
24 25 0 3 5 10 3 24 3
24 25 10 3 5 10 3 24 3
24 25 20 3 5 10 3 24 3
21 15 0 3 5 10 3 24 3
21 15 10 3 5 10 3 24 3
21 15 20 3 5 10 3 24 3
21 20 0 3 5 10 3 24 3
21 20 10 3 5 10 3 24 3
21 20 20 3 5 10 3 24 3
21 25 0 3 5 10 3 24 3
21 25 10 3 5 10 3 24 3
21 25 20 3 5 10 3 24 3
18 15 0 3 5 10 3 24 3
18 15 10 3 5 10 3 24 3
18 15 20 3 5 10 3 24 3
18 20 0 3 5 10 3 24 3
18 20 10 3 5 10 3 24 3
18 20 20 3 5 10 3 24 3
18 25 0 3 5 10 3 24 3
18 25 10 3 5 10 3 24 3
18 25 20 3 5 10 3 24 3
15 15 0 3 5 10 3 24 3
15 15 10 3 5 10 3 24 3
15 15 20 3 5 10 3 24 3
15 20 0 3 5 10 3 24 3
15 20 10 3 5 10 3 24 3
15 20 20 3 5 10 3 24 3
15 25 0 3 5 10 3 24 3
15 25 10 3 5 10 3 24 3
15 25 20 3 5 10 3 24 3
