4
15 15 30
15 15 30
15 15 30
15 15 30
0 9 0 14 3 11 2 9 0
0 9 11 14 3 11 2 9 0
0 12 0 14 3 11 2 9 0
0 12 11 14 3 11 2 9 0
0 0 0 5 9 13 3 14 0
0 0 13 5 9 13 3 14 0
5 0 0 5 9 13 3 14 0
5 0 13 5 9 13 3 14 0
10 0 0 5 9 13 3 14 0
10 0 13 5 9 13 3 14 0
16 9 0 14 3 11 2 9 1
16 9 11 14 3 11 2 9 1
16 12 0 14 3 11 2 9 1
16 12 11 14 3 11 2 9 1
25 0 0 5 9 13 3 14 1
25 0 13 5 9 13 3 14 1
20 0 0 5 9 13 3 14 1
20 0 13 5 9 13 3 14 1
15 0 0 5 9 13 3 14 1
15 0 13 5 9 13 3 14 1
0 15 0 5 8 10 1 7 2
0 15 10 5 8 10 1 7 2
0 15 20 5 8 10 1 7 2
5 15 0 5 8 10 1 7 2
5 15 10 5 8 10 1 7 2
5 15 20 5 8 10 1 7 2
10 15 0 5 8 10 1 7 2
10 15 10 5 8 10 1 7 2
10 15 20 5 8 10 1 7 2
0 23 0 14 3 11 2 9 2
0 23 11 14 3 11 2 9 2
0 26 0 14 3 11 2 9 2
0 26 11 14 3 11 2 9 2
16 24 0 14 3 11 2 9 3
16 24 11 14 3 11 2 9 3
16 27 0 14 3 11 2 9 3
16 27 11 14 3 11 2 9 3
25 15 0 5 9 13 3 14 3
25 15 13 5 9 13 3 14 3
20 15 0 5 9 13 3 14 3
20 15 13 5 9 13 3 14 3
15 15 0 5 9 13 3 14 3
15 15 13 5 9 13 3 14 3
