4
15 15 30
15 15 30
15 15 30
15 15 30
0 0 0 8 3 3 0 1 0
0 0 3 8 3 3 0 1 0
0 0 6 8 3 3 0 1 0
0 0 9 8 3 3 0 1 0
0 0 12 8 3 3 0 1 0
0 0 15 8 3 3 0 1 0
0 0 18 8 3 3 0 1 0
0 0 21 8 3 3 0 1 0
0 0 24 8 3 3 0 1 0
0 0 27 8 3 3 0 1 0
0 3 0 8 3 3 0 1 0
0 3 3 8 3 3 0 1 0
0 3 6 8 3 3 0 1 0
0 3 9 8 3 3 0 1 0
0 3 12 8 3 3 0 1 0
0 3 15 8 3 3 0 1 0
0 3 18 8 3 3 0 1 0
0 3 21 8 3 3 0 1 0
0 3 24 8 3 3 0 1 0
0 3 27 8 3 3 0 1 0
0 6 0 8 3 3 0 1 0
0 6 3 8 3 3 0 1 0
0 6 6 8 3 3 0 1 0
0 6 9 8 3 3 0 1 0
0 6 12 8 3 3 0 1 0
0 6 15 8 3 3 0 1 0
0 6 18 8 3 3 0 1 0
0 6 21 8 3 3 0 1 0
0 6 24 8 3 3 0 1 0
0 6 27 8 3 3 0 1 0
0 9 0 8 3 3 0 1 0
0 9 3 8 3 3 0 1 0
0 9 6 8 3 3 0 1 0
0 9 9 8 3 3 0 1 0
0 9 12 8 3 3 0 1 0
0 9 15 8 3 3 0 1 0
0 9 18 8 3 3 0 1 0
0 9 21 8 3 3 0 1 0
0 9 24 8 3 3 0 1 0
0 9 27 8 3 3 0 1 0
0 12 0 8 3 3 0 1 0
0 12 3 8 3 3 0 1 0
0 12 6 8 3 3 0 1 0
0 12 9 8 3 3 0 1 0
0 12 12 8 3 3 0 1 0
0 12 15 8 3 3 0 1 0
0 12 18 8 3 3 0 1 0
0 12 21 8 3 3 0 1 0
0 12 24 8 3 3 0 1 0
0 12 27 8 3 3 0 1 0
8 0 0 6 13 14 2 20 0
8 0 14 6 13 14 2 20 0
22 0 0 8 3 3 0 1 1
22 0 3 8 3 3 0 1 1
22 0 6 8 3 3 0 1 1
22 0 9 8 3 3 0 1 1
22 0 12 8 3 3 0 1 1
22 0 15 8 3 3 0 1 1
22 0 18 8 3 3 0 1 1
22 0 21 8 3 3 0 1 1
22 0 24 8 3 3 0 1 1
22 0 27 8 3 3 0 1 1
22 3 0 8 3 3 0 1 1
22 3 3 8 3 3 0 1 1
22 3 6 8 3 3 0 1 1
22 3 9 8 3 3 0 1 1
22 3 12 8 3 3 0 1 1
22 3 15 8 3 3 0 1 1
22 3 18 8 3 3 0 1 1
22 3 21 8 3 3 0 1 1
22 3 24 8 3 3 0 1 1
22 3 27 8 3 3 0 1 1
22 6 0 8 3 3 0 1 1
22 6 3 8 3 3 0 1 1
22 6 6 8 3 3 0 1 1
22 6 9 8 3 3 0 1 1
22 6 12 8 3 3 0 1 1
22 6 15 8 3 3 0 1 1
22 6 18 8 3 3 0 1 1
22 6 21 8 3 3 0 1 1
22 6 24 8 3 3 0 1 1
22 6 27 8 3 3 0 1 1
22 9 0 8 3 3 0 1 1
22 9 3 8 3 3 0 1 1
22 9 6 8 3 3 0 1 1
22 9 9 8 3 3 0 1 1
22 9 12 8 3 3 0 1 1
22 9 15 8 3 3 0 1 1
22 9 18 8 3 3 0 1 1
22 9 21 8 3 3 0 1 1
22 9 24 8 3 3 0 1 1
22 9 27 8 3 3 0 1 1
22 12 0 8 3 3 0 1 1
22 12 3 8 3 3 0 1 1
22 12 6 8 3 3 0 1 1
22 12 9 8 3 3 0 1 1
22 12 12 8 3 3 0 1 1
22 12 15 8 3 3 0 1 1
22 12 18 8 3 3 0 1 1
22 12 21 8 3 3 0 1 1
22 12 24 8 3 3 0 1 1
22 12 27 8 3 3 0 1 1
16 0 0 6 13 14 2 20 1
16 0 14 6 13 14 2 20 1
0 15 0 8 3 3 0 1 2
0 15 3 8 3 3 0 1 2
0 15 6 8 3 3 0 1 2
0 15 9 8 3 3 0 1 2
0 15 12 8 3 3 0 1 2
0 15 15 8 3 3 0 1 2
0 15 18 8 3 3 0 1 2
0 15 21 8 3 3 0 1 2
0 15 24 8 3 3 0 1 2
0 15 27 8 3 3 0 1 2
0 18 0 8 3 3 0 1 2
0 21 0 8 3 3 0 1 2
0 24 0 8 3 3 0 1 2
0 27 0 8 3 3 0 1 2
0 18 3 4 4 13 1 1 2
0 18 16 4 4 13 1 1 2
0 22 3 4 4 13 1 1 2
0 22 16 4 4 13 1 1 2
0 26 3 4 4 13 1 1 2
0 26 16 4 4 13 1 1 2
4 18 3 4 4 13 1 1 2
4 18 16 4 4 13 1 1 2
4 22 3 4 4 13 1 1 2
4 22 16 4 4 13 1 1 2
4 26 3 4 4 13 1 1 2
4 26 16 4 4 13 1 1 2
8 15 0 6 13 14 2 20 2
8 15 14 6 13 14 2 20 2
22 15 0 8 3 3 0 1 3
22 15 3 8 3 3 0 1 3
22 15 6 8 3 3 0 1 3
22 15 9 8 3 3 0 1 3
22 15 12 8 3 3 0 1 3
22 15 15 8 3 3 0 1 3
22 15 18 8 3 3 0 1 3
22 15 21 8 3 3 0 1 3
22 15 24 8 3 3 0 1 3
22 15 27 8 3 3 0 1 3
22 18 0 8 3 3 0 1 3
22 18 3 8 3 3 0 1 3
22 18 6 8 3 3 0 1 3
22 18 9 8 3 3 0 1 3
22 18 12 8 3 3 0 1 3
22 18 15 8 3 3 0 1 3
22 18 18 8 3 3 0 1 3
22 18 21 8 3 3 0 1 3
22 18 24 8 3 3 0 1 3
22 18 27 8 3 3 0 1 3
22 21 0 8 3 3 0 1 3
22 21 3 8 3 3 0 1 3
22 21 6 8 3 3 0 1 3
22 21 9 8 3 3 0 1 3
22 21 12 8 3 3 0 1 3
22 21 15 8 3 3 0 1 3
22 21 18 8 3 3 0 1 3
22 21 21 8 3 3 0 1 3
22 21 24 8 3 3 0 1 3
22 21 27 8 3 3 0 1 3
22 24 0 8 3 3 0 1 3
22 24 3 8 3 3 0 1 3
22 24 6 8 3 3 0 1 3
22 24 9 8 3 3 0 1 3
22 24 12 8 3 3 0 1 3
22 24 15 8 3 3 0 1 3
22 24 18 8 3 3 0 1 3
22 24 21 8 3 3 0 1 3
22 24 24 8 3 3 0 1 3
22 24 27 8 3 3 0 1 3
22 27 0 8 3 3 0 1 3
22 27 3 8 3 3 0 1 3
22 27 6 8 3 3 0 1 3
22 27 9 8 3 3 0 1 3
22 27 12 8 3 3 0 1 3
22 27 15 8 3 3 0 1 3
22 27 18 8 3 3 0 1 3
22 27 21 8 3 3 0 1 3
22 27 24 8 3 3 0 1 3
22 27 27 8 3 3 0 1 3
16 15 0 6 13 14 2 20 3
16 15 14 6 13 14 2 20 3
