8
8 12 8
8 12 8
8 8 6
8 8 6
8 12 8
8 12 8
8 8 6
8 8 6
0 0 6 6 3 2 1 1 0
0 3 0 6 3 2 1 1 0
0 6 4 6 3 2 1 1 0
0 0 2 8 3 2 3 1 0
0 3 2 8 3 2 3 1 0
0 3 4 8 3 2 3 1 0
0 3 6 8 3 2 3 1 0
0 6 0 8 3 2 3 1 0
0 6 6 8 3 2 3 1 0
0 9 2 8 3 2 3 1 0
0 0 0 4 3 2 4 1 0
0 0 4 4 3 2 4 1 0
0 6 2 4 3 2 4 1 0
0 9 0 4 3 2 4 1 0
0 9 4 4 3 2 4 1 0
0 9 6 4 3 2 4 1 0
4 0 0 4 3 2 4 1 0
4 0 4 4 3 2 4 1 0
4 6 2 4 3 2 4 1 0
4 9 0 4 3 2 4 1 0
4 9 4 4 3 2 4 1 0
4 9 6 4 3 2 4 1 0
8 0 2 6 4 3 2 1 1
8 0 5 6 4 3 2 1 1
8 4 2 6 4 3 2 1 1
8 4 5 6 4 3 2 1 1
8 8 2 6 4 3 2 1 1
8 8 5 6 4 3 2 1 1
8 3 0 8 3 2 3 1 1
8 9 0 8 3 2 3 1 1
8 0 0 4 3 2 4 1 1
8 6 0 4 3 2 4 1 1
12 0 0 4 3 2 4 1 1
12 6 0 4 3 2 4 1 1
0 12 3 6 4 3 2 1 2
0 16 0 6 4 3 2 1 2
0 16 3 6 4 3 2 1 2
0 12 0 4 4 3 5 1 2
4 12 0 4 4 3 5 1 2
8 12 0 6 4 3 2 1 3
8 12 3 6 4 3 2 1 3
8 16 0 6 4 3 2 1 3
8 16 3 6 4 3 2 1 3
0 23 3 6 3 2 1 1 4
0 26 3 6 3 2 1 1 4
0 24 5 6 4 3 2 1 4
0 28 0 6 4 3 2 1 4
0 28 5 6 4 3 2 1 4
0 29 3 8 3 2 3 1 4
0 20 3 4 3 2 4 1 4
4 20 3 4 3 2 4 1 4
0 20 0 4 4 3 5 1 4
0 20 5 4 4 3 5 1 4
0 24 0 4 4 3 5 1 4
4 20 0 4 4 3 5 1 4
4 20 5 4 4 3 5 1 4
4 24 0 4 4 3 5 1 4
8 23 0 6 3 2 1 1 5
8 23 4 6 3 2 1 1 5
8 23 6 6 3 2 1 1 5
8 26 0 6 3 2 1 1 5
8 26 6 6 3 2 1 1 5
8 20 0 8 3 2 3 1 5
8 20 2 8 3 2 3 1 5
8 20 4 8 3 2 3 1 5
8 20 6 8 3 2 3 1 5
8 23 2 8 3 2 3 1 5
8 26 2 8 3 2 3 1 5
8 26 4 8 3 2 3 1 5
8 29 0 8 3 2 3 1 5
8 29 4 8 3 2 3 1 5
8 29 6 8 3 2 3 1 5
8 29 2 4 3 2 4 1 5
12 29 2 4 3 2 4 1 5
0 32 3 6 4 3 2 1 6
0 32 0 4 4 3 5 1 6
0 36 0 4 4 3 5 1 6
0 36 3 4 4 3 5 1 6
4 32 0 4 4 3 5 1 6
4 36 0 4 4 3 5 1 6
4 36 3 4 4 3 5 1 6
8 36 0 6 4 3 2 1 7
8 32 0 4 4 3 5 1 7
8 32 3 4 4 3 5 1 7
8 36 3 4 4 3 5 1 7
12 32 0 4 4 3 5 1 7
12 32 3 4 4 3 5 1 7
12 36 3 4 4 3 5 1 7
