4
15 15 30
15 15 30
15 15 30
15 15 30
0 0 10 7 5 5 1 1 0
0 0 15 7 5 5 1 1 0
0 0 20 7 5 5 1 1 0
0 0 25 7 5 5 1 1 0
0 5 10 7 5 5 1 1 0
0 5 15 7 5 5 1 1 0
0 5 20 7 5 5 1 1 0
0 5 25 7 5 5 1 1 0
0 10 10 7 5 5 1 1 0
0 10 15 7 5 5 1 1 0
0 10 20 7 5 5 1 1 0
0 10 25 7 5 5 1 1 0
8 0 10 7 5 5 1 1 0
8 0 15 7 5 5 1 1 0
8 0 20 7 5 5 1 1 0
8 0 25 7 5 5 1 1 0
8 5 10 7 5 5 1 1 0
8 5 15 7 5 5 1 1 0
8 5 20 7 5 5 1 1 0
8 5 25 7 5 5 1 1 0
8 10 10 7 5 5 1 1 0
8 10 15 7 5 5 1 1 0
8 10 20 7 5 5 1 1 0
8 10 25 7 5 5 1 1 0
0 0 0 5 3 10 2 1 0
0 3 0 5 3 10 2 1 0
0 6 0 5 3 10 2 1 0
0 9 0 5 3 10 2 1 0
0 12 0 5 3 10 2 1 0
5 0 0 5 3 10 2 1 0
5 3 0 5 3 10 2 1 0
5 6 0 5 3 10 2 1 0
5 9 0 5 3 10 2 1 0
5 12 0 5 3 10 2 1 0
10 0 0 5 3 10 2 1 0
10 3 0 5 3 10 2 1 0
10 6 0 5 3 10 2 1 0
10 9 0 5 3 10 2 1 0
10 12 0 5 3 10 2 1 0
15 0 0 7 5 5 1 1 1
15 0 5 7 5 5 1 1 1
15 0 10 7 5 5 1 1 1
15 0 15 7 5 5 1 1 1
15 0 20 7 5 5 1 1 1
15 0 25 7 5 5 1 1 1
15 5 12 7 5 5 1 1 1
15 10 12 7 5 5 1 1 1
23 0 0 7 5 5 1 1 1
23 0 5 7 5 5 1 1 1
23 0 10 7 5 5 1 1 1
23 0 15 7 5 5 1 1 1
23 0 20 7 5 5 1 1 1
23 0 25 7 5 5 1 1 1
23 5 12 7 5 5 1 1 1
23 10 13 7 5 5 1 1 1
15 5 0 3 10 12 3 1 1
15 5 18 3 10 12 3 1 1
18 5 0 3 10 12 3 1 1
18 5 18 3 10 12 3 1 1
21 5 0 3 10 12 3 1 1
21 5 18 3 10 12 3 1 1
24 5 0 3 10 12 3 1 1
24 5 18 3 10 12 3 1 1
27 5 0 3 10 12 3 1 1
27 5 18 3 10 12 3 1 1
0 15 10 7 5 5 1 1 2
0 15 15 7 5 5 1 1 2
0 15 20 7 5 5 1 1 2
0 15 25 7 5 5 1 1 2
0 20 10 7 5 5 1 1 2
0 20 15 7 5 5 1 1 2
0 20 20 7 5 5 1 1 2
0 20 25 7 5 5 1 1 2
0 25 10 7 5 5 1 1 2
0 25 15 7 5 5 1 1 2
0 25 20 7 5 5 1 1 2
0 25 25 7 5 5 1 1 2
8 15 10 7 5 5 1 1 2
8 15 15 7 5 5 1 1 2
8 15 20 7 5 5 1 1 2
8 15 25 7 5 5 1 1 2
8 20 10 7 5 5 1 1 2
8 20 15 7 5 5 1 1 2
8 20 20 7 5 5 1 1 2
8 20 25 7 5 5 1 1 2
8 25 10 7 5 5 1 1 2
8 25 15 7 5 5 1 1 2
8 25 20 7 5 5 1 1 2
8 25 25 7 5 5 1 1 2
0 15 0 5 3 10 2 1 2
0 18 0 5 3 10 2 1 2
0 21 0 5 3 10 2 1 2
0 24 0 5 3 10 2 1 2
0 27 0 5 3 10 2 1 2
5 15 0 5 3 10 2 1 2
5 18 0 5 3 10 2 1 2
5 21 0 5 3 10 2 1 2
5 24 0 5 3 10 2 1 2
5 27 0 5 3 10 2 1 2
10 15 0 5 3 10 2 1 2
10 18 0 5 3 10 2 1 2
10 21 0 5 3 10 2 1 2
10 24 0 5 3 10 2 1 2
10 27 0 5 3 10 2 1 2
15 15 0 7 5 5 1 1 3
15 15 5 7 5 5 1 1 3
15 15 10 7 5 5 1 1 3
15 15 15 7 5 5 1 1 3
15 15 20 7 5 5 1 1 3
15 15 25 7 5 5 1 1 3
15 20 0 7 5 5 1 1 3
15 20 5 7 5 5 1 1 3
15 20 10 7 5 5 1 1 3
15 20 15 7 5 5 1 1 3
15 20 20 7 5 5 1 1 3
15 20 25 7 5 5 1 1 3
15 25 0 7 5 5 1 1 3
15 25 5 7 5 5 1 1 3
15 25 10 7 5 5 1 1 3
15 25 15 7 5 5 1 1 3
15 25 20 7 5 5 1 1 3
15 25 25 7 5 5 1 1 3
23 15 0 7 5 5 1 1 3
23 15 5 7 5 5 1 1 3
23 15 10 7 5 5 1 1 3
23 15 15 7 5 5 1 1 3
23 15 20 7 5 5 1 1 3
23 15 25 7 5 5 1 1 3
23 20 0 7 5 5 1 1 3
23 20 5 7 5 5 1 1 3
23 20 10 7 5 5 1 1 3
23 20 15 7 5 5 1 1 3
23 20 20 7 5 5 1 1 3
23 20 25 7 5 5 1 1 3
23 25 0 7 5 5 1 1 3
23 25 5 7 5 5 1 1 3
23 25 10 7 5 5 1 1 3
23 25 15 7 5 5 1 1 3
23 25 20 7 5 5 1 1 3
23 25 25 7 5 5 1 1 3
