4
15 15 30
15 15 30
15 15 30
15 15 30
0 0 0 8 11 10 1 1 0
0 0 10 8 11 10 1 1 0
0 0 20 8 11 10 1 1 0
0 11 0 3 4 13 2 1 0
0 11 15 3 4 13 2 1 0
3 11 15 3 4 13 2 1 0
7 11 5 3 4 13 2 1 0
8 0 0 7 9 10 3 1 0
8 0 10 7 9 10 3 1 0
8 6 20 7 9 10 3 1 0
10 0 20 5 6 5 4 1 0
10 0 25 5 6 5 4 1 0
10 9 0 5 6 5 4 1 0
10 9 5 5 6 5 4 1 0
10 9 10 5 6 5 4 1 0
10 9 15 5 6 5 4 1 0
15 4 10 8 11 10 1 1 1
15 4 20 8 11 10 1 1 1
22 0 0 8 11 10 1 1 1
15 0 0 3 4 13 2 1 1
15 0 15 3 4 13 2 1 1
18 0 0 3 4 13 2 1 1
20 0 15 3 4 13 2 1 1
24 11 0 3 4 13 2 1 1
27 11 0 3 4 13 2 1 1
15 6 0 7 9 10 3 1 1
23 0 10 7 9 10 3 1 1
23 0 20 7 9 10 3 1 1
25 9 15 5 6 5 4 1 1
25 9 20 5 6 5 4 1 1
25 9 25 5 6 5 4 1 1
0 15 0 8 11 10 1 1 2
7 19 10 8 11 10 1 1 2
7 19 20 8 11 10 1 1 2
0 26 0 3 4 13 2 1 2
3 26 0 3 4 13 2 1 2
9 15 0 3 4 13 2 1 2
12 15 0 3 4 13 2 1 2
12 15 15 3 4 13 2 1 2
0 15 10 7 9 10 3 1 2
0 15 20 7 9 10 3 1 2
8 21 0 7 9 10 3 1 2
0 24 15 5 6 5 4 1 2
0 24 20 5 6 5 4 1 2
0 24 25 5 6 5 4 1 2
15 15 20 8 11 10 1 1 3
22 15 0 8 11 10 1 1 3
22 15 10 8 11 10 1 1 3
15 26 15 3 4 13 2 1 3
18 26 15 3 4 13 2 1 3
21 26 0 3 4 13 2 1 3
21 26 15 3 4 13 2 1 3
24 26 5 3 4 13 2 1 3
27 26 0 3 4 13 2 1 3
15 15 0 7 9 10 3 1 3
15 15 10 7 9 10 3 1 3
23 15 20 7 9 10 3 1 3
15 24 0 5 6 5 4 1 3
15 24 5 5 6 5 4 1 3
15 24 10 5 6 5 4 1 3
25 24 20 5 6 5 4 1 3
25 24 25 5 6 5 4 1 3
