4
15 15 30
15 15 30
15 15 30
15 15 30
0 0 0 8 3 3 1 1 0
0 0 3 8 3 3 1 1 0
0 0 6 8 3 3 1 1 0
0 0 9 8 3 3 1 1 0
0 0 12 8 3 3 1 1 0
0 0 15 8 3 3 1 1 0
0 0 18 8 3 3 1 1 0
0 0 21 8 3 3 1 1 0
0 0 24 8 3 3 1 1 0
0 0 27 8 3 3 1 1 0
0 3 14 8 3 3 1 1 0
0 6 13 8 3 3 1 1 0
0 9 13 8 3 3 1 1 0
0 12 0 8 3 3 1 1 0
0 12 3 8 3 3 1 1 0
0 12 6 8 3 3 1 1 0
0 12 9 8 3 3 1 1 0
0 12 12 8 3 3 1 1 0
0 12 15 8 3 3 1 1 0
0 12 18 8 3 3 1 1 0
0 12 21 8 3 3 1 1 0
0 12 24 8 3 3 1 1 0
0 12 27 8 3 3 1 1 0
9 0 0 6 13 14 2 1 0
9 0 16 6 13 14 2 1 0
0 3 0 9 9 13 4 1 0
0 3 17 9 9 13 4 1 0
15 0 0 8 3 3 1 1 1
15 0 3 8 3 3 1 1 1
15 0 6 8 3 3 1 1 1
15 0 9 8 3 3 1 1 1
15 0 12 8 3 3 1 1 1
15 0 15 8 3 3 1 1 1
15 0 18 8 3 3 1 1 1
15 0 21 8 3 3 1 1 1
15 0 24 8 3 3 1 1 1
15 0 27 8 3 3 1 1 1
15 3 0 8 3 3 1 1 1
15 3 3 8 3 3 1 1 1
15 3 6 8 3 3 1 1 1
15 3 9 8 3 3 1 1 1
15 3 12 8 3 3 1 1 1
15 3 15 8 3 3 1 1 1
15 3 18 8 3 3 1 1 1
15 3 21 8 3 3 1 1 1
15 3 24 8 3 3 1 1 1
15 3 27 8 3 3 1 1 1
15 6 0 8 3 3 1 1 1
15 6 3 8 3 3 1 1 1
15 6 6 8 3 3 1 1 1
15 6 9 8 3 3 1 1 1
15 6 12 8 3 3 1 1 1
15 6 15 8 3 3 1 1 1
15 6 18 8 3 3 1 1 1
15 6 21 8 3 3 1 1 1
15 6 24 8 3 3 1 1 1
15 6 27 8 3 3 1 1 1
15 9 0 8 3 3 1 1 1
15 9 3 8 3 3 1 1 1
15 9 6 8 3 3 1 1 1
15 9 9 8 3 3 1 1 1
15 9 12 8 3 3 1 1 1
15 9 15 8 3 3 1 1 1
15 9 18 8 3 3 1 1 1
15 9 21 8 3 3 1 1 1
15 9 24 8 3 3 1 1 1
15 9 27 8 3 3 1 1 1
15 12 0 8 3 3 1 1 1
15 12 3 8 3 3 1 1 1
15 12 6 8 3 3 1 1 1
15 12 9 8 3 3 1 1 1
15 12 12 8 3 3 1 1 1
15 12 15 8 3 3 1 1 1
15 12 18 8 3 3 1 1 1
15 12 21 8 3 3 1 1 1
15 12 24 8 3 3 1 1 1
15 12 27 8 3 3 1 1 1
24 0 0 6 13 14 2 1 1
24 0 16 6 13 14 2 1 1
6 15 0 8 3 3 1 1 2
6 15 3 8 3 3 1 1 2
6 15 6 8 3 3 1 1 2
6 15 9 8 3 3 1 1 2
6 15 12 8 3 3 1 1 2
6 15 15 8 3 3 1 1 2
6 15 18 8 3 3 1 1 2
6 15 21 8 3 3 1 1 2
6 15 24 8 3 3 1 1 2
6 15 27 8 3 3 1 1 2
6 18 0 8 3 3 1 1 2
6 18 3 8 3 3 1 1 2
6 18 6 8 3 3 1 1 2
6 18 9 8 3 3 1 1 2
6 18 12 8 3 3 1 1 2
6 18 15 8 3 3 1 1 2
6 18 18 8 3 3 1 1 2
6 18 21 8 3 3 1 1 2
6 18 24 8 3 3 1 1 2
6 18 27 8 3 3 1 1 2
6 21 0 8 3 3 1 1 2
6 21 3 8 3 3 1 1 2
6 21 6 8 3 3 1 1 2
6 21 9 8 3 3 1 1 2
6 21 12 8 3 3 1 1 2
6 21 15 8 3 3 1 1 2
6 21 18 8 3 3 1 1 2
6 21 21 8 3 3 1 1 2
6 21 24 8 3 3 1 1 2
6 21 27 8 3 3 1 1 2
6 24 0 8 3 3 1 1 2
6 24 3 8 3 3 1 1 2
6 24 6 8 3 3 1 1 2
6 24 9 8 3 3 1 1 2
6 24 12 8 3 3 1 1 2
6 24 15 8 3 3 1 1 2
6 24 18 8 3 3 1 1 2
6 24 21 8 3 3 1 1 2
6 24 24 8 3 3 1 1 2
6 24 27 8 3 3 1 1 2
6 27 0 8 3 3 1 1 2
6 27 3 8 3 3 1 1 2
6 27 6 8 3 3 1 1 2
6 27 9 8 3 3 1 1 2
6 27 12 8 3 3 1 1 2
6 27 15 8 3 3 1 1 2
6 27 18 8 3 3 1 1 2
6 27 21 8 3 3 1 1 2
6 27 24 8 3 3 1 1 2
6 27 27 8 3 3 1 1 2
0 15 0 6 13 14 2 1 2
0 15 16 6 13 14 2 1 2
15 15 0 8 3 3 1 1 3
15 15 3 8 3 3 1 1 3
15 15 6 8 3 3 1 1 3
15 15 9 8 3 3 1 1 3
15 15 12 8 3 3 1 1 3
15 18 0 8 3 3 1 1 3
15 18 3 8 3 3 1 1 3
15 18 6 8 3 3 1 1 3
15 18 9 8 3 3 1 1 3
15 18 12 8 3 3 1 1 3
15 21 0 8 3 3 1 1 3
15 21 3 8 3 3 1 1 3
15 21 6 8 3 3 1 1 3
15 21 9 8 3 3 1 1 3
15 21 12 8 3 3 1 1 3
15 24 0 8 3 3 1 1 3
15 24 3 8 3 3 1 1 3
15 24 6 8 3 3 1 1 3
15 24 9 8 3 3 1 1 3
15 24 12 8 3 3 1 1 3
15 27 0 8 3 3 1 1 3
15 27 3 8 3 3 1 1 3
15 27 6 8 3 3 1 1 3
15 27 9 8 3 3 1 1 3
15 27 12 8 3 3 1 1 3
21 15 15 8 3 3 1 1 3
21 15 18 8 3 3 1 1 3
21 15 21 8 3 3 1 1 3
21 15 24 8 3 3 1 1 3
21 15 27 8 3 3 1 1 3
21 18 15 8 3 3 1 1 3
21 18 18 8 3 3 1 1 3
21 18 21 8 3 3 1 1 3
21 18 24 8 3 3 1 1 3
21 18 27 8 3 3 1 1 3
21 21 15 8 3 3 1 1 3
21 21 18 8 3 3 1 1 3
21 21 21 8 3 3 1 1 3
21 21 24 8 3 3 1 1 3
21 21 27 8 3 3 1 1 3
21 24 15 8 3 3 1 1 3
21 24 18 8 3 3 1 1 3
21 24 21 8 3 3 1 1 3
21 24 24 8 3 3 1 1 3
21 24 27 8 3 3 1 1 3
21 27 15 8 3 3 1 1 3
21 27 18 8 3 3 1 1 3
21 27 21 8 3 3 1 1 3
21 27 24 8 3 3 1 1 3
21 27 27 8 3 3 1 1 3
15 15 16 6 13 14 2 1 3
24 15 0 6 13 14 2 1 3
