4
10 10 20
10 10 20
10 10 20
10 10 20
0 6 0 2 4 2 0 1 0
0 6 2 2 4 2 0 1 0
0 6 4 2 4 2 0 1 0
0 6 6 2 4 2 0 1 0
0 6 8 2 4 2 0 1 0
0 6 10 2 4 2 0 1 0
0 6 12 2 4 2 0 1 0
0 6 14 2 4 2 0 1 0
0 6 16 2 4 2 0 1 0
0 6 18 2 4 2 0 1 0
2 6 0 2 4 2 0 1 0
2 6 2 2 4 2 0 1 0
2 6 4 2 4 2 0 1 0
2 6 6 2 4 2 0 1 0
2 6 8 2 4 2 0 1 0
2 6 10 2 4 2 0 1 0
2 6 12 2 4 2 0 1 0
2 6 14 2 4 2 0 1 0
2 6 16 2 4 2 0 1 0
2 6 18 2 4 2 0 1 0
4 0 0 2 4 2 0 1 0
4 0 2 2 4 2 0 1 0
4 0 4 2 4 2 0 1 0
4 0 6 2 4 2 0 1 0
4 0 8 2 4 2 0 1 0
4 0 10 2 4 2 0 1 0
4 0 12 2 4 2 0 1 0
4 0 14 2 4 2 0 1 0
4 0 16 2 4 2 0 1 0
4 0 18 2 4 2 0 1 0
6 6 0 2 4 2 0 1 0
6 6 2 2 4 2 0 1 0
6 6 4 2 4 2 0 1 0
6 6 6 2 4 2 0 1 0
6 6 8 2 4 2 0 1 0
6 6 10 2 4 2 0 1 0
6 6 12 2 4 2 0 1 0
6 6 14 2 4 2 0 1 0
6 6 16 2 4 2 0 1 0
6 6 18 2 4 2 0 1 0
8 0 0 2 4 2 0 1 0
8 0 2 2 4 2 0 1 0
8 0 4 2 4 2 0 1 0
8 0 6 2 4 2 0 1 0
8 0 8 2 4 2 0 1 0
8 0 10 2 4 2 0 1 0
8 0 12 2 4 2 0 1 0
8 0 14 2 4 2 0 1 0
8 0 16 2 4 2 0 1 0
8 0 18 2 4 2 0 1 0
0 3 0 2 3 4 3 11 0
0 3 4 2 3 4 3 11 0
0 3 8 2 3 4 3 11 0
0 3 12 2 3 4 3 11 0
0 3 16 2 3 4 3 11 0
2 3 0 2 3 4 3 11 0
2 3 4 2 3 4 3 11 0
2 3 8 2 3 4 3 11 0
2 3 12 2 3 4 3 11 0
2 3 16 2 3 4 3 11 0
4 4 0 2 3 4 3 11 0
4 4 4 2 3 4 3 11 0
4 4 8 2 3 4 3 11 0
4 4 12 2 3 4 3 11 0
4 4 16 2 3 4 3 11 0
4 7 0 2 3 4 3 11 0
4 7 4 2 3 4 3 11 0
4 7 8 2 3 4 3 11 0
4 7 12 2 3 4 3 11 0
4 7 16 2 3 4 3 11 0
6 0 0 2 3 4 3 11 0
6 0 4 2 3 4 3 11 0
6 0 8 2 3 4 3 11 0
6 0 12 2 3 4 3 11 0
6 0 16 2 3 4 3 11 0
6 3 0 2 3 4 3 11 0
6 3 4 2 3 4 3 11 0
6 3 8 2 3 4 3 11 0
6 3 12 2 3 4 3 11 0
6 3 16 2 3 4 3 11 0
8 4 0 2 3 4 3 11 0
8 4 4 2 3 4 3 11 0
8 4 8 2 3 4 3 11 0
8 4 12 2 3 4 3 11 0
8 4 16 2 3 4 3 11 0
8 7 0 2 3 4 3 11 0
8 7 4 2 3 4 3 11 0
8 7 8 2 3 4 3 11 0
8 7 12 2 3 4 3 11 0
8 7 16 2 3 4 3 11 0
0 0 0 4 3 5 4 14 0
0 0 5 4 3 5 4 14 0
0 0 10 4 3 5 4 14 0
0 0 15 4 3 5 4 14 0
18 0 18 2 4 2 0 1 1
18 4 18 2 4 2 0 1 1
16 0 18 2 4 2 0 1 1
16 4 18 2 4 2 0 1 1
14 0 18 2 4 2 0 1 1
14 4 18 2 4 2 0 1 1
12 0 18 2 4 2 0 1 1
12 4 18 2 4 2 0 1 1
10 0 18 2 4 2 0 1 1
10 4 18 2 4 2 0 1 1
15 0 0 5 5 6 1 2 1
15 0 6 5 5 6 1 2 1
15 0 12 5 5 6 1 2 1
15 5 0 5 5 6 1 2 1
15 5 6 5 5 6 1 2 1
15 5 12 5 5 6 1 2 1
10 0 0 5 5 6 1 2 1
10 0 6 5 5 6 1 2 1
10 0 12 5 5 6 1 2 1
10 5 0 5 5 6 1 2 1
10 5 6 5 5 6 1 2 1
10 5 12 5 5 6 1 2 1
0 10 18 2 4 2 0 1 2
0 14 18 2 4 2 0 1 2
2 10 18 2 4 2 0 1 2
2 14 18 2 4 2 0 1 2
4 10 18 2 4 2 0 1 2
4 14 18 2 4 2 0 1 2
6 10 18 2 4 2 0 1 2
6 14 18 2 4 2 0 1 2
8 10 18 2 4 2 0 1 2
8 14 18 2 4 2 0 1 2
0 10 0 5 5 6 1 2 2
0 10 6 5 5 6 1 2 2
0 10 12 5 5 6 1 2 2
0 15 0 5 5 6 1 2 2
0 15 6 5 5 6 1 2 2
0 15 12 5 5 6 1 2 2
5 10 0 5 5 6 1 2 2
5 10 6 5 5 6 1 2 2
5 10 12 5 5 6 1 2 2
5 15 0 5 5 6 1 2 2
5 15 6 5 5 6 1 2 2
5 15 12 5 5 6 1 2 2
18 10 18 2 4 2 0 1 3
18 14 18 2 4 2 0 1 3
16 10 18 2 4 2 0 1 3
16 14 18 2 4 2 0 1 3
14 10 18 2 4 2 0 1 3
14 14 18 2 4 2 0 1 3
12 10 18 2 4 2 0 1 3
12 14 18 2 4 2 0 1 3
10 10 18 2 4 2 0 1 3
15 10 0 5 5 6 1 2 3
15 10 6 5 5 6 1 2 3
15 10 12 5 5 6 1 2 3
15 15 0 5 5 6 1 2 3
15 15 6 5 5 6 1 2 3
15 15 12 5 5 6 1 2 3
10 10 0 5 5 6 1 2 3
10 10 6 5 5 6 1 2 3
10 10 12 5 5 6 1 2 3
10 15 0 5 5 6 1 2 3
10 15 6 5 5 6 1 2 3
10 15 12 5 5 6 1 2 3
