4
10 10 20
10 10 20
10 10 20
10 10 20
0 0 8 2 6 3 1 0 0
0 0 11 2 6 3 1 0 0
0 0 14 2 6 3 1 0 0
0 0 17 2 6 3 1 0 0
2 0 8 2 6 3 1 0 0
2 0 11 2 6 3 1 0 0
2 0 14 2 6 3 1 0 0
2 0 17 2 6 3 1 0 0
4 0 8 2 6 3 1 0 0
4 0 11 2 6 3 1 0 0
4 0 14 2 6 3 1 0 0
4 0 17 2 6 3 1 0 0
6 0 8 2 6 3 1 0 0
6 0 11 2 6 3 1 0 0
6 0 14 2 6 3 1 0 0
6 0 17 2 6 3 1 0 0
8 0 0 2 6 3 1 0 0
8 0 3 2 6 3 1 0 0
8 0 6 2 6 3 1 0 0
8 0 9 2 6 3 1 0 0
8 0 12 2 6 3 1 0 0
8 0 15 2 6 3 1 0 0
0 6 8 8 2 4 2 1 0
0 6 12 8 2 4 2 1 0
0 6 16 8 2 4 2 1 0
0 8 8 8 2 4 2 1 0
0 8 12 8 2 4 2 1 0
0 8 16 8 2 4 2 1 0
0 0 0 8 5 8 3 10 0
0 5 0 8 5 8 3 10 0
18 4 8 2 6 3 1 0 1
18 4 11 2 6 3 1 0 1
18 4 14 2 6 3 1 0 1
18 4 17 2 6 3 1 0 1
16 4 8 2 6 3 1 0 1
16 4 11 2 6 3 1 0 1
16 4 14 2 6 3 1 0 1
16 4 17 2 6 3 1 0 1
14 4 8 2 6 3 1 0 1
14 4 11 2 6 3 1 0 1
14 4 14 2 6 3 1 0 1
14 4 17 2 6 3 1 0 1
12 4 8 2 6 3 1 0 1
12 4 11 2 6 3 1 0 1
12 4 14 2 6 3 1 0 1
12 4 17 2 6 3 1 0 1
10 0 0 2 6 3 1 0 1
10 0 3 2 6 3 1 0 1
10 0 6 2 6 3 1 0 1
10 0 9 2 6 3 1 0 1
10 0 12 2 6 3 1 0 1
10 0 15 2 6 3 1 0 1
12 0 8 8 2 4 2 1 1
12 0 12 8 2 4 2 1 1
12 0 16 8 2 4 2 1 1
12 2 8 8 2 4 2 1 1
12 2 12 8 2 4 2 1 1
12 2 16 8 2 4 2 1 1
12 0 0 8 5 8 3 10 1
12 5 0 8 5 8 3 10 1
8 10 0 2 6 3 1 0 2
8 10 3 2 6 3 1 0 2
8 10 6 2 6 3 1 0 2
8 10 9 2 6 3 1 0 2
8 10 12 2 6 3 1 0 2
8 10 15 2 6 3 1 0 2
0 10 8 8 2 4 2 1 2
0 10 12 8 2 4 2 1 2
0 10 16 8 2 4 2 1 2
0 12 8 8 2 4 2 1 2
0 12 12 8 2 4 2 1 2
0 12 16 8 2 4 2 1 2
0 14 8 8 2 4 2 1 2
0 14 12 8 2 4 2 1 2
0 14 16 8 2 4 2 1 2
0 16 8 8 2 4 2 1 2
0 16 12 8 2 4 2 1 2
0 16 16 8 2 4 2 1 2
0 18 8 8 2 4 2 1 2
0 18 12 8 2 4 2 1 2
0 18 16 8 2 4 2 1 2
0 10 0 8 5 8 3 10 2
0 15 0 8 5 8 3 10 2
18 10 8 2 6 3 1 0 3
18 10 11 2 6 3 1 0 3
18 10 14 2 6 3 1 0 3
18 10 17 2 6 3 1 0 3
16 10 8 2 6 3 1 0 3
16 10 11 2 6 3 1 0 3
16 10 14 2 6 3 1 0 3
16 10 17 2 6 3 1 0 3
14 10 8 2 6 3 1 0 3
14 10 11 2 6 3 1 0 3
14 10 14 2 6 3 1 0 3
14 10 17 2 6 3 1 0 3
12 10 8 2 6 3 1 0 3
12 10 11 2 6 3 1 0 3
12 10 14 2 6 3 1 0 3
12 10 17 2 6 3 1 0 3
10 10 0 2 6 3 1 0 3
10 10 3 2 6 3 1 0 3
10 10 6 2 6 3 1 0 3
10 10 9 2 6 3 1 0 3
10 10 12 2 6 3 1 0 3
10 10 15 2 6 3 1 0 3
12 16 8 8 2 4 2 1 3
12 16 12 8 2 4 2 1 3
12 16 16 8 2 4 2 1 3
12 18 8 8 2 4 2 1 3
12 18 12 8 2 4 2 1 3
12 18 16 8 2 4 2 1 3
12 10 0 8 5 8 3 10 3
12 15 0 8 5 8 3 10 3
