4
10 10 20
10 10 20
10 10 20
10 10 20
0 0 0 9 8 5 4 13 0
0 0 5 9 8 5 4 13 0
0 0 10 9 8 5 4 13 0
0 0 15 9 8 5 4 13 0
11 0 16 9 9 2 0 1 1
11 0 18 9 9 2 0 1 1
15 0 0 5 9 8 3 11 1
15 0 8 5 9 8 3 11 1
10 0 0 5 9 8 3 11 1
10 0 8 5 9 8 3 11 1
0 10 8 9 9 2 0 1 2
0 10 10 9 9 2 0 1 2
0 10 12 9 9 2 0 1 2
0 10 14 9 9 2 0 1 2
0 10 16 9 9 2 0 1 2
0 10 18 9 9 2 0 1 2
0 10 0 5 9 8 3 11 2
5 10 0 5 9 8 3 11 2
11 10 16 9 9 2 0 1 3
11 10 18 9 9 2 0 1 3
15 10 0 5 9 8 3 11 3
15 10 8 5 9 8 3 11 3
10 10 0 5 9 8 3 11 3
10 10 8 5 9 8 3 11 3
