4
10 10 20
10 10 20
10 10 20
10 10 20
0 0 0 5 3 5 0 0 0
0 0 5 5 3 5 0 0 0
0 0 10 5 3 5 0 0 0
0 0 15 5 3 5 0 0 0
0 3 0 5 3 5 0 0 0
0 3 5 5 3 5 0 0 0
0 3 10 5 3 5 0 0 0
0 3 15 5 3 5 0 0 0
5 0 0 5 3 5 0 0 0
5 0 5 5 3 5 0 0 0
5 0 10 5 3 5 0 0 0
5 0 15 5 3 5 0 0 0
5 3 0 5 3 5 0 0 0
5 3 5 5 3 5 0 0 0
5 3 10 5 3 5 0 0 0
5 3 15 5 3 5 0 0 0
0 6 0 9 4 5 3 9 0
0 6 5 9 4 5 3 9 0
0 6 10 9 4 5 3 9 0
0 6 15 9 4 5 3 9 0
11 4 0 9 2 6 1 4 1
11 4 6 9 2 6 1 4 1
11 4 12 9 2 6 1 4 1
11 6 0 9 2 6 1 4 1
11 6 6 9 2 6 1 4 1
11 6 12 9 2 6 1 4 1
11 8 0 9 2 6 1 4 1
11 8 6 9 2 6 1 4 1
11 8 12 9 2 6 1 4 1
11 0 0 9 4 5 3 9 1
11 0 5 9 4 5 3 9 1
11 0 10 9 4 5 3 9 1
11 0 15 9 4 5 3 9 1
0 10 0 5 3 5 0 0 2
0 10 5 5 3 5 0 0 2
0 10 10 5 3 5 0 0 2
0 10 15 5 3 5 0 0 2
0 13 0 5 3 5 0 0 2
0 13 5 5 3 5 0 0 2
0 13 10 5 3 5 0 0 2
0 13 15 5 3 5 0 0 2
5 10 0 5 3 5 0 0 2
5 10 5 5 3 5 0 0 2
5 10 10 5 3 5 0 0 2
5 10 15 5 3 5 0 0 2
5 13 0 5 3 5 0 0 2
5 13 5 5 3 5 0 0 2
5 13 10 5 3 5 0 0 2
5 13 15 5 3 5 0 0 2
0 16 0 9 2 6 1 4 2
0 16 6 9 2 6 1 4 2
0 16 12 9 2 6 1 4 2
0 18 0 9 2 6 1 4 2
0 18 6 9 2 6 1 4 2
0 18 12 9 2 6 1 4 2
11 10 0 9 2 6 1 4 3
11 10 6 9 2 6 1 4 3
11 10 12 9 2 6 1 4 3
11 12 0 9 2 6 1 4 3
11 12 6 9 2 6 1 4 3
11 12 12 9 2 6 1 4 3
11 14 0 9 2 6 1 4 3
11 14 6 9 2 6 1 4 3
11 14 12 9 2 6 1 4 3
11 16 0 9 2 6 1 4 3
11 16 6 9 2 6 1 4 3
11 16 12 9 2 6 1 4 3
11 18 0 9 2 6 1 4 3
11 18 6 9 2 6 1 4 3
11 18 12 9 2 6 1 4 3
