4
10 10 20
10 10 20
10 10 20
10 10 20
4 0 4 4 4 2 1 2 0
4 0 6 4 4 2 1 2 0
4 0 8 4 4 2 1 2 0
4 0 10 4 4 2 1 2 0
4 0 12 4 4 2 1 2 0
4 0 14 4 4 2 1 2 0
4 0 16 4 4 2 1 2 0
4 0 18 4 4 2 1 2 0
4 4 4 4 4 2 1 2 0
4 4 6 4 4 2 1 2 0
4 4 8 4 4 2 1 2 0
4 4 10 4 4 2 1 2 0
4 4 12 4 4 2 1 2 0
4 4 14 4 4 2 1 2 0
4 4 16 4 4 2 1 2 0
4 4 18 4 4 2 1 2 0
0 0 0 2 8 4 4 7 0
0 0 4 2 8 4 4 7 0
0 0 8 2 8 4 4 7 0
0 0 12 2 8 4 4 7 0
0 0 16 2 8 4 4 7 0
2 0 0 2 8 4 4 7 0
2 0 4 2 8 4 4 7 0
2 0 8 2 8 4 4 7 0
2 0 12 2 8 4 4 7 0
2 0 16 2 8 4 4 7 0
4 0 0 2 8 4 4 7 0
6 0 0 2 8 4 4 7 0
8 0 0 2 8 4 4 7 0
8 0 4 2 8 4 4 7 0
8 0 8 2 8 4 4 7 0
8 0 12 2 8 4 4 7 0
8 0 16 2 8 4 4 7 0
16 0 12 4 4 2 1 2 1
16 0 14 4 4 2 1 2 1
16 0 16 4 4 2 1 2 1
16 0 18 4 4 2 1 2 1
16 4 12 4 4 2 1 2 1
16 4 14 4 4 2 1 2 1
16 4 16 4 4 2 1 2 1
16 4 18 4 4 2 1 2 1
14 0 0 4 4 2 1 2 1
14 0 2 4 4 2 1 2 1
14 0 4 4 4 2 1 2 1
14 0 6 4 4 2 1 2 1
14 0 8 4 4 2 1 2 1
14 0 10 4 4 2 1 2 1
14 4 0 4 4 2 1 2 1
14 4 2 4 4 2 1 2 1
14 4 4 4 4 2 1 2 1
14 4 6 4 4 2 1 2 1
14 4 8 4 4 2 1 2 1
14 4 10 4 4 2 1 2 1
12 0 12 4 4 2 1 2 1
12 0 14 4 4 2 1 2 1
12 0 16 4 4 2 1 2 1
12 0 18 4 4 2 1 2 1
12 4 12 4 4 2 1 2 1
12 4 14 4 4 2 1 2 1
12 4 16 4 4 2 1 2 1
12 4 18 4 4 2 1 2 1
18 0 0 2 8 4 4 7 1
18 0 4 2 8 4 4 7 1
18 0 8 2 8 4 4 7 1
12 0 0 2 8 4 4 7 1
12 0 4 2 8 4 4 7 1
12 0 8 2 8 4 4 7 1
10 0 0 2 8 4 4 7 1
10 0 4 2 8 4 4 7 1
10 0 8 2 8 4 4 7 1
10 0 12 2 8 4 4 7 1
10 0 16 2 8 4 4 7 1
2 10 8 4 4 2 1 2 2
2 10 10 4 4 2 1 2 2
2 10 12 4 4 2 1 2 2
2 10 14 4 4 2 1 2 2
2 10 16 4 4 2 1 2 2
2 10 18 4 4 2 1 2 2
2 14 8 4 4 2 1 2 2
2 14 10 4 4 2 1 2 2
2 14 12 4 4 2 1 2 2
2 14 14 4 4 2 1 2 2
2 14 16 4 4 2 1 2 2
2 14 18 4 4 2 1 2 2
4 10 4 4 4 2 1 2 2
4 10 6 4 4 2 1 2 2
4 14 4 4 4 2 1 2 2
4 14 6 4 4 2 1 2 2
6 10 8 4 4 2 1 2 2
6 10 10 4 4 2 1 2 2
6 10 12 4 4 2 1 2 2
6 10 14 4 4 2 1 2 2
6 10 16 4 4 2 1 2 2
6 10 18 4 4 2 1 2 2
6 14 8 4 4 2 1 2 2
6 14 10 4 4 2 1 2 2
6 14 12 4 4 2 1 2 2
6 14 14 4 4 2 1 2 2
6 14 16 4 4 2 1 2 2
6 14 18 4 4 2 1 2 2
0 10 0 2 8 4 4 7 2
0 10 4 2 8 4 4 7 2
0 10 8 2 8 4 4 7 2
0 10 12 2 8 4 4 7 2
0 10 16 2 8 4 4 7 2
2 10 0 2 8 4 4 7 2
2 10 4 2 8 4 4 7 2
4 10 0 2 8 4 4 7 2
6 10 0 2 8 4 4 7 2
8 10 0 2 8 4 4 7 2
8 10 4 2 8 4 4 7 2
16 10 0 4 4 2 1 2 3
16 10 2 4 4 2 1 2 3
16 10 4 4 4 2 1 2 3
16 10 6 4 4 2 1 2 3
16 10 8 4 4 2 1 2 3
16 10 10 4 4 2 1 2 3
16 10 12 4 4 2 1 2 3
16 10 14 4 4 2 1 2 3
16 10 16 4 4 2 1 2 3
16 10 18 4 4 2 1 2 3
16 14 0 4 4 2 1 2 3
16 14 2 4 4 2 1 2 3
16 14 4 4 4 2 1 2 3
16 14 6 4 4 2 1 2 3
16 14 8 4 4 2 1 2 3
16 14 10 4 4 2 1 2 3
16 14 12 4 4 2 1 2 3
16 14 14 4 4 2 1 2 3
16 14 16 4 4 2 1 2 3
16 14 18 4 4 2 1 2 3
14 10 0 2 8 4 4 7 3
14 10 4 2 8 4 4 7 3
14 10 8 2 8 4 4 7 3
14 10 12 2 8 4 4 7 3
14 10 16 2 8 4 4 7 3
12 10 0 2 8 4 4 7 3
12 10 4 2 8 4 4 7 3
12 10 8 2 8 4 4 7 3
12 10 12 2 8 4 4 7 3
12 10 16 2 8 4 4 7 3
10 10 0 2 8 4 4 7 3
10 10 4 2 8 4 4 7 3
10 10 8 2 8 4 4 7 3
10 10 12 2 8 4 4 7 3
10 10 16 2 8 4 4 7 3
