4
10 10 20
10 10 20
10 10 20
10 10 20
0 0 0 7 3 4 1 7 0
0 0 4 7 3 4 1 7 0
0 0 8 7 3 4 1 7 0
0 0 12 7 3 4 1 7 0
0 0 16 7 3 4 1 7 0
0 3 0 7 3 4 1 7 0
0 3 4 7 3 4 1 7 0
0 3 8 7 3 4 1 7 0
0 3 12 7 3 4 1 7 0
0 3 16 7 3 4 1 7 0
0 6 0 7 3 4 1 7 0
0 6 4 7 3 4 1 7 0
0 6 8 7 3 4 1 7 0
0 6 12 7 3 4 1 7 0
0 6 16 7 3 4 1 7 0
13 0 0 7 3 4 1 7 1
13 0 4 7 3 4 1 7 1
13 0 8 7 3 4 1 7 1
13 0 12 7 3 4 1 7 1
13 0 16 7 3 4 1 7 1
13 3 0 7 3 4 1 7 1
13 3 4 7 3 4 1 7 1
13 3 8 7 3 4 1 7 1
13 3 12 7 3 4 1 7 1
13 3 16 7 3 4 1 7 1
13 6 0 7 3 4 1 7 1
13 6 4 7 3 4 1 7 1
13 6 8 7 3 4 1 7 1
13 6 12 7 3 4 1 7 1
13 6 16 7 3 4 1 7 1
0 10 0 6 8 4 3 10 2
0 10 4 6 8 4 3 10 2
0 10 8 6 8 4 3 10 2
0 10 12 6 8 4 3 10 2
0 10 16 6 8 4 3 10 2
0 18 0 5 2 9 4 13 2
0 18 9 5 2 9 4 13 2
13 10 0 7 3 4 1 7 3
13 10 4 7 3 4 1 7 3
13 10 8 7 3 4 1 7 3
13 10 12 7 3 4 1 7 3
13 10 16 7 3 4 1 7 3
14 13 0 6 6 5 2 9 3
14 13 5 6 6 5 2 9 3
14 13 10 6 6 5 2 9 3
14 13 15 6 6 5 2 9 3
