4
10 10 20
10 10 20
10 10 20
10 10 20
6 0 0 3 5 5 2 6 0
6 0 5 3 5 5 2 6 0
6 0 10 3 5 5 2 6 0
6 0 15 3 5 5 2 6 0
6 5 0 3 5 5 2 6 0
6 5 5 3 5 5 2 6 0
6 5 10 3 5 5 2 6 0
6 5 15 3 5 5 2 6 0
0 0 0 6 2 4 3 8 0
0 0 4 6 2 4 3 8 0
0 0 8 6 2 4 3 8 0
0 0 12 6 2 4 3 8 0
0 0 16 6 2 4 3 8 0
0 2 0 6 2 4 3 8 0
0 2 4 6 2 4 3 8 0
0 2 8 6 2 4 3 8 0
0 2 12 6 2 4 3 8 0
0 2 16 6 2 4 3 8 0
0 4 0 6 2 4 3 8 0
0 4 4 6 2 4 3 8 0
0 4 8 6 2 4 3 8 0
0 4 12 6 2 4 3 8 0
0 4 16 6 2 4 3 8 0
0 6 0 6 2 4 3 8 0
0 6 4 6 2 4 3 8 0
0 6 8 6 2 4 3 8 0
0 6 12 6 2 4 3 8 0
0 6 16 6 2 4 3 8 0
0 8 0 6 2 4 3 8 0
0 8 4 6 2 4 3 8 0
0 8 8 6 2 4 3 8 0
0 8 12 6 2 4 3 8 0
0 8 16 6 2 4 3 8 0
11 0 0 3 5 5 2 6 1
11 0 5 3 5 5 2 6 1
11 0 10 3 5 5 2 6 1
11 0 15 3 5 5 2 6 1
11 5 0 3 5 5 2 6 1
11 5 5 3 5 5 2 6 1
11 5 10 3 5 5 2 6 1
11 5 15 3 5 5 2 6 1
14 0 0 6 2 4 3 8 1
14 0 4 6 2 4 3 8 1
14 0 8 6 2 4 3 8 1
14 0 12 6 2 4 3 8 1
14 0 16 6 2 4 3 8 1
14 2 0 6 2 4 3 8 1
14 2 4 6 2 4 3 8 1
14 2 8 6 2 4 3 8 1
14 2 12 6 2 4 3 8 1
14 2 16 6 2 4 3 8 1
14 4 0 6 2 4 3 8 1
14 4 4 6 2 4 3 8 1
14 4 8 6 2 4 3 8 1
14 4 12 6 2 4 3 8 1
14 4 16 6 2 4 3 8 1
14 6 0 6 2 4 3 8 1
14 6 4 6 2 4 3 8 1
14 6 8 6 2 4 3 8 1
14 6 12 6 2 4 3 8 1
14 6 16 6 2 4 3 8 1
14 8 0 6 2 4 3 8 1
14 8 4 6 2 4 3 8 1
14 8 8 6 2 4 3 8 1
14 8 12 6 2 4 3 8 1
14 8 16 6 2 4 3 8 1
0 10 10 9 2 2 0 1 2
0 10 12 9 2 2 0 1 2
0 10 14 9 2 2 0 1 2
0 10 16 9 2 2 0 1 2
0 10 18 9 2 2 0 1 2
0 12 10 9 2 2 0 1 2
0 12 12 9 2 2 0 1 2
0 12 14 9 2 2 0 1 2
0 12 16 9 2 2 0 1 2
0 12 18 9 2 2 0 1 2
0 14 10 9 2 2 0 1 2
0 14 12 9 2 2 0 1 2
0 14 14 9 2 2 0 1 2
0 14 16 9 2 2 0 1 2
0 14 18 9 2 2 0 1 2
0 16 10 9 2 2 0 1 2
0 16 12 9 2 2 0 1 2
0 16 14 9 2 2 0 1 2
0 16 16 9 2 2 0 1 2
0 16 18 9 2 2 0 1 2
0 18 10 9 2 2 0 1 2
0 18 12 9 2 2 0 1 2
0 18 14 9 2 2 0 1 2
0 18 16 9 2 2 0 1 2
0 18 18 9 2 2 0 1 2
0 10 0 3 5 5 2 6 2
0 10 5 3 5 5 2 6 2
0 15 0 3 5 5 2 6 2
0 15 5 3 5 5 2 6 2
3 10 0 3 5 5 2 6 2
3 10 5 3 5 5 2 6 2
3 15 0 3 5 5 2 6 2
3 15 5 3 5 5 2 6 2
6 10 0 3 5 5 2 6 2
6 10 5 3 5 5 2 6 2
6 15 0 3 5 5 2 6 2
6 15 5 3 5 5 2 6 2
15 10 0 5 9 2 1 4 3
15 10 2 5 9 2 1 4 3
15 10 4 5 9 2 1 4 3
15 10 6 5 9 2 1 4 3
15 10 8 5 9 2 1 4 3
15 10 10 5 9 2 1 4 3
15 10 12 5 9 2 1 4 3
15 10 14 5 9 2 1 4 3
15 10 16 5 9 2 1 4 3
15 10 18 5 9 2 1 4 3
10 10 0 5 9 2 1 4 3
10 10 2 5 9 2 1 4 3
10 10 4 5 9 2 1 4 3
10 10 6 5 9 2 1 4 3
10 10 8 5 9 2 1 4 3
10 10 10 5 9 2 1 4 3
10 10 12 5 9 2 1 4 3
10 10 14 5 9 2 1 4 3
10 10 16 5 9 2 1 4 3
10 10 18 5 9 2 1 4 3
