30 30 30
0 0 18 13 5 12 0
0 5 18 13 5 12 0
0 10 18 13 5 12 0
0 15 18 13 5 12 0
0 20 18 13 5 12 0
0 25 18 13 5 12 0
16 0 18 13 5 12 0
16 10 18 13 5 12 0
17 5 18 13 5 12 0
0 3 0 14 12 9 0
0 3 9 14 12 9 0
0 18 0 14 12 9 0
0 18 9 14 12 9 0
15 3 9 14 12 9 0
15 15 9 14 12 9 0
16 3 0 14 12 9 0
16 15 0 14 12 9 0
0 0 0 13 3 5 0
0 0 5 13 3 5 0
0 0 13 13 3 5 0
0 15 0 13 3 5 0
0 15 5 13 3 5 0
15 0 0 13 3 5 0
15 0 10 13 3 5 0
15 27 25 13 3 5 0
16 0 5 13 3 5 0
16 27 0 13 3 5 0
16 27 5 13 3 5 0
16 27 10 13 3 5 0
17 27 15 13 3 5 0
17 27 20 13 3 5 0
15 15 18 10 11 4 0
15 15 22 10 11 4 0
15 15 26 10 11 4 0
0 15 10 5 3 6 0
5 15 12 5 3 6 0
10 15 12 5 3 6 0
25 15 18 5 3 6 0
25 15 24 5 3 6 0
25 18 18 5 3 6 0
25 18 24 5 3 6 0
25 21 18 5 3 6 0
25 21 24 5 3 6 0
25 24 18 5 3 6 0
25 24 24 5 3 6 0
15 0 0 0.1 30 30 1
0 15 0 30 0.1 30 1
15 15 0 30 0.1 30 1
