30 30 30
0 15 15 10 9 3 0
0 15 18 10 9 3 0
0 15 21 10 9 3 0
0 15 24 10 9 3 0
0 15 27 10 9 3 0
0 21 8 10 9 3 0
0 21 11 10 9 3 0
5 0 15 10 9 3 0
5 0 18 10 9 3 0
5 0 21 10 9 3 0
5 0 24 10 9 3 0
5 0 27 10 9 3 0
15 6 12 10 9 3 0
15 21 14 10 9 3 0
15 21 18 10 9 3 0
15 21 21 10 9 3 0
15 21 24 10 9 3 0
15 21 27 10 9 3 0
20 6 15 10 9 3 0
11 8 7 4 7 7 0
15 0 16 4 7 7 0
15 0 23 4 7 7 0
15 8 16 4 7 7 0
15 8 23 4 7 7 0
26 0 0 4 7 7 0
26 0 7 4 7 7 0
26 8 0 4 7 7 0
26 8 8 4 7 7 0
0 0 0 5 11 7 0
0 0 7 5 11 7 0
0 15 0 5 11 7 0
5 0 0 5 11 7 0
5 0 7 5 11 7 0
5 15 0 5 11 7 0
10 0 0 5 11 7 0
10 15 0 5 11 7 0
10 15 23 5 11 7 0
10 19 8 5 11 7 0
10 19 15 5 11 7 0
25 15 14 5 11 7 0
0 11 0 11 4 12 0
15 3 0 11 4 12 0
15 7 0 11 4 12 0
15 11 0 11 4 12 0
19 3 18 11 4 12 0
19 7 18 11 4 12 0
19 11 18 11 4 12 0
0 12 22 12 3 8 0
0 15 7 12 3 8 0
0 27 0 12 3 8 0
17 18 22 12 3 8 0
15 16 0 14 14 14 0
0 0 14 5 3 8 0
0 0 22 5 3 8 0
0 3 14 5 3 8 0
0 3 22 5 3 8 0
0 6 14 5 3 8 0
0 6 22 5 3 8 0
0 9 14 5 3 8 0
0 9 22 5 3 8 0
0 12 14 5 3 8 0
0 18 7 5 3 8 0
0 24 14 5 3 8 0
0 24 22 5 3 8 0
0 27 14 5 3 8 0
0 27 22 5 3 8 0
5 9 14 5 3 8 0
5 9 22 5 3 8 0
5 12 14 5 3 8 0
5 18 7 5 3 8 0
5 24 14 5 3 8 0
5 24 22 5 3 8 0
5 27 14 5 3 8 0
5 27 22 5 3 8 0
10 0 7 5 3 8 0
10 3 7 5 3 8 0
10 9 14 5 3 8 0
10 9 22 5 3 8 0
10 12 14 5 3 8 0
10 15 15 5 3 8 0
10 27 22 5 3 8 0
15 0 0 5 3 8 0
15 0 8 5 3 8 0
15 15 14 5 3 8 0
15 15 22 5 3 8 0
15 18 14 5 3 8 0
20 0 0 5 3 8 0
20 0 14 5 3 8 0
20 0 22 5 3 8 0
20 15 14 5 3 8 0
20 15 22 5 3 8 0
20 18 14 5 3 8 0
25 0 14 5 3 8 0
25 0 22 5 3 8 0
25 15 22 5 3 8 0
25 21 22 5 3 8 0
25 24 22 5 3 8 0
25 27 14 5 3 8 0
25 27 22 5 3 8 0
15 0 0 0.1 30 30 1
0 15 0 30 0.1 30 1
15 15 0 30 0.1 30 1
