10 10 10
0 0 0 2 2 3 0
0 0 3 2 2 3 0
0 0 6 2 2 3 0
0 2 0 2 2 3 0
0 2 3 2 2 3 0
0 2 6 2 2 3 0
0 5 0 2 2 3 0
0 5 3 2 2 3 0
0 5 6 2 2 3 0
0 8 0 2 2 3 0
0 8 3 2 2 3 0
0 8 6 2 2 3 0
2 0 0 2 2 3 0
2 0 3 2 2 3 0
2 2 0 2 2 3 0
2 2 3 2 2 3 0
2 5 3 2 2 3 0
2 5 6 2 2 3 0
2 8 3 2 2 3 0
2 8 6 2 2 3 0
5 0 0 2 2 3 0
5 0 3 2 2 3 0
5 0 6 2 2 3 0
5 2 0 2 2 3 0
5 2 3 2 2 3 0
5 2 6 2 2 3 0
5 5 0 2 2 3 0
5 5 3 2 2 3 0
5 8 0 2 2 3 0
5 8 3 2 2 3 0
2 0 6 2 4 3 0
2 5 0 2 4 3 0
5 5 6 2 4 3 0
8 0 0 2 4 3 0
8 0 3 2 4 3 0
8 0 6 2 4 3 0
8 5 0 2 4 3 0
8 5 3 2 4 3 0
8 6 6 2 4 3 0
5 0 0 0.1 10 10 1
0 5 0 10 0.1 10 1
5 5 0 10 0.1 10 1
