4
15 15 30
15 15 30
15 15 30
15 15 30
0 0 0 14 3 14 4 40 0
0 0 14 14 3 14 4 40 0
0 3 0 14 3 14 4 40 0
0 3 14 14 3 14 4 40 0
0 6 0 14 3 14 4 40 0
0 6 14 14 3 14 4 40 0
0 9 0 14 3 14 4 40 0
0 9 14 14 3 14 4 40 0
0 12 0 14 3 14 4 40 0
0 12 14 14 3 14 4 40 0
25 0 0 5 4 6 0 0 1
25 0 6 5 4 6 0 0 1
25 0 12 5 4 6 0 0 1
25 0 18 5 4 6 0 0 1
25 0 24 5 4 6 0 0 1
25 4 0 5 4 6 0 0 1
25 4 6 5 4 6 0 0 1
25 4 12 5 4 6 0 0 1
25 4 18 5 4 6 0 0 1
25 4 24 5 4 6 0 0 1
25 8 0 5 4 6 0 0 1
25 8 6 5 4 6 0 0 1
25 8 12 5 4 6 0 0 1
25 8 18 5 4 6 0 0 1
25 8 24 5 4 6 0 0 1
20 0 0 5 4 6 0 0 1
20 0 6 5 4 6 0 0 1
20 0 12 5 4 6 0 0 1
20 0 18 5 4 6 0 0 1
20 0 24 5 4 6 0 0 1
20 4 0 5 4 6 0 0 1
20 4 6 5 4 6 0 0 1
20 4 12 5 4 6 0 0 1
20 4 18 5 4 6 0 0 1
20 4 24 5 4 6 0 0 1
20 8 0 5 4 6 0 0 1
20 8 6 5 4 6 0 0 1
20 8 12 5 4 6 0 0 1
20 8 18 5 4 6 0 0 1
20 8 24 5 4 6 0 0 1
15 0 0 5 4 6 0 0 1
15 0 6 5 4 6 0 0 1
15 0 12 5 4 6 0 0 1
15 0 18 5 4 6 0 0 1
15 0 24 5 4 6 0 0 1
15 4 0 5 4 6 0 0 1
15 4 6 5 4 6 0 0 1
15 4 12 5 4 6 0 0 1
15 4 18 5 4 6 0 0 1
15 4 24 5 4 6 0 0 1
15 8 0 5 4 6 0 0 1
15 8 6 5 4 6 0 0 1
15 8 12 5 4 6 0 0 1
15 8 18 5 4 6 0 0 1
15 8 24 5 4 6 0 0 1
16 12 0 14 3 14 4 40 1
16 12 14 14 3 14 4 40 1
0 15 0 5 4 6 0 0 2
0 15 6 5 4 6 0 0 2
0 15 12 5 4 6 0 0 2
0 15 18 5 4 6 0 0 2
0 15 24 5 4 6 0 0 2
0 19 0 5 4 6 0 0 2
0 19 6 5 4 6 0 0 2
0 19 12 5 4 6 0 0 2
0 19 18 5 4 6 0 0 2
0 19 24 5 4 6 0 0 2
0 23 0 5 4 6 0 0 2
0 23 6 5 4 6 0 0 2
0 23 12 5 4 6 0 0 2
0 23 18 5 4 6 0 0 2
0 23 24 5 4 6 0 0 2
5 15 0 5 4 6 0 0 2
5 15 6 5 4 6 0 0 2
5 15 12 5 4 6 0 0 2
5 15 18 5 4 6 0 0 2
5 15 24 5 4 6 0 0 2
5 19 0 5 4 6 0 0 2
5 19 6 5 4 6 0 0 2
5 19 12 5 4 6 0 0 2
5 19 18 5 4 6 0 0 2
5 19 24 5 4 6 0 0 2
5 23 0 5 4 6 0 0 2
5 23 6 5 4 6 0 0 2
5 23 12 5 4 6 0 0 2
5 23 18 5 4 6 0 0 2
5 23 24 5 4 6 0 0 2
10 15 0 5 4 6 0 0 2
10 15 6 5 4 6 0 0 2
10 15 12 5 4 6 0 0 2
10 15 18 5 4 6 0 0 2
10 15 24 5 4 6 0 0 2
10 19 0 5 4 6 0 0 2
10 19 6 5 4 6 0 0 2
10 19 12 5 4 6 0 0 2
10 19 18 5 4 6 0 0 2
10 19 24 5 4 6 0 0 2
10 23 0 5 4 6 0 0 2
10 23 6 5 4 6 0 0 2
10 23 12 5 4 6 0 0 2
10 23 18 5 4 6 0 0 2
10 23 24 5 4 6 0 0 2
0 27 0 14 3 14 4 40 2
0 27 14 14 3 14 4 40 2
25 15 0 5 4 6 0 0 3
25 15 6 5 4 6 0 0 3
25 15 12 5 4 6 0 0 3
25 15 18 5 4 6 0 0 3
25 15 24 5 4 6 0 0 3
25 19 0 5 4 6 0 0 3
25 19 6 5 4 6 0 0 3
25 19 12 5 4 6 0 0 3
25 19 18 5 4 6 0 0 3
25 19 24 5 4 6 0 0 3
25 23 0 5 4 6 0 0 3
25 23 6 5 4 6 0 0 3
25 23 12 5 4 6 0 0 3
25 23 18 5 4 6 0 0 3
25 23 24 5 4 6 0 0 3
20 15 0 5 4 6 0 0 3
20 15 6 5 4 6 0 0 3
20 15 12 5 4 6 0 0 3
20 15 18 5 4 6 0 0 3
20 15 24 5 4 6 0 0 3
20 19 0 5 4 6 0 0 3
20 19 6 5 4 6 0 0 3
20 19 12 5 4 6 0 0 3
20 19 18 5 4 6 0 0 3
20 19 24 5 4 6 0 0 3
20 23 0 5 4 6 0 0 3
20 23 6 5 4 6 0 0 3
20 23 12 5 4 6 0 0 3
20 23 18 5 4 6 0 0 3
20 23 24 5 4 6 0 0 3
15 15 0 5 4 6 0 0 3
15 15 6 5 4 6 0 0 3
15 15 12 5 4 6 0 0 3
15 15 18 5 4 6 0 0 3
15 15 24 5 4 6 0 0 3
15 19 0 5 4 6 0 0 3
15 19 6 5 4 6 0 0 3
15 19 12 5 4 6 0 0 3
15 19 18 5 4 6 0 0 3
15 19 24 5 4 6 0 0 3
15 23 0 5 4 6 0 0 3
15 23 6 5 4 6 0 0 3
15 23 12 5 4 6 0 0 3
15 23 18 5 4 6 0 0 3
15 23 24 5 4 6 0 0 3
16 27 0 14 3 14 4 40 3
16 27 14 14 3 14 4 40 3
