4
15 15 30
15 15 30
15 15 30
15 15 30
0 0 0 8 11 10 1 9 0
0 0 10 8 11 10 1 9 0
0 0 20 8 11 10 1 9 0
0 11 0 3 4 13 2 10 0
0 11 13 3 4 13 2 10 0
3 11 0 3 4 13 2 10 0
3 11 13 3 4 13 2 10 0
8 0 0 7 9 10 4 14 0
8 0 10 7 9 10 4 14 0
8 0 20 7 9 10 4 14 0
22 9 0 3 4 13 2 10 1
22 9 13 3 4 13 2 10 1
19 9 0 3 4 13 2 10 1
19 9 13 3 4 13 2 10 1
16 9 0 3 4 13 2 10 1
16 9 13 3 4 13 2 10 1
25 9 0 5 6 5 3 12 1
25 9 5 5 6 5 3 12 1
25 9 10 5 6 5 3 12 1
25 9 15 5 6 5 3 12 1
25 9 20 5 6 5 3 12 1
25 9 25 5 6 5 3 12 1
23 0 0 7 9 10 4 14 1
23 0 10 7 9 10 4 14 1
23 0 20 7 9 10 4 14 1
16 0 0 7 9 10 4 14 1
16 0 10 7 9 10 4 14 1
16 0 20 7 9 10 4 14 1
5 24 0 3 4 13 2 10 2
5 24 13 3 4 13 2 10 2
8 24 0 3 4 13 2 10 2
8 24 13 3 4 13 2 10 2
11 24 0 3 4 13 2 10 2
11 24 13 3 4 13 2 10 2
0 24 0 5 6 5 3 12 2
0 24 5 5 6 5 3 12 2
0 24 10 5 6 5 3 12 2
0 24 15 5 6 5 3 12 2
0 24 20 5 6 5 3 12 2
0 24 25 5 6 5 3 12 2
0 15 0 7 9 10 4 14 2
0 15 10 7 9 10 4 14 2
0 15 20 7 9 10 4 14 2
7 15 0 7 9 10 4 14 2
7 15 10 7 9 10 4 14 2
7 15 20 7 9 10 4 14 2
22 15 0 8 11 10 1 9 3
22 15 10 8 11 10 1 9 3
22 15 20 8 11 10 1 9 3
27 26 0 3 4 13 2 10 3
27 26 13 3 4 13 2 10 3
24 26 0 3 4 13 2 10 3
24 26 13 3 4 13 2 10 3
15 15 0 7 9 10 4 14 3
15 15 10 7 9 10 4 14 3
15 15 20 7 9 10 4 14 3
