4
15 15 30
15 15 30
15 15 30
15 15 30
0 0 0 7 5 5 0 0 0
0 0 5 7 5 5 0 0 0
0 0 10 7 5 5 0 0 0
0 0 15 7 5 5 0 0 0
0 0 20 7 5 5 0 0 0
0 0 25 7 5 5 0 0 0
0 5 0 7 5 5 0 0 0
0 5 5 7 5 5 0 0 0
0 5 10 7 5 5 0 0 0
0 5 15 7 5 5 0 0 0
0 5 20 7 5 5 0 0 0
0 5 25 7 5 5 0 0 0
0 10 0 7 5 5 0 0 0
0 10 5 7 5 5 0 0 0
0 10 10 7 5 5 0 0 0
0 10 15 7 5 5 0 0 0
0 10 20 7 5 5 0 0 0
0 10 25 7 5 5 0 0 0
7 0 0 7 5 5 0 0 0
7 0 5 7 5 5 0 0 0
7 0 10 7 5 5 0 0 0
7 0 15 7 5 5 0 0 0
7 0 20 7 5 5 0 0 0
7 0 25 7 5 5 0 0 0
7 5 0 7 5 5 0 0 0
7 5 5 7 5 5 0 0 0
7 5 10 7 5 5 0 0 0
7 5 15 7 5 5 0 0 0
7 5 20 7 5 5 0 0 0
7 5 25 7 5 5 0 0 0
7 10 0 7 5 5 0 0 0
7 10 5 7 5 5 0 0 0
7 10 10 7 5 5 0 0 0
7 10 15 7 5 5 0 0 0
7 10 20 7 5 5 0 0 0
7 10 25 7 5 5 0 0 0
23 0 0 7 5 5 0 0 1
23 0 5 7 5 5 0 0 1
23 0 10 7 5 5 0 0 1
23 0 15 7 5 5 0 0 1
23 0 20 7 5 5 0 0 1
23 0 25 7 5 5 0 0 1
23 5 0 7 5 5 0 0 1
23 5 5 7 5 5 0 0 1
23 5 10 7 5 5 0 0 1
23 5 15 7 5 5 0 0 1
23 5 20 7 5 5 0 0 1
23 5 25 7 5 5 0 0 1
23 10 0 7 5 5 0 0 1
23 10 5 7 5 5 0 0 1
23 10 10 7 5 5 0 0 1
23 10 15 7 5 5 0 0 1
23 10 20 7 5 5 0 0 1
23 10 25 7 5 5 0 0 1
16 0 0 7 5 5 0 0 1
16 0 5 7 5 5 0 0 1
16 0 10 7 5 5 0 0 1
16 0 15 7 5 5 0 0 1
16 0 20 7 5 5 0 0 1
16 0 25 7 5 5 0 0 1
16 5 0 7 5 5 0 0 1
16 5 5 7 5 5 0 0 1
16 5 10 7 5 5 0 0 1
16 5 15 7 5 5 0 0 1
16 5 20 7 5 5 0 0 1
16 5 25 7 5 5 0 0 1
16 10 0 7 5 5 0 0 1
16 10 5 7 5 5 0 0 1
16 10 10 7 5 5 0 0 1
16 10 15 7 5 5 0 0 1
16 10 20 7 5 5 0 0 1
16 10 25 7 5 5 0 0 1
0 15 0 7 5 5 0 0 2
0 15 5 7 5 5 0 0 2
0 15 10 7 5 5 0 0 2
0 15 15 7 5 5 0 0 2
0 15 20 7 5 5 0 0 2
0 15 25 7 5 5 0 0 2
0 20 0 7 5 5 0 0 2
0 20 5 7 5 5 0 0 2
0 20 10 7 5 5 0 0 2
0 20 15 7 5 5 0 0 2
0 20 20 7 5 5 0 0 2
0 20 25 7 5 5 0 0 2
0 25 0 7 5 5 0 0 2
0 25 5 7 5 5 0 0 2
0 25 10 7 5 5 0 0 2
0 25 15 7 5 5 0 0 2
0 25 20 7 5 5 0 0 2
0 25 25 7 5 5 0 0 2
7 15 0 7 5 5 0 0 2
7 15 5 7 5 5 0 0 2
7 15 10 7 5 5 0 0 2
7 15 15 7 5 5 0 0 2
7 15 20 7 5 5 0 0 2
7 15 25 7 5 5 0 0 2
7 20 0 7 5 5 0 0 2
7 20 5 7 5 5 0 0 2
7 20 10 7 5 5 0 0 2
7 20 15 7 5 5 0 0 2
7 20 20 7 5 5 0 0 2
7 20 25 7 5 5 0 0 2
7 25 0 7 5 5 0 0 2
7 25 5 7 5 5 0 0 2
7 25 10 7 5 5 0 0 2
7 25 15 7 5 5 0 0 2
7 25 20 7 5 5 0 0 2
7 25 25 7 5 5 0 0 2
23 25 0 7 5 5 0 0 3
23 25 5 7 5 5 0 0 3
23 25 10 7 5 5 0 0 3
23 25 15 7 5 5 0 0 3
16 25 0 7 5 5 0 0 3
24 15 24 6 4 4 1 7 3
24 19 24 6 4 4 1 7 3
18 15 24 6 4 4 1 7 3
18 19 24 6 4 4 1 7 3
27 15 0 3 10 12 4 23 3
27 15 12 3 10 12 4 23 3
24 15 0 3 10 12 4 23 3
24 15 12 3 10 12 4 23 3
21 15 0 3 10 12 4 23 3
21 15 12 3 10 12 4 23 3
18 15 0 3 10 12 4 23 3
18 15 12 3 10 12 4 23 3
15 15 0 3 10 12 4 23 3
15 15 12 3 10 12 4 23 3
