4
15 15 30
15 15 30
15 15 30
15 15 30
6 0 0 4 12 14 1 7 0
6 0 14 4 12 14 1 7 0
10 0 0 4 12 14 1 7 0
10 0 14 4 12 14 1 7 0
0 0 0 6 7 14 3 26 0
0 0 14 6 7 14 3 26 0
0 7 0 6 7 14 3 26 0
0 7 14 6 7 14 3 26 0
20 0 0 4 12 14 1 7 1
20 0 14 4 12 14 1 7 1
16 0 0 4 12 14 1 7 1
16 0 14 4 12 14 1 7 1
24 0 0 6 7 14 3 26 1
24 0 14 6 7 14 3 26 1
24 7 0 6 7 14 3 26 1
24 7 14 6 7 14 3 26 1
6 15 14 4 12 14 1 7 2
10 15 14 4 12 14 1 7 2
11 15 0 4 12 14 1 7 2
0 15 14 6 7 14 3 26 2
0 22 14 6 7 14 3 26 2
0 15 0 11 14 14 4 41 2
20 15 0 4 12 14 1 7 3
20 15 14 4 12 14 1 7 3
16 15 0 4 12 14 1 7 3
16 15 14 4 12 14 1 7 3
24 15 0 6 7 14 3 26 3
24 15 14 6 7 14 3 26 3
24 22 0 6 7 14 3 26 3
24 22 14 6 7 14 3 26 3
