30 30 30
19 0 18 11 12 3 0
19 15 27 11 12 3 0
0 0 9 9 7 7 0
0 7 9 9 7 7 0
0 15 9 9 7 7 0
0 15 16 9 7 7 0
0 15 23 9 7 7 0
0 22 16 9 7 7 0
0 23 9 9 7 7 0
0 23 23 9 7 7 0
6 0 0 9 7 7 0
6 7 0 9 7 7 0
0 5 17 4 10 13 0
15 20 4 4 10 13 0
15 20 17 4 10 13 0
19 20 4 4 10 13 0
23 20 4 4 10 13 0
0 0 16 11 5 14 0
4 5 16 11 5 14 0
4 10 16 11 5 14 0
15 15 4 11 5 14 0
0 0 0 3 5 9 0
0 5 0 3 5 9 0
0 10 0 3 5 9 0
0 15 0 3 5 9 0
0 20 0 3 5 9 0
0 25 0 3 5 9 0
3 0 0 3 5 9 0
3 5 0 3 5 9 0
3 10 0 3 5 9 0
3 15 0 3 5 9 0
3 20 0 3 5 9 0
3 25 0 3 5 9 0
6 15 0 3 5 9 0
6 20 0 3 5 9 0
6 25 0 3 5 9 0
9 0 7 3 5 9 0
9 5 7 3 5 9 0
9 10 7 3 5 9 0
9 15 0 3 5 9 0
9 15 10 3 5 9 0
9 15 21 3 5 9 0
9 20 0 3 5 9 0
9 20 12 3 5 9 0
9 20 21 3 5 9 0
9 25 0 3 5 9 0
9 25 9 3 5 9 0
9 25 21 3 5 9 0
12 0 12 3 5 9 0
12 0 21 3 5 9 0
12 5 7 3 5 9 0
12 10 7 3 5 9 0
12 15 0 3 5 9 0
12 15 12 3 5 9 0
12 15 21 3 5 9 0
12 20 0 3 5 9 0
12 20 12 3 5 9 0
12 20 21 3 5 9 0
12 25 3 3 5 9 0
12 25 12 3 5 9 0
12 25 21 3 5 9 0
15 0 0 3 5 9 0
15 0 9 3 5 9 0
15 0 21 3 5 9 0
15 5 0 3 5 9 0
15 5 9 3 5 9 0
15 5 18 3 5 9 0
15 10 0 3 5 9 0
15 10 9 3 5 9 0
15 10 18 3 5 9 0
15 15 18 3 5 9 0
18 0 0 3 5 9 0
18 0 9 3 5 9 0
18 0 21 3 5 9 0
18 5 0 3 5 9 0
18 5 9 3 5 9 0
18 5 21 3 5 9 0
18 10 0 3 5 9 0
18 10 9 3 5 9 0
18 10 21 3 5 9 0
18 15 18 3 5 9 0
21 0 0 3 5 9 0
21 0 9 3 5 9 0
21 0 21 3 5 9 0
21 5 0 3 5 9 0
21 5 9 3 5 9 0
21 5 21 3 5 9 0
21 10 0 3 5 9 0
21 10 9 3 5 9 0
21 10 21 3 5 9 0
21 15 18 3 5 9 0
24 0 0 3 5 9 0
24 0 9 3 5 9 0
24 0 21 3 5 9 0
24 5 0 3 5 9 0
24 5 9 3 5 9 0
24 5 21 3 5 9 0
24 10 0 3 5 9 0
24 10 9 3 5 9 0
24 10 21 3 5 9 0
24 15 18 3 5 9 0
27 0 0 3 5 9 0
27 0 9 3 5 9 0
27 0 21 3 5 9 0
27 5 0 3 5 9 0
27 5 9 3 5 9 0
27 5 21 3 5 9 0
27 10 0 3 5 9 0
27 10 9 3 5 9 0
27 10 21 3 5 9 0
27 15 0 3 5 9 0
27 15 9 3 5 9 0
27 15 18 3 5 9 0
27 20 0 3 5 9 0
27 20 9 3 5 9 0
27 20 18 3 5 9 0
27 25 0 3 5 9 0
27 25 9 3 5 9 0
27 25 18 3 5 9 0
15 19 0 11 11 4 0
19 20 17 8 10 10 0
15 0 0 0.1 30 30 1
0 15 0 30 0.1 30 1
15 15 0 30 0.1 30 1
