30 30 30
0 7 0 9 4 14 0
0 11 0 9 4 14 0
0 22 16 9 4 14 0
0 26 16 9 4 14 0
6 0 16 9 4 14 0
6 4 16 9 4 14 0
6 15 0 9 4 14 0
6 19 0 9 4 14 0
15 0 16 9 4 14 0
15 4 16 9 4 14 0
15 22 16 9 4 14 0
15 26 16 9 4 14 0
21 7 0 9 4 14 0
21 11 0 9 4 14 0
21 15 0 9 4 14 0
21 19 0 9 4 14 0
0 0 27 4 5 3 0
0 5 27 4 5 3 0
0 10 27 4 5 3 0
0 15 13 4 5 3 0
0 20 13 4 5 3 0
0 25 13 4 5 3 0
4 25 13 4 5 3 0
5 15 14 4 5 3 0
6 0 13 4 5 3 0
6 10 15 4 5 3 0
9 20 14 4 5 3 0
10 15 14 4 5 3 0
10 25 13 4 5 3 0
11 0 13 4 5 3 0
11 5 13 4 5 3 0
11 10 14 4 5 3 0
15 0 0 4 5 3 0
15 5 0 4 5 3 0
15 10 0 4 5 3 0
15 15 14 4 5 3 0
15 25 13 4 5 3 0
16 20 13 4 5 3 0
19 15 14 4 5 3 0
20 25 13 4 5 3 0
22 0 13 4 5 3 0
22 10 14 4 5 3 0
24 15 14 4 5 3 0
24 20 14 4 5 3 0
24 25 14 4 5 3 0
26 0 13 4 5 3 0
26 5 14 4 5 3 0
26 10 14 4 5 3 0
0 0 14 6 14 13 0
0 16 0 6 14 13 0
9 0 0 6 14 13 0
9 16 17 6 14 13 0
15 0 3 6 14 13 0
15 16 0 6 14 13 0
24 0 17 6 14 13 0
24 15 17 6 14 13 0
0 0 0 9 7 12 0
0 15 18 9 7 12 0
6 8 18 9 7 12 0
6 23 0 9 7 12 0
15 8 18 9 7 12 0
15 15 18 9 7 12 0
21 0 0 9 7 12 0
21 23 0 9 7 12 0
15 0 0 0.1 30 30 1
0 15 0 30 0.1 30 1
15 15 0 30 0.1 30 1
