30 30 30
11 0 25 4 11 5 0
11 19 0 4 11 5 0
15 0 11 4 11 5 0
15 15 11 4 11 5 0
0 0 0 11 14 10 0
0 0 10 11 14 10 0
0 0 20 11 14 10 0
0 15 0 11 14 10 0
0 15 20 11 14 10 0
0 16 10 11 14 10 0
19 0 0 11 14 10 0
19 0 10 11 14 10 0
19 0 20 11 14 10 0
19 15 0 11 14 10 0
19 15 10 11 14 10 0
19 15 20 11 14 10 0
11 0 0 4 7 11 0
11 0 14 4 7 11 0
11 7 0 4 7 11 0
11 7 11 4 7 11 0
11 15 8 4 7 11 0
11 15 19 4 7 11 0
11 22 8 4 7 11 0
11 23 19 4 7 11 0
15 0 0 4 7 11 0
15 0 19 4 7 11 0
15 7 0 4 7 11 0
15 7 19 4 7 11 0
15 15 0 4 7 11 0
15 16 19 4 7 11 0
15 23 0 4 7 11 0
15 23 19 4 7 11 0
15 0 0 0.1 30 30 1
0 15 0 30 0.1 30 1
15 15 0 30 0.1 30 1
