
Gurobi 12.0.2 (win64) logging started Sun Dec  7 16:17:54 2025

Set parameter LogFile to value "resultados DATA_1_n20m05b2d2\instancia_8_log.txt"
Gurobi Optimizer version 12.0.2 build v12.0.2rc0 (win64 - Windows 10.0 (19045.2))

CPU model: Intel(R) Core(TM) i5-6300U CPU @ 2.40GHz, instruction set [SSE2|AVX|AVX2]
Thread count: 2 physical cores, 4 logical processors, using up to 4 threads

Non-default parameters:
TimeLimit  3600

Optimize a model with 1596 rows, 2730 columns and 5712 nonzeros
Model fingerprint: 0xd6ac87ba
Variable types: 63 continuous, 2667 integer (2667 binary)
Coefficient statistics:
  Matrix range     [1e+00, 1e+03]
  Objective range  [6e-02, 1e-01]
  Bounds range     [1e+00, 1e+00]
  RHS range        [1e+00, 1e+03]
Found heuristic solution: objective 0.0550000
Presolve removed 325 rows and 1648 columns
Presolve time: 0.04s
Presolved: 1271 rows, 1082 columns, 4546 nonzeros
Variable types: 59 continuous, 1023 integer (1023 binary)

Root relaxation: objective 1.873000e+00, 390 iterations, 0.00 seconds (0.00 work units)

    Nodes    |    Current Node    |     Objective Bounds      |     Work
 Expl Unexpl |  Obj  Depth IntInf | Incumbent    BestBd   Gap | It/Node Time

     0     0    1.87300    0   50    0.05500    1.87300  3305%     -    0s
H    0     0                       0.7350000    1.87300   155%     -    0s
H    0     0                       0.7812500    1.87300   140%     -    0s
     0     0    1.87300    0  170    0.78125    1.87300   140%     -    0s
     0     0    1.87300    0  147    0.78125    1.87300   140%     -    0s
     0     0    1.87300    0   62    0.78125    1.87300   140%     -    0s
     0     0    1.87300    0   70    0.78125    1.87300   140%     -    0s
     0     0    1.87300    0   63    0.78125    1.87300   140%     -    0s
     0     0    1.87300    0   60    0.78125    1.87300   140%     -    0s
     0     2    1.87300    0   56    0.78125    1.87300   140%     -    0s
H  174    82                       0.8362500    1.87300   124%  37.9    0s
H  567   293                       0.8550000    1.87300   119%  34.2    1s
H  995   556                       0.8780000    1.87300   113%  36.1    3s
  1077   564    1.62550    4   85    0.87800    1.87300   113%  35.7    5s
  1650   703    1.01300   33   29    0.87800    1.87300   113%  53.6   10s
  2284   803    1.38300   30   62    0.87800    1.87300   113%  49.9   15s
H 2624   796                       0.8835000    1.87300   112%  48.4   17s
  3107   998    0.97800   36   56    0.88350    1.87300   112%  46.6   20s
H 3627  1218                       0.9110000    1.87300   106%  45.6   23s
  3923  1388    1.38050   28   94    0.91100    1.87300   106%  45.1   25s
  4693  1674 infeasible   23         0.91100    1.87300   106%  45.6   30s
  5685  2078    1.35363   31  103    0.91100    1.67050  83.4%  45.2   35s
  6703  2405    1.18050   43   65    0.91100    1.67050  83.4%  44.2   40s
  7792  2734 infeasible   30         0.91100    1.62550  78.4%  44.4   45s
  9129  3212 infeasible   51         0.91100    1.54300  69.4%  42.6   51s
 10299  3608    0.92800   36   13    0.91100    1.50550  65.3%  42.1   56s
 11094  3805    1.50550   34   68    0.91100    1.50550  65.3%  42.3   60s
 12297  3985 infeasible   30         0.91100    1.50550  65.3%  43.0   66s
 13094  4192    1.42300   34   98    0.91100    1.50550  65.3%  43.3   70s
 14371  4486 infeasible   43         0.91100    1.50550  65.3%  43.5   76s
 15254  4736 infeasible   43         0.91100    1.50550  65.3%  43.4   80s
 16468  4924    1.50550   39   85    0.91100    1.50550  65.3%  43.5   86s
 17184  5094    1.03675   33   49    0.91100    1.50550  65.3%  43.7   91s
 17989  5214 infeasible   29         0.91100    1.50550  65.3%  43.9   95s
 19217  5425    0.97800   41   27    0.91100    1.50550  65.3%  44.3  101s
 20141  5550 infeasible   44         0.91100    1.46800  61.1%  43.9  105s
 20589  5585    1.32175   34   52    0.91100    1.43950  58.0%  44.0  129s
 21034  5519 infeasible   27         0.91100    1.40425  54.1%  44.0  131s
 21849  5730    1.38300   36   61    0.91100    1.39550  53.2%  44.7  135s
 23160  6166    1.38300   41   94    0.91100    1.38300  51.8%  44.3  141s
 23954  6446    1.38300   27  106    0.91100    1.38300  51.8%  44.0  145s
 25214  6745    1.38300   26   46    0.91100    1.38300  51.8%  43.9  150s
 26003  7035    1.38300   49   80    0.91100    1.38300  51.8%  43.8  155s
 27271  7401    1.38300   40   62    0.91100    1.38300  51.8%  43.5  160s
 28927  7718 infeasible   44         0.91100    1.38300  51.8%  43.6  166s
 30160  8022    0.95950   49   13    0.91100    1.38300  51.8%  43.4  171s
 30942  8199    1.38300   40   58    0.91100    1.38300  51.8%  43.5  175s
 32228  8532    0.97050   32   14    0.91100    1.38300  51.8%  43.3  180s
 33462  8796 infeasible   41         0.91100    1.38300  51.8%  43.2  186s
 34747  9072 infeasible   60         0.91100    1.38300  51.8%  43.0  191s
 35880  9336    1.30050   42   71    0.91100    1.38300  51.8%  43.0  196s
 37031  9548     cutoff   63         0.91100    1.38300  51.8%  43.0  201s
 37851  9755    1.15200   38   23    0.91100    1.38300  51.8%  42.9  205s
 39100  9910    1.07050   59   18    0.91100    1.38300  51.8%  42.9  210s
 40355 10211    1.13550   59   36    0.91100    1.38300  51.8%  42.8  215s
 41592 10536    1.38300   31   62    0.91100    1.38300  51.8%  42.7  221s
 42401 10653    1.18500   48   45    0.91100    1.38300  51.8%  42.7  225s
 43633 10919    1.38300   45   55    0.91100    1.38300  51.8%  42.6  231s
 44381 11078    1.06950   39   14    0.91100    1.38300  51.8%  42.6  235s
 45494 11313 infeasible   49         0.91100    1.38300  51.8%  42.7  240s
 46447 11504 infeasible   42         0.91100    1.38300  51.8%  42.8  246s
 47247 11661    1.38300   37   67    0.91100    1.38300  51.8%  42.8  250s
 48493 11957    1.28175   41   47    0.91100    1.38300  51.8%  42.8  257s
 49305 12162 infeasible   39         0.91100    1.38300  51.8%  42.8  262s
 50146 12352 infeasible   48         0.91100    1.38300  51.8%  42.9  266s
 50932 12466 infeasible   55         0.91100    1.38300  51.8%  42.9  270s
 51910 12659 infeasible   56         0.91100    1.38300  51.8%  43.0  276s
 52688 12784    1.38300   31   60    0.91100    1.38300  51.8%  43.1  280s
 53957 13001 infeasible   39         0.91100    1.38300  51.8%  43.1  286s
 55174 13281    0.92425   60   17    0.91100    1.38300  51.8%  43.1  291s
 55980 13485    1.38300   42   92    0.91100    1.38300  51.8%  43.1  295s
 56993 13654    1.38300   40   82    0.91100    1.38300  51.8%  43.0  300s
 58025 14014    1.38300   47   94    0.91100    1.38300  51.8%  43.0  306s
 58925 14215    1.14975   52   38    0.91100    1.38300  51.8%  43.0  310s
 60203 14639 infeasible   33         0.91100    1.38300  51.8%  42.9  316s
 61468 14885    1.13550   41   66    0.91100    1.38300  51.8%  42.9  321s
 62722 15254    1.38300   44   65    0.91100    1.38300  51.8%  43.0  326s
 63565 15413     cutoff   61         0.91100    1.38300  51.8%  42.9  330s
 64696 15648    1.38300   48   61    0.91100    1.38300  51.8%  43.0  335s
 65916 15843 infeasible   64         0.91100    1.38300  51.8%  43.0  340s
 67126 15983    1.38300   29   59    0.91100    1.38300  51.8%  43.2  345s
 68306 16288    0.93850   48    6    0.91100    1.38300  51.8%  43.2  351s
 69148 16469    1.10575   45   32    0.91100    1.38300  51.8%  43.2  355s
 69960 16647    0.96050   46    8    0.91100    1.38300  51.8%  43.2  360s
 70777 16798    1.19050   38   38    0.91100    1.38300  51.8%  43.3  365s
 71576 16912    1.28175   38   74    0.91100    1.38300  51.8%  43.3  370s
 72377 17183    1.13550   49   50    0.91100    1.38300  51.8%  43.3  376s
 73199 17323    1.21800   50   27    0.91100    1.38300  51.8%  43.2  381s
 74047 17478 infeasible   64         0.91100    1.38300  51.8%  43.3  387s
 74827 17607 infeasible   68         0.91100    1.38300  51.8%  43.3  391s
 75605 17806    1.32800   39   53    0.91100    1.38300  51.8%  43.4  396s
 76419 17948 infeasible   54         0.91100    1.38300  51.8%  43.4  400s
 77604 18184    1.13550   40   28    0.91100    1.38300  51.8%  43.5  406s
 78828 18524    1.06950   46   35    0.91100    1.38300  51.8%  43.5  411s
 79614 18774     cutoff   49         0.91100    1.38300  51.8%  43.6  415s
 80827 19076     cutoff   35         0.91100    1.38300  51.8%  43.6  421s
 81185 19186    1.01550   41   12    0.91100    1.38300  51.8%  43.6  425s
 81979 19365    1.38300   30   45    0.91100    1.38300  51.8%  43.6  430s
 82746 19581    1.18050   38   28    0.91100    1.38300  51.8%  43.6  436s
 83541 19820 infeasible   45         0.91100    1.38300  51.8%  43.6  440s
 84792 20151    1.38300   42   70    0.91100    1.38300  51.8%  43.6  445s
 85388 20340    1.38300   42   91    0.91100    1.38300  51.8%  43.6  451s
 86296 20556    1.21800   37   32    0.91100    1.38300  51.8%  43.6  455s
 87570 20812    0.93075   47    2    0.91100    1.38300  51.8%  43.6  460s
 88879 21159     cutoff   46         0.91100    1.38300  51.8%  43.6  466s
 90064 21439    1.11675   46   30    0.91100    1.38300  51.8%  43.6  471s
 90919 21620 infeasible   44         0.91100    1.38300  51.8%  43.6  475s
 92203 21881    1.05300   45   22    0.91100    1.38300  51.8%  43.6  480s
 93434 22195    1.07925   45   50    0.91100    1.38300  51.8%  43.6  485s
 94562 22450 infeasible   52         0.91100    1.38300  51.8%  43.7  491s
 95781 22693     cutoff   47         0.91100    1.38300  51.8%  43.7  496s
 96636 22861    1.08600   55   26    0.91100    1.38300  51.8%  43.8  500s
 97885 23110 infeasible   54         0.91100    1.38300  51.8%  43.8  505s
 99110 23429 infeasible   45         0.91100    1.38300  51.8%  43.8  510s
 100390 23658 infeasible   52         0.91100    1.38300  51.8%  43.8  516s
 101596 23912    1.38300   30   84    0.91100    1.38300  51.8%  43.8  521s
 102778 24236    1.05075   51   20    0.91100    1.38300  51.8%  43.8  526s
 103997 24451    1.38300   34   58    0.91100    1.38300  51.8%  43.9  531s
 104749 24563    1.38300   40   60    0.91100    1.38300  51.8%  43.9  535s
 105998 24754 infeasible   38         0.91100    1.38300  51.8%  44.0  540s
 107332 24992     cutoff   47         0.91100    1.38300  51.8%  44.0  546s
 108564 25257    1.11675   46   27    0.91100    1.38300  51.8%  44.1  551s
 109798 25440    1.18050   44   46    0.91100    1.38300  51.8%  44.1  556s
 110989 25699    1.21800   46   37    0.91100    1.38300  51.8%  44.2  561s
 111827 25840    1.05300   49   16    0.91100    1.38300  51.8%  44.2  565s
 113037 26073    1.01550   61   14    0.91100    1.38300  51.8%  44.2  570s
 114248 26225 infeasible   38         0.91100    1.38300  51.8%  44.3  576s
 115464 26389    1.25100   39   38    0.91100    1.38300  51.8%  44.4  581s
 116341 26517    1.13550   41   47    0.91100    1.38300  51.8%  44.4  585s
 117628 26834 infeasible   43         0.91100    1.38300  51.8%  44.4  591s
 118905 27031    1.08600   45   10    0.91100    1.38300  51.8%  44.4  596s
 119653 27120    1.38300   41   73    0.91100    1.38300  51.8%  44.5  600s
 120580 27299    1.08600   41   28    0.91100    1.38300  51.8%  44.5  605s
 121667 27444 infeasible   42         0.91100    1.38300  51.8%  44.5  611s
 122526 27543    1.05300   40   30    0.91100    1.38300  51.8%  44.6  615s
 123792 27788    1.25925   38   81    0.91100    1.38300  51.8%  44.6  620s
 125008 27995 infeasible   40         0.91100    1.38300  51.8%  44.6  625s
 126218 28165    1.38300   47   78    0.91100    1.38300  51.8%  44.7  630s
 127446 28463 infeasible   30         0.91100    1.38300  51.8%  44.7  635s
 128613 28663    0.97050   39   12    0.91100    1.38300  51.8%  44.7  640s
 129861 28787 infeasible   41         0.91100    1.38300  51.8%  44.8  646s
 130980 28933    1.38300   39   75    0.91100    1.38300  51.8%  44.8  651s
 132154 29142 infeasible   34         0.91100    1.38300  51.8%  44.8  656s
 133412 29313 infeasible   47         0.91100    1.38300  51.8%  44.9  661s
 134660 29578    1.38300   28   60    0.91100    1.38300  51.8%  44.9  666s
 135420 29768 infeasible   50         0.91100    1.38300  51.8%  44.9  670s
 136431 30039    1.21800   47   50    0.91100    1.38300  51.8%  44.9  675s
 137694 30236    1.28175   46   57    0.91100    1.38300  51.8%  45.0  681s
 138545 30398 infeasible   41         0.91100    1.38300  51.8%  45.0  685s
 139808 30582 infeasible   57         0.91100    1.38300  51.8%  45.0  691s
 141138 30672 infeasible   39         0.91100    1.38300  51.8%  45.1  696s
 141989 30814    0.98700   38   14    0.91100    1.38300  51.8%  45.1  700s
 143259 31009    1.38300   37   82    0.91100    1.38300  51.8%  45.1  706s
 144538 31196    1.38300   44   67    0.91100    1.38300  51.8%  45.2  711s
 145339 31310 infeasible   40         0.91100    1.38300  51.8%  45.2  715s
 146507 31545    1.38300   38   67    0.91100    1.38300  51.8%  45.2  721s
 147833 31917    1.01225   40    8    0.91100    1.38300  51.8%  45.2  726s
 148649 32112    1.38300   45   85    0.91100    1.38300  51.8%  45.1  731s
 149431 32261 infeasible   49         0.91100    1.38300  51.8%  45.1  736s
 150238 32455    1.18500   46   39    0.91100    1.38300  51.8%  45.2  740s
 151475 32709    1.25100   39   51    0.91100    1.38300  51.8%  45.2  745s
 152286 32848    1.31700   53   87    0.91100    1.38300  51.8%  45.2  750s
 153172 33104 infeasible   42         0.91100    1.38300  51.8%  45.2  755s
 154446 33304 infeasible   36         0.91100    1.38300  51.8%  45.2  761s
 155280 33447    1.38300   41   63    0.91100    1.38300  51.8%  45.2  765s
 156065 33599     cutoff   30         0.91100    1.38300  51.8%  45.2  770s
 157305 33841    1.21800   36   59    0.91100    1.38300  51.8%  45.2  776s
 158085 33979    0.95950   49   12    0.91100    1.38300  51.8%  45.2  780s
 159310 34258    1.13550   55   37    0.91100    1.38300  51.8%  45.2  786s
 160126 34500     cutoff   51         0.91100    1.38300  51.8%  45.2  791s
 160933 34647    1.25100   29   49    0.91100    1.38300  51.8%  45.3  795s
 161773 34781 infeasible   42         0.91100    1.38300  51.8%  45.3  800s
 162958 35038    1.21800   44   57    0.91100    1.38300  51.8%  45.3  806s
 163521 35186    0.98363   48   62    0.91100    1.38300  51.8%  45.3  810s
 164340 35355 infeasible   57         0.91100    1.38300  51.8%  45.3  815s
 165190 35537    1.38300   56   76    0.91100    1.38300  51.8%  45.4  820s
 166414 35677 infeasible   34         0.91100    1.38300  51.8%  45.4  825s
 167666 35880 infeasible   47         0.91100    1.38300  51.8%  45.4  831s
 168825 36064    1.38300   36   63    0.91100    1.38300  51.8%  45.4  837s
 169609 36215 infeasible   30         0.91100    1.38300  51.8%  45.4  841s
 170387 36428 infeasible   60         0.91100    1.38300  51.8%  45.4  845s
 171591 36723 infeasible   39         0.91100    1.38300  51.8%  45.4  851s
 172383 36910    1.23113   40   68    0.91100    1.38300  51.8%  45.4  855s
 173589 37125    1.31700   46   66    0.91100    1.38300  51.8%  45.4  860s
 174727 37363    1.38300   34   92    0.91100    1.38300  51.8%  45.5  866s
 175718 37551    0.98250   44   18    0.91100    1.38300  51.8%  45.5  871s
 176551 37734    1.28400   38   56    0.91100    1.38300  51.8%  45.5  876s
 177344 37808 infeasible   38         0.91100    1.38300  51.8%  45.5  884s
 177744 37920 infeasible   42         0.91100    1.38300  51.8%  45.5  886s
 178201 37973 infeasible   39         0.91100    1.38300  51.8%  45.5  890s
 178586 38029    1.38300   40   57    0.91100    1.38300  51.8%  45.5  895s
 179837 38182    1.38300   46   81    0.91100    1.38300  51.8%  45.5  902s
 180664 38394    1.38300   35   94    0.91100    1.38300  51.8%  45.5  906s
 181474 38572 infeasible   42         0.91100    1.38300  51.8%  45.5  911s
 182237 38687    1.38300   41   78    0.91100    1.38300  51.8%  45.5  915s
 183444 38907 infeasible   44         0.91100    1.38300  51.8%  45.5  921s
 184258 39089    1.07925   42   45    0.91100    1.38300  51.8%  45.5  925s
 185494 39356    1.38300   35   67    0.91100    1.38300  51.8%  45.5  930s
 186715 39587    1.04850   37   25    0.91100    1.38300  51.8%  45.5  936s
 187322 39814    1.31700   42   68    0.91100    1.38300  51.8%  45.5  941s
 188227 39913 infeasible   41         0.91100    1.38300  51.8%  45.5  945s
 189391 40074    1.02550   45   16    0.91100    1.38300  51.8%  45.5  950s
 190274 40232    1.38300   46   74    0.91100    1.38300  51.8%  45.5  955s
 191595 40500 infeasible   36         0.91100    1.38300  51.8%  45.5  960s
 192340 40699    1.05300   61   21    0.91100    1.38300  51.8%  45.4  965s
 193568 40946    1.16075   46   29    0.91100    1.38300  51.8%  45.5  972s
 194445 41128    1.01550   41   15    0.91100    1.38300  51.8%  45.4  976s
 195239 41251    1.08050   48   49    0.91100    1.38300  51.8%  45.5  980s
 196457 41518 infeasible   50         0.91100    1.38300  51.8%  45.5  986s
 197278 41704    1.06950   51   28    0.91100    1.38300  51.8%  45.5  991s
 198113 41909     cutoff   45         0.91100    1.38300  51.8%  45.5  996s
 198888 41991    1.30050   37   69    0.91100    1.38300  51.8%  45.5 1000s
*199081 42072              40       0.9110008    1.38300  51.8%  45.5 1002s
 199859 42259 infeasible   39         0.91100    1.38300  51.8%  45.5 1006s
 200736 42417    1.25100   38   42    0.91100    1.38300  51.8%  45.5 1010s
 201983 42706 infeasible   39         0.91100    1.38300  51.8%  45.5 1016s
 202821 42830 infeasible   42         0.91100    1.38300  51.8%  45.5 1021s
 203545 42961    0.97050   36   10    0.91100    1.38300  51.8%  45.5 1025s
 204903 43233    1.38300   37   72    0.91100    1.38300  51.8%  45.5 1031s
 205770 43424    1.38300   38   77    0.91100    1.38300  51.8%  45.5 1035s
 207015 43776    1.38300   37   59    0.91100    1.38300  51.8%  45.5 1041s
 208284 43962 infeasible   36         0.91100    1.38300  51.8%  45.5 1046s
 209468 44261    0.98800   58    6    0.91100    1.38300  51.8%  45.6 1052s
 210316 44467 infeasible   57         0.91100    1.38300  51.8%  45.6 1056s
 211136 44640 infeasible   34         0.91100    1.38300  51.8%  45.6 1060s
 212384 44818 infeasible   36         0.91100    1.38300  51.8%  45.6 1066s
 213225 44986    1.05300   46   35    0.91100    1.38300  51.8%  45.6 1070s
 214480 45120 infeasible   40         0.91100    1.38300  51.8%  45.6 1075s
 215666 45277    0.91875   53   13    0.91100    1.38300  51.8%  45.7 1080s
 216503 45380 infeasible   52         0.91100    1.38300  51.8%  45.7 1085s
 217727 45603    0.93300   35   49    0.91100    1.38300  51.8%  45.7 1091s
 218552 45823    1.03425   62   12    0.91100    1.38300  51.8%  45.7 1096s
 219342 45917    1.32800   43   74    0.91100    1.38300  51.8%  45.7 1101s
 220116 46079    1.02000   49   22    0.91100    1.38300  51.8%  45.7 1106s
 220912 46176    0.91425   36   16    0.91100    1.38300  51.8%  45.7 1111s
 221771 46347    1.21800   35   40    0.91100    1.38300  51.8%  45.7 1116s
 222568 46499    1.38300   57   61    0.91100    1.38300  51.8%  45.7 1121s
 223411 46674    1.13550   51   64    0.91100    1.38300  51.8%  45.7 1125s
 224239 46738 infeasible   42         0.91100    1.38300  51.8%  45.7 1130s
 225471 46982 infeasible   43         0.91100    1.38300  51.8%  45.7 1136s
 226302 47131    0.96825   53   10    0.91100    1.38300  51.8%  45.7 1141s
 227116 47284 infeasible   44         0.91100    1.38300  51.8%  45.7 1147s
 227521 47351    1.30050   40   46    0.91100    1.38300  51.8%  45.7 1152s
 227950 47431 infeasible   45         0.91100    1.38300  51.8%  45.7 1155s
 228797 47609    1.13550   56   38    0.91100    1.38300  51.8%  45.7 1160s
 229582 47743    1.38300   45   90    0.91100    1.38300  51.8%  45.8 1165s
 230381 47904    1.13550   44   58    0.91100    1.38300  51.8%  45.8 1170s
 231237 48045     cutoff   42         0.91100    1.38300  51.8%  45.8 1176s
 232061 48217    1.38300   35   81    0.91100    1.38300  51.8%  45.8 1181s
 232876 48374    1.38080   39   84    0.91100    1.38300  51.8%  45.8 1186s
 233570 48515    1.18050   43   38    0.91100    1.38300  51.8%  45.9 1190s
 234373 48629    1.38300   32   73    0.91100    1.38300  51.8%  45.8 1195s
 235019 48814    1.08600   49   39    0.91100    1.38300  51.8%  45.9 1200s
 236238 49084 infeasible   48         0.91100    1.38300  51.8%  45.9 1206s
 236955 49213    1.11675   45   39    0.91100    1.38300  51.8%  45.9 1211s
 237712 49385    1.21800   41   71    0.91100    1.38300  51.8%  45.9 1215s
 238369 49528 infeasible   53         0.91100    1.38300  51.8%  45.9 1220s
 239155 49625     cutoff   56         0.91100    1.38300  51.8%  46.0 1225s
 240363 49778 infeasible   40         0.91100    1.38300  51.8%  46.0 1232s
 241153 49884    1.14975   52   54    0.91100    1.38300  51.8%  46.0 1236s
 242011 49975    1.09800   48   39    0.91100    1.38300  51.8%  46.0 1241s
 242924 49954    1.25800   35   79    0.91100    1.38050  51.5%  46.0 1246s
 243842 50000 infeasible   45         0.91100    1.37350  50.8%  46.1 1250s
 244729 50039    0.96925   43   26    0.91100    1.37200  50.6%  46.1 1255s
 246092 49863    1.15200   33   57    0.91100    1.35660  48.9%  46.0 1262s
 246721 49757 infeasible   45         0.91100    1.34756  47.9%  46.0 1267s
 247379 49820    1.03425   43   17    0.91100    1.34175  47.3%  46.0 1271s
 248228 49802 infeasible   46         0.91100    1.34050  47.1%  46.0 1276s
 249186 49697 infeasible   48         0.91100    1.32800  45.8%  45.9 1280s
 250549 49771    1.32635   40   57    0.91100    1.32800  45.8%  45.9 1286s
 251414 49807 infeasible   56         0.91100    1.32800  45.8%  45.9 1290s
 252599 49819 infeasible   41         0.91100    1.32800  45.8%  45.9 1296s
 253297 49903    1.14100   50   38    0.91100    1.32112  45.0%  45.9 1300s
 254494 49998     cutoff   52         0.91100    1.31700  44.6%  45.9 1306s
 255308 50005    1.14100   44   14    0.91100    1.31700  44.6%  45.9 1310s
 256556 50016    1.06950   58   40    0.91100    1.31700  44.6%  46.0 1316s
 257349 49992 infeasible   40         0.91100    1.31700  44.6%  46.0 1321s
 258201 49970 infeasible   58         0.91100    1.31700  44.6%  46.0 1325s
 259443 50015    1.31700   51   62    0.91100    1.31700  44.6%  46.0 1331s
 260269 50032    1.25100   37   79    0.91100    1.31700  44.6%  46.0 1335s
 261487 49977    0.98475   47    8    0.91100    1.31700  44.6%  46.0 1341s
 262305 50098 infeasible   37         0.91100    1.31700  44.6%  46.0 1345s
 263369 50176    1.31700   38   53    0.91100    1.31700  44.6%  46.0 1351s
 264206 50303    1.31700   53   82    0.91100    1.31700  44.6%  46.0 1356s
 265058 50309    1.31700   42   81    0.91100    1.31700  44.6%  46.0 1360s
 266304 50385    1.25100   54   35    0.91100    1.31700  44.6%  46.0 1366s
 267184 50486 infeasible   54         0.91100    1.30875  43.7%  46.0 1370s
 268374 50384     cutoff   46         0.91100    1.30750  43.5%  46.0 1376s
 269167 50430     cutoff   37         0.91100    1.30300  43.0%  46.0 1381s
 269969 50497 infeasible   36         0.91100    1.30300  43.0%  46.0 1385s
 271146 50506    1.06950   41   28    0.91100    1.30050  42.8%  46.1 1392s
 272036 50529    1.11675   43   45    0.91100    1.30050  42.8%  46.0 1395s
 272929 50582    1.01550   47   26    0.91100    1.30050  42.8%  46.0 1401s
 273882 50726    1.10250   34   34    0.91100    1.30050  42.8%  46.0 1406s
 274747 50846    1.10250   38   32    0.91100    1.30050  42.8%  46.0 1410s
 276054 51045 infeasible   59         0.91100    1.30050  42.8%  46.0 1415s
 277270 51186    1.13550   38   66    0.91100    1.30050  42.8%  45.9 1421s
 278091 51236 infeasible   39         0.91100    1.30050  42.8%  45.9 1425s
 279322 51363    0.98363   34   26    0.91100    1.30050  42.8%  45.9 1431s
 280118 51400     cutoff   35         0.91100    1.30050  42.8%  45.9 1435s
 281280 51459    0.93075   42   26    0.91100    1.30050  42.8%  45.9 1441s
 282161 51497 infeasible   60         0.91100    1.30050  42.8%  45.9 1445s
 283361 51541    1.30050   66   64    0.91100    1.30050  42.8%  45.9 1451s
 284153 51581 infeasible   34         0.91100    1.30050  42.8%  45.9 1456s
 284941 51602     cutoff   57         0.91100    1.29800  42.5%  45.9 1460s
 286213 51624    1.28175   44   59    0.91100    1.28175  40.7%  45.9 1466s
 287017 51680    0.93300   55   36    0.91100    1.28175  40.7%  45.9 1470s
 288242 51829    1.21575   40   52    0.91100    1.28175  40.7%  45.9 1476s
 288974 51937     cutoff   50         0.91100    1.28175  40.7%  45.9 1481s
 289786 52044    1.00725   52   13    0.91100    1.28175  40.7%  45.9 1486s
 290625 52154 infeasible   49         0.91100    1.28175  40.7%  45.8 1491s
 291140 52217    0.93300   46   14    0.91100    1.28175  40.7%  45.8 1496s
 291763 52297 infeasible   51         0.91100    1.28175  40.7%  45.8 1500s
 292640 52355    1.19925   46   38    0.91100    1.28175  40.7%  45.8 1506s
 293474 52446    1.14425   51   36    0.91100    1.28175  40.7%  45.8 1511s
 294312 52542 infeasible   57         0.91100    1.28175  40.7%  45.8 1515s
 295098 52708    1.11675   50   24    0.91100    1.28175  40.7%  45.8 1520s
 296110 52862    1.03425   54   54    0.91100    1.28175  40.7%  45.8 1525s
 296900 52951    1.28175   39   90    0.91100    1.28175  40.7%  45.8 1530s
 297995 53138    1.28175   50   63    0.91100    1.28175  40.7%  45.8 1536s
 298811 53205    1.18050   40   77    0.91100    1.28175  40.7%  45.8 1540s
 299596 53261    1.27075   48   58    0.91100    1.28175  40.7%  45.8 1545s
 300853 53367 infeasible   52         0.91100    1.28175  40.7%  45.8 1551s
 301461 53405 infeasible   41         0.91100    1.28175  40.7%  45.8 1555s
 302760 53535 infeasible   52         0.91100    1.28175  40.7%  45.8 1561s
 303606 53583    1.08925   59   18    0.91100    1.28175  40.7%  45.8 1565s
 304865 53686 infeasible   49         0.91100    1.28175  40.7%  45.8 1571s
 305525 53793    1.28175   42   42    0.91100    1.28175  40.7%  45.8 1575s
 306829 54017     cutoff   55         0.91100    1.28175  40.7%  45.8 1581s
 307658 54114    1.07050   44    9    0.91100    1.28175  40.7%  45.7 1585s
 308884 54134    0.92200   52   14    0.91100    1.28175  40.7%  45.8 1591s
 309752 54103    1.11450   46   28    0.91100    1.28175  40.7%  45.8 1595s
 310961 54254    1.09613   45   76    0.91100    1.28175  40.7%  45.8 1601s
 311713 54320    1.28175   49   77    0.91100    1.28175  40.7%  45.8 1605s
 312985 54443    0.96825   45   18    0.91100    1.28175  40.7%  45.8 1611s
 313811 54476    1.28175   41   66    0.91100    1.28175  40.7%  45.8 1616s
 314653 54457    1.07050   54   22    0.91100    1.28175  40.7%  45.8 1620s
 316014 54266 infeasible   41         0.91100    1.27450  39.9%  45.8 1626s
 317170 54275    1.17175   46   39    0.91100    1.27300  39.7%  45.8 1631s
 318048 54212 infeasible   34         0.91100    1.27300  39.7%  45.7 1635s
 319392 54056    1.27300   58   41    0.91100    1.27300  39.7%  45.7 1641s
 320684 54060    1.27300   38   46    0.91100    1.27300  39.7%  45.7 1646s
 321515 54176 infeasible   40         0.91100    1.27300  39.7%  45.7 1650s
 322680 54462 infeasible   57         0.91100    1.27300  39.7%  45.6 1655s
 324013 54616    1.00675   53   10    0.91100    1.27300  39.7%  45.6 1661s
 325182 54786    1.07050   51   22    0.91100    1.27300  39.7%  45.6 1666s
 325990 54823    1.19050   57   35    0.91100    1.27300  39.7%  45.6 1670s
 327008 54997    1.27300   56   49    0.91100    1.27300  39.7%  45.6 1675s
 328347 55185    1.27300   47   63    0.91100    1.27300  39.7%  45.5 1681s
 329165 55286    1.27300   45   53    0.91100    1.27300  39.7%  45.5 1685s
 330465 55459 infeasible   36         0.91100    1.27300  39.7%  45.5 1690s
 331726 55564    1.27300   40   50    0.91100    1.27300  39.7%  45.4 1696s
 332832 55641    1.27300   54   41    0.91100    1.27300  39.7%  45.4 1701s
 333673 55671    1.14925   58   58    0.91100    1.27300  39.7%  45.4 1705s
 334999 55844    0.98700   47   18    0.91100    1.27300  39.7%  45.4 1711s
 336244 55916     cutoff   56         0.91100    1.27300  39.7%  45.3 1716s
 336993 56018 infeasible   35         0.91100    1.27300  39.7%  45.3 1720s
 338291 56239    1.00675   52   24    0.91100    1.27300  39.7%  45.3 1725s
 339527 56370 infeasible   31         0.91100    1.27300  39.7%  45.2 1731s
 340693 56539    1.17175   54   39    0.91100    1.27300  39.7%  45.2 1736s
 341478 56673 infeasible   47         0.91100    1.27300  39.7%  45.2 1740s
 342646 56847 infeasible   52         0.91100    1.27300  39.7%  45.2 1746s
 343704 56911    0.99250   52   34    0.91100    1.27300  39.7%  45.1 1751s
 344547 56808    0.92425   48   20    0.91100    1.27300  39.7%  45.1 1755s
 345853 56686    1.25800   36   70    0.91100    1.25800  38.1%  45.1 1761s
 346565 56791    0.94225   46   21    0.91100    1.25800  38.1%  45.1 1765s
 347632 56882 infeasible   37         0.91100    1.25800  38.1%  45.1 1771s
 348340 56952 infeasible   51         0.91100    1.25800  38.1%  45.1 1775s
 349073 56967 infeasible   42         0.91100    1.25800  38.1%  45.1 1780s
 350306 56769    0.98475   49   24    0.91100    1.25100  37.3%  45.1 1786s
 351239 56590 infeasible   46         0.91100    1.25100  37.3%  45.1 1790s
 352108 56474    1.14100   50   26    0.91100    1.25100  37.3%  45.1 1796s
 352983 56377    1.14975   41   42    0.91100    1.25100  37.3%  45.1 1800s
 354290 56268    1.14975   51   31    0.91100    1.25100  37.3%  45.1 1806s
 355137 56181    1.18500   40   59    0.91100    1.25100  37.3%  45.1 1810s
 355940 56133    1.08600   56   45    0.91100    1.25100  37.3%  45.1 1815s
 356794 56099     cutoff   43         0.91100    1.25100  37.3%  45.1 1820s
 357640 56076    1.04850   62   28    0.91100    1.25100  37.3%  45.1 1826s
 358504 56094 infeasible   53         0.91100    1.25100  37.3%  45.1 1831s
 359344 56105 infeasible   41         0.91100    1.25100  37.3%  45.0 1835s
 360523 56177 infeasible   44         0.91100    1.25100  37.3%  45.0 1842s
 361261 56216 infeasible   37         0.91100    1.25100  37.3%  45.0 1846s
 362062 56222    1.08600   45   33    0.91100    1.25100  37.3%  45.0 1850s
 362977 56318 infeasible   43         0.91100    1.25100  37.3%  45.0 1857s
 363393 56308    1.08600   52   52    0.91100    1.25100  37.3%  45.0 1860s
 364651 56253    0.95175   55   16    0.91100    1.25100  37.3%  45.0 1867s
 365562 56187 infeasible   54         0.91100    1.24550  36.7%  45.0 1871s
 366503 56187    0.96825   48   24    0.91100    1.23450  35.5%  45.0 1876s
 367370 56136    0.93850   48    8    0.91100    1.23450  35.5%  45.0 1880s
 368264 56112    1.03975   54   27    0.91100    1.22675  34.7%  45.0 1885s
 369134 56063    1.02875   47   22    0.91100    1.22675  34.7%  44.9 1890s
 370334 56022 infeasible   32         0.91100    1.22350  34.3%  45.0 1896s
 371122 55936 infeasible   53         0.91100    1.21800  33.7%  44.9 1900s
 372499 55791 infeasible   58         0.91100    1.21800  33.7%  44.9 1905s
 373781 55751    1.21800   58   34    0.91100    1.21800  33.7%  44.9 1911s
 375003 55749 infeasible   57         0.91100    1.21800  33.7%  44.8 1916s
 375858 55665     cutoff   51         0.91100    1.21800  33.7%  44.8 1920s
 377026 55720 infeasible   50         0.91100    1.21800  33.7%  44.8 1925s
 378327 55767    1.01550   49   16    0.91100    1.21800  33.7%  44.8 1930s
 379590 55807    1.21800   51   42    0.91100    1.21800  33.7%  44.7 1936s
 380343 55839    0.97050   45   30    0.91100    1.21800  33.7%  44.7 1940s
 381679 55805     cutoff   49         0.91100    1.21800  33.7%  44.7 1946s
 382976 55804 infeasible   41         0.91100    1.21800  33.7%  44.7 1951s
 383796 55767    1.21800   45   54    0.91100    1.21800  33.7%  44.6 1955s
 385112 55801    1.21800   35   40    0.91100    1.21800  33.7%  44.6 1960s
 386371 55875    1.10800   56   20    0.91100    1.21800  33.7%  44.6 1966s
 387645 55910 infeasible   51         0.91100    1.21800  33.7%  44.6 1971s
 388339 55950 infeasible   57         0.91100    1.21800  33.7%  44.5 1976s
 389117 56017 infeasible   50         0.91100    1.21800  33.7%  44.5 1980s
 390425 56067    0.97050   60   20    0.91100    1.21800  33.7%  44.5 1986s
 391192 56077    1.05075   42   56    0.91100    1.21800  33.7%  44.5 1990s
 392385 56130 infeasible   48         0.91100    1.21800  33.7%  44.5 1995s
 392620 56122    1.21800   41   64    0.91100    1.21800  33.7%  44.5 2000s
 393520 56111     cutoff   49         0.91100    1.21800  33.7%  44.5 2007s
 394403 56086 infeasible   70         0.91100    1.21800  33.7%  44.4 2011s
 395248 56075    0.95175   48    6    0.91100    1.21800  33.7%  44.4 2017s
 395746 56181 infeasible   52         0.91100    1.21800  33.7%  44.4 2021s
 396647 56196    0.97050   60   17    0.91100    1.21800  33.7%  44.4 2026s
 397514 56213    0.92100   44    2    0.91100    1.21800  33.7%  44.4 2032s
 397989 56296    1.21800   41   43    0.91100    1.21800  33.7%  44.4 2035s
 398862 56439    1.05300   42   19    0.91100    1.21800  33.7%  44.4 2041s
 399690 56606    1.17675   40   54    0.91100    1.21800  33.7%  44.3 2047s
 400094 56725    1.08600   43   25    0.91100    1.21800  33.7%  44.3 2050s
 401027 56808    0.99575   46   32    0.91100    1.21800  33.7%  44.3 2055s
 401790 56806    0.94950   47    2    0.91100    1.21800  33.7%  44.3 2061s
 402566 56888    1.08600   42   44    0.91100    1.21800  33.7%  44.3 2066s
 403339 56915    1.11675   46   28    0.91100    1.21800  33.7%  44.3 2071s
 404187 56958 infeasible   47         0.91100    1.21800  33.7%  44.2 2075s
 405350 57015 infeasible   49         0.91100    1.21800  33.7%  44.2 2081s
 406446 57106    1.16300   44   49    0.91100    1.21800  33.7%  44.2 2086s
 407242 57075    0.94075   50    4    0.91100    1.21800  33.7%  44.2 2090s
 408474 57080    1.21800   44   32    0.91100    1.21800  33.7%  44.2 2096s
 409293 57099 infeasible   47         0.91100    1.21800  33.7%  44.2 2100s
 410503 57151    1.21800   48   47    0.91100    1.21800  33.7%  44.1 2105s
 411745 57195    1.21800   30   57    0.91100    1.21800  33.7%  44.1 2111s
 412555 57220 infeasible   46         0.91100    1.21800  33.7%  44.1 2115s
 413747 57329 infeasible   52         0.91100    1.21800  33.7%  44.1 2121s
 414533 57316 infeasible   43         0.91100    1.21800  33.7%  44.1 2125s
 415768 57335 infeasible   46         0.91100    1.21800  33.7%  44.1 2131s
 416571 57330 infeasible   37         0.91100    1.21800  33.7%  44.1 2135s
 417675 57375    1.05300   50   20    0.91100    1.21800  33.7%  44.0 2141s
 418885 57487 infeasible   39         0.91100    1.21800  33.7%  44.0 2146s
 419713 57477    1.01550   44   14    0.91100    1.21800  33.7%  44.0 2150s
 420952 57559    1.21800   33   44    0.91100    1.21800  33.7%  44.0 2156s
 421542 57550 infeasible   41         0.91100    1.21800  33.7%  44.0 2163s
 422479 57634    1.00675   41   13    0.91100    1.21800  33.7%  44.0 2165s
 423338 57697 infeasible   42         0.91100    1.21800  33.7%  44.0 2170s
 424676 57852 infeasible   40         0.91100    1.21800  33.7%  44.0 2176s
 425569 57904 infeasible   50         0.91100    1.21800  33.7%  43.9 2180s
 426813 58002    1.21800   53   47    0.91100    1.21800  33.7%  43.9 2186s
 427623 58085    1.21800   43   65    0.91100    1.21800  33.7%  43.9 2190s
 428918 58162 infeasible   42         0.91100    1.21800  33.7%  43.9 2196s
 429705 58240    1.05300   46   29    0.91100    1.21800  33.7%  43.9 2200s
 430918 58320 infeasible   53         0.91100    1.21800  33.7%  43.9 2206s
 431745 58368    1.05300   45   32    0.91100    1.21800  33.7%  43.9 2210s
 432905 58448 infeasible   50         0.91100    1.21800  33.7%  43.9 2217s
 433790 58525    1.08600   45   16    0.91100    1.21800  33.7%  43.8 2221s
 434684 58559    1.21800   43   46    0.91100    1.21800  33.7%  43.8 2225s
 435442 58626     cutoff   46         0.91100    1.21800  33.7%  43.8 2230s
 436705 58701    1.21800   42   47    0.91100    1.21800  33.7%  43.8 2236s
 437542 58708 infeasible   41         0.91100    1.21800  33.7%  43.8 2240s
 438407 58742    1.11675   43   41    0.91100    1.21800  33.7%  43.8 2245s
 439454 58754 infeasible   55         0.91100    1.21800  33.7%  43.8 2251s
 440364 58789    1.11675   55   22    0.91100    1.21800  33.7%  43.8 2255s
 441724 58867    1.11675   50   39    0.91100    1.21800  33.7%  43.7 2261s
 442212 58881    1.01550   51   14    0.91100    1.21800  33.7%  43.7 2275s
 445436 58955    0.93300   51   12    0.91100    1.21800  33.7%  43.6 2280s
 446657 58976    1.13550   50   18    0.91100    1.21800  33.7%  43.6 2286s
 447513 59038    1.21800   52   32    0.91100    1.21800  33.7%  43.6 2290s
 448708 59130    1.14975   54   39    0.91100    1.21800  33.7%  43.6 2295s
 449925 58934     cutoff   52         0.91100    1.21575  33.5%  43.6 2301s
 451127 58764 infeasible   46         0.91100    1.21550  33.4%  43.6 2306s
 452083 58787    1.14100   46   37    0.91100    1.20700  32.5%  43.6 2310s
 453499 58837 infeasible   63         0.91100    1.20700  32.5%  43.5 2315s
 454745 58820    0.92200   69   10    0.91100    1.20700  32.5%  43.5 2321s
 455576 58749     cutoff   55         0.91100    1.20700  32.5%  43.5 2326s
 456172 58781    1.20175   37   48    0.91100    1.20175  31.9%  43.5 2330s
 457232 58814    1.00375   50   27    0.91100    1.20175  31.9%  43.5 2335s
 457909 58846 infeasible   35         0.91100    1.20175  31.9%  43.5 2340s
 458934 58865    1.20175   38   72    0.91100    1.20175  31.9%  43.5 2346s
 459636 58865    1.00375   33   32    0.91100    1.20175  31.9%  43.5 2350s
 460700 58867 infeasible   47         0.91100    1.20175  31.9%  43.6 2357s
 461408 58879    1.20175   29   50    0.91100    1.20175  31.9%  43.6 2361s
 462241 58932     cutoff   54         0.91100    1.20175  31.9%  43.6 2366s
 463173 58885    0.96050   56   10    0.91100    1.19925  31.6%  43.6 2370s
 464688 58978 infeasible   64         0.91100    1.19925  31.6%  43.5 2375s
 465744 58993 infeasible   47         0.91100    1.19925  31.6%  43.5 2380s
 466875 59126 infeasible   49         0.91100    1.19925  31.6%  43.5 2386s
 468003 59125    1.09800   45   42    0.91100    1.19925  31.6%  43.5 2391s
 468760 59171    1.13325   45   25    0.91100    1.19925  31.6%  43.5 2395s
 469970 58996    1.19600   40   32    0.91100    1.19750  31.4%  43.5 2401s
 470948 58789     cutoff   39         0.91100    1.19600  31.3%  43.5 2405s
 472372 58740    0.99250   48   20    0.91100    1.19050  30.7%  43.5 2410s
 473609 58790    0.99250   50   24    0.91100    1.19050  30.7%  43.5 2415s
 474963 58816     cutoff   47         0.91100    1.19050  30.7%  43.4 2421s
 476210 58942     cutoff   41         0.91100    1.18500  30.1%  43.4 2426s
 477363 58989    1.10250   48   39    0.91100    1.18500  30.1%  43.4 2431s
 478552 59057    1.02000   48   34    0.91100    1.18500  30.1%  43.4 2436s
 479687 59185 infeasible   43         0.91100    1.18500  30.1%  43.4 2441s
 480536 59205 infeasible   53         0.91100    1.18500  30.1%  43.4 2447s
 481317 59199     cutoff   42         0.91100    1.18500  30.1%  43.4 2451s
 482116 59235 infeasible   49         0.91100    1.18500  30.1%  43.4 2455s
 483382 59296     cutoff   57         0.91100    1.18500  30.1%  43.4 2460s
 484438 59351 infeasible   48         0.91100    1.18500  30.1%  43.3 2465s
 485688 59421    1.00125   49   21    0.91100    1.18500  30.1%  43.3 2471s
 486598 59482    1.02000   50   11    0.91100    1.18500  30.1%  43.3 2475s
 487927 59517 infeasible   43         0.91100    1.18500  30.1%  43.3 2480s
 489112 59531 infeasible   40         0.91100    1.18500  30.1%  43.3 2486s
 490393 59597     cutoff   55         0.91100    1.18500  30.1%  43.3 2491s
 491256 59635    1.18500   54   34    0.91100    1.18500  30.1%  43.3 2495s
 492039 59637    1.13000   38   27    0.91100    1.18500  30.1%  43.3 2500s
 492866 59688 infeasible   52         0.91100    1.18500  30.1%  43.3 2506s
 493350 59709     cutoff   56         0.91100    1.18500  30.1%  43.2 2511s
 494066 59768    0.97375   42   10    0.91100    1.18500  30.1%  43.2 2516s
 495358 59835 infeasible   47         0.91100    1.18500  30.1%  43.2 2522s
 496261 59946 infeasible   51         0.91100    1.18500  30.1%  43.2 2527s
 497085 59972    0.93750   33   18    0.91100    1.18500  30.1%  43.2 2530s
 498295 60110    1.18500   40   57    0.91100    1.18500  30.1%  43.2 2535s
 499468 60214    1.02000   49   13    0.91100    1.18500  30.1%  43.2 2540s
 500507 60287     cutoff   50         0.91100    1.18500  30.1%  43.2 2545s
 501752 60319 infeasible   55         0.91100    1.18500  30.1%  43.2 2551s
 503070 60402    1.02000   47   14    0.91100    1.18500  30.1%  43.1 2556s
 503894 60453    1.18500   46   29    0.91100    1.18500  30.1%  43.1 2560s
 505128 60531    1.18500   40   42    0.91100    1.18500  30.1%  43.1 2565s
 506375 60588 infeasible   47         0.91100    1.18500  30.1%  43.1 2570s
 507650 60640 infeasible   44         0.91100    1.18500  30.1%  43.1 2576s
 507927 60641    0.91875   46    2    0.91100    1.18500  30.1%  43.1 2580s
 509288 60716 infeasible   41         0.91100    1.18500  30.1%  43.1 2586s
 510720 60614    1.18500   41   46    0.91100    1.18500  30.1%  43.1 2591s
 511611 60530    1.08375   46   53    0.91100    1.18500  30.1%  43.1 2595s
 512911 60527    0.96600   55   10    0.91100    1.18050  29.6%  43.1 2600s
 514180 60497    1.18050   48   43    0.91100    1.18050  29.6%  43.0 2606s
 515441 60387 infeasible   52         0.91100    1.18050  29.6%  43.0 2611s
 516300 60377    1.01550   46   23    0.91100    1.18050  29.6%  43.0 2615s
 517251 60315 infeasible   54         0.91100    1.18050  29.6%  43.0 2620s
 518504 60219    0.98250   38   37    0.91100    1.18050  29.6%  43.0 2625s
 519787 60200 infeasible   43         0.91100    1.18050  29.6%  43.0 2631s
 521015 60143    0.92475   46   19    0.91100    1.18050  29.6%  43.0 2636s
 521836 60093    1.18050   39   51    0.91100    1.18050  29.6%  43.0 2640s
 523071 60059    1.18050   43   44    0.91100    1.18050  29.6%  43.0 2645s
 524265 60248     cutoff   42         0.91100    1.18050  29.6%  43.0 2651s
 525097 60296     cutoff   48         0.91100    1.18050  29.6%  43.0 2655s
 526114 60373     cutoff   44         0.91100    1.18050  29.6%  43.0 2660s
 527285 60541    1.04850   31   18    0.91100    1.18050  29.6%  43.0 2666s
 528102 60628    0.94950   44   12    0.91100    1.18050  29.6%  43.0 2670s
 529314 60754    1.18050   43   56    0.91100    1.18050  29.6%  43.0 2675s
 530469 60787     cutoff   40         0.91100    1.18050  29.6%  43.0 2681s
 531372 60839    1.01550   38   21    0.91100    1.18050  29.6%  43.0 2685s
 532632 61032    1.18050   36   35    0.91100    1.18050  29.6%  43.0 2691s
 533498 61151     cutoff   40         0.91100    1.18050  29.6%  43.0 2695s
 534687 61319    1.01550   34   13    0.91100    1.18050  29.6%  42.9 2700s
 535918 61430    1.01550   46   35    0.91100    1.18050  29.6%  42.9 2706s
 536717 61490     cutoff   37         0.91100    1.18050  29.6%  42.9 2710s
 537717 61524     cutoff   36         0.91100    1.18050  29.6%  42.9 2715s
 538844 61711    0.96600   33    2    0.91100    1.18050  29.6%  42.9 2721s
 539661 61765    0.96600   35   28    0.91100    1.18050  29.6%  42.9 2725s
 540862 61881    1.18050   31   43    0.91100    1.18050  29.6%  42.9 2730s
 542094 61936     cutoff   39         0.91100    1.18050  29.6%  42.9 2736s
 542195 62121 infeasible   45         0.91100    1.18050  29.6%  42.9 2744s
 543909 62185 infeasible   36         0.91100    1.18050  29.6%  42.9 2746s
 544732 62270    1.18050   31   58    0.91100    1.18050  29.6%  42.9 2750s
 546003 62437    1.11450   32   16    0.91100    1.18050  29.6%  42.9 2755s
 547307 62486 infeasible   41         0.91100    1.18050  29.6%  42.9 2761s
 548148 62501    1.18050   41   69    0.91100    1.18050  29.6%  42.9 2765s
 549387 62708    0.93300   42    4    0.91100    1.18050  29.6%  42.9 2771s
 550627 62787    1.01550   38    8    0.91100    1.18050  29.6%  42.9 2776s
 551501 62874    1.15988   38   71    0.91100    1.18050  29.6%  42.9 2780s
 552722 63020    1.01550   41   10    0.91100    1.18050  29.6%  42.9 2786s
 553604 63077    0.96600   44   34    0.91100    1.18050  29.6%  42.9 2790s
 554858 63228    1.18050   37   46    0.91100    1.18050  29.6%  42.9 2796s
 555499 63344    1.18050   39   48    0.91100    1.18050  29.6%  42.8 2800s
 556799 63444    1.09800   42   26    0.91100    1.18050  29.6%  42.8 2806s
 558105 63573    0.96600   40   17    0.91100    1.18050  29.6%  42.8 2811s
 558949 63737 infeasible   38         0.91100    1.18050  29.6%  42.8 2815s
 560249 63893 infeasible   50         0.91100    1.18050  29.6%  42.8 2821s
 561444 64009    0.99900   47   34    0.91100    1.18050  29.6%  42.8 2826s
 562322 64132    1.01550   45   14    0.91100    1.18050  29.6%  42.8 2830s
 563583 64261 infeasible   56         0.91100    1.18050  29.6%  42.8 2836s
 564388 64356    1.01550   52   26    0.91100    1.18050  29.6%  42.7 2840s
 565227 64442     cutoff   46         0.91100    1.18050  29.6%  42.7 2845s
 565879 64486 infeasible   49         0.91100    1.18050  29.6%  42.7 2851s
 566710 64579    0.96600   53    8    0.91100    1.18050  29.6%  42.7 2855s
 567520 64663    1.18050   45   53    0.91100    1.18050  29.6%  42.7 2861s
 568327 64802     cutoff   38         0.91100    1.18050  29.6%  42.7 2866s
 569124 64889    0.98800   48   16    0.91100    1.18050  29.6%  42.7 2870s
 570339 65028     cutoff   59         0.91100    1.18050  29.6%  42.7 2876s
 571168 65093    0.92750   45    6    0.91100    1.18050  29.6%  42.7 2880s
 572419 65144    1.01550   61   20    0.91100    1.18050  29.6%  42.7 2885s
 573683 65231    1.18050   39   62    0.91100    1.18050  29.6%  42.6 2891s
 574494 65257    0.94950   51   25    0.91100    1.18050  29.6%  42.6 2895s
 575720 65271    1.18050   43   50    0.91100    1.18050  29.6%  42.6 2901s
 576875 65379    0.96600   60    2    0.91100    1.18050  29.6%  42.6 2906s
 577663 65440    0.93300   52   16    0.91100    1.18050  29.6%  42.6 2910s
 578900 65466 infeasible   44         0.91100    1.18050  29.6%  42.6 2916s
 579711 65589    1.01550   43   26    0.91100    1.18050  29.6%  42.6 2920s
 580927 65744    0.98800   42   14    0.91100    1.18050  29.6%  42.6 2926s
 581802 65836    1.18050   36   54    0.91100    1.18050  29.6%  42.6 2930s
 583038 65896    1.01550   44   40    0.91100    1.18050  29.6%  42.6 2935s
 583777 65953    1.09800   50   22    0.91100    1.18050  29.6%  42.6 2940s
 585222 65998    0.96600   40   22    0.91100    1.18050  29.6%  42.6 2947s
 586129 66065    1.18050   35   34    0.91100    1.18050  29.6%  42.6 2951s
 586868 66091 infeasible   36         0.91100    1.18050  29.6%  42.6 2955s
 588194 66139    1.18050   44   46    0.91100    1.18050  29.6%  42.5 2961s
 589102 66175 infeasible   52         0.91100    1.18050  29.6%  42.5 2965s
 590233 66257     cutoff   36         0.91100    1.18050  29.6%  42.5 2971s
 591111 66285     cutoff   60         0.91100    1.18050  29.6%  42.5 2975s
 592376 66395    1.01550   44   22    0.91100    1.18050  29.6%  42.5 2981s
 593196 66370    0.96600   49   31    0.91100    1.18050  29.6%  42.5 2985s
 594387 66484    1.18050   53   44    0.91100    1.18050  29.6%  42.5 2991s
 595251 66529 infeasible   56         0.91100    1.18050  29.6%  42.5 2995s
 596470 66685     cutoff   41         0.91100    1.18050  29.6%  42.5 3001s
 597287 66694    1.01550   45   21    0.91100    1.18050  29.6%  42.5 3005s
 598559 66783    1.18050   46   56    0.91100    1.18050  29.6%  42.5 3011s
 599368 66836    1.18050   43   55    0.91100    1.18050  29.6%  42.5 3015s
 600553 66869    1.11450   45   55    0.91100    1.18050  29.6%  42.5 3020s
 601784 66962    1.18050   49   38    0.91100    1.18050  29.6%  42.5 3026s
 602582 67031 infeasible   45         0.91100    1.18050  29.6%  42.5 3030s
 603821 67142    1.18050   46   51    0.91100    1.18050  29.6%  42.5 3036s
 604652 67211     cutoff   50         0.91100    1.18050  29.6%  42.5 3040s
 605840 67288 infeasible   39         0.91100    1.18050  29.6%  42.5 3045s
 607177 67070     cutoff   39         0.91100    1.17775  29.3%  42.5 3051s
 607774 67087    1.17550   36   52    0.91100    1.17550  29.0%  42.5 3055s
 608909 67042    0.97750   40   32    0.91100    1.17550  29.0%  42.5 3061s
 609640 67083    1.07650   39   31    0.91100    1.17550  29.0%  42.5 3065s
 610736 67096 infeasible   32         0.91100    1.17550  29.0%  42.5 3071s
 611549 67045 infeasible   35         0.91100    1.17550  29.0%  42.4 3075s
 612776 67121 infeasible   40         0.91100    1.17550  29.0%  42.4 3081s
 613628 66969 infeasible   61         0.91100    1.17550  29.0%  42.4 3085s
 614536 66945     cutoff   60         0.91100    1.17175  28.6%  42.4 3090s
 615937 66828    1.17175   57   60    0.91100    1.17175  28.6%  42.4 3096s
 616907 66744 infeasible   52         0.91100    1.17175  28.6%  42.4 3100s
 618336 66683 infeasible   57         0.91100    1.17175  28.6%  42.4 3106s
 619295 66673    1.17175   45   39    0.91100    1.17175  28.6%  42.4 3110s
 620529 66624    1.03975   56   26    0.91100    1.17175  28.6%  42.4 3115s
 621891 66640 infeasible   50         0.91100    1.17175  28.6%  42.4 3121s
 623123 66639     cutoff   50         0.91100    1.17175  28.6%  42.4 3126s
 624145 66724    1.03975   61   22    0.91100    1.17175  28.6%  42.3 3131s
 625431 66595    1.07500   58   27    0.91100    1.17175  28.6%  42.3 3136s
 626411 66409 infeasible   45         0.91100    1.16850  28.3%  42.3 3140s
 627746 66032     cutoff   43         0.91100    1.16850  28.3%  42.3 3145s
 629528 65745     cutoff   31         0.91100    1.16106  27.4%  42.3 3151s
 630875 65464    1.08600   69   31    0.91100    1.15200  26.5%  42.3 3156s
 632072 65348    0.98700   49   11    0.91100    1.15200  26.5%  42.3 3161s
 633295 65330     cutoff   39         0.91100    1.15200  26.5%  42.2 3165s
 634607 65334    1.15200   41   46    0.91100    1.15200  26.5%  42.2 3171s
 635861 65167    0.98475   61   31    0.91100    1.15200  26.5%  42.2 3176s
 636659 65074 infeasible   45         0.91100    1.15200  26.5%  42.2 3180s
 637947 65009    1.15200   40   39    0.91100    1.15200  26.5%  42.2 3185s
 638977 64825    0.98475   63   25    0.91100    1.15200  26.5%  42.2 3190s
 640262 64756    1.00350   54   30    0.91100    1.15200  26.5%  42.2 3195s
 641538 64552    1.14975   49   28    0.91100    1.15200  26.5%  42.2 3200s
 642803 64262    0.96600   61   19    0.91100    1.14975  26.2%  42.2 3205s
 643949 64015 infeasible   46         0.91100    1.14975  26.2%  42.2 3210s
 645207 63824 infeasible   46         0.91100    1.14250  25.4%  42.1 3215s
 646645 63389    0.93850   50    8    0.91100    1.14100  25.2%  42.1 3220s
 648094 63188 infeasible   51         0.91100    1.14100  25.2%  42.1 3225s
 649740 63019    1.05300   51   19    0.91100    1.13575  24.7%  42.1 3231s
 650379 62988    0.96825   48   12    0.91100    1.13550  24.6%  42.1 3235s
 651157 63017    1.06950   37   17    0.91100    1.13550  24.6%  42.1 3240s
 652443 63076 infeasible   40         0.91100    1.13550  24.6%  42.0 3247s
 652818 63069     cutoff   33         0.91100    1.13550  24.6%  42.0 3251s
 653543 63030    1.13550   38   24    0.91100    1.13550  24.6%  42.0 3256s
 654155 63018 infeasible   53         0.91100    1.13550  24.6%  42.0 3261s
 654968 63022     cutoff   48         0.91100    1.13550  24.6%  42.0 3265s
 656199 62965    0.97050   66   18    0.91100    1.13550  24.6%  42.0 3271s
 657093 62977    0.96825   41   28    0.91100    1.13550  24.6%  42.0 3275s
 658378 63080    1.13550   31   20    0.91100    1.13550  24.6%  42.0 3281s
 659627 63093 infeasible   51         0.91100    1.13550  24.6%  42.0 3286s
 660421 63138    1.13550   48   40    0.91100    1.13550  24.6%  42.0 3290s
 661691 63163    0.95950   45   20    0.91100    1.13550  24.6%  41.9 3296s
 662484 63103    0.93750   41   22    0.91100    1.13550  24.6%  41.9 3300s
 663851 63164    1.06950   50   22    0.91100    1.13550  24.6%  41.9 3306s
 664729 63175    1.13550   42   21    0.91100    1.13550  24.6%  41.9 3310s
 666005 63162    1.13550   64   28    0.91100    1.13550  24.6%  41.9 3316s
 666899 63200    1.13550   47   47    0.91100    1.13550  24.6%  41.9 3321s
 667720 63251 infeasible   51         0.91100    1.13550  24.6%  41.9 3325s
 668936 63361 infeasible   46         0.91100    1.13550  24.6%  41.9 3332s
 669338 63369 infeasible   49         0.91100    1.13550  24.6%  41.9 3335s
 670149 63357    1.04200   47   26    0.91100    1.13550  24.6%  41.9 3341s
 670940 63363 infeasible   53         0.91100    1.13550  24.6%  41.8 3345s
 671881 63395    0.96825   43   21    0.91100    1.13550  24.6%  41.8 3351s
 672315 63390    1.13550   40   60    0.91100    1.13550  24.6%  41.8 3355s
 673132 63410 infeasible   40         0.91100    1.13550  24.6%  41.8 3361s
 673980 63342    1.03425   49   25    0.91100    1.13550  24.6%  41.8 3366s
 674420 63367    1.13550   41   13    0.91100    1.13550  24.6%  41.8 3370s
 675454 63455    1.13550   41   40    0.91100    1.13550  24.6%  41.8 3377s
 676330 63434    1.13550   47   37    0.91100    1.13550  24.6%  41.8 3381s
 677583 63502    1.13550   46   29    0.91100    1.13550  24.6%  41.8 3386s
 678390 63527    1.13550   32   42    0.91100    1.13550  24.6%  41.8 3390s
 679564 63566 infeasible   52         0.91100    1.13550  24.6%  41.8 3396s
 680347 63584 infeasible   46         0.91100    1.13550  24.6%  41.7 3401s
 680992 63567    0.93300   59   34    0.91100    1.13550  24.6%  41.7 3405s
 682287 63707    1.02550   58   20    0.91100    1.13550  24.6%  41.7 3411s
 683108 63752    1.13550   44   39    0.91100    1.13550  24.6%  41.7 3415s
 684275 63786    1.13550   47   39    0.91100    1.13550  24.6%  41.7 3420s
 685526 63917    0.95950   53   22    0.91100    1.13550  24.6%  41.7 3427s
 686347 63943 infeasible   59         0.91100    1.13550  24.6%  41.7 3430s
 687494 64044    0.96825   45   10    0.91100    1.13550  24.6%  41.7 3436s
 688346 64082    1.13550   44   37    0.91100    1.13550  24.6%  41.7 3440s
 689509 64154 infeasible   39         0.91100    1.13550  24.6%  41.7 3446s
 690765 64176    0.97050   57   14    0.91100    1.13550  24.6%  41.7 3451s
 691194 64194    1.13550   42   41    0.91100    1.13550  24.6%  41.6 3455s
 692359 64228 infeasible   37         0.91100    1.13550  24.6%  41.6 3461s
 693177 64282     cutoff   55         0.91100    1.13550  24.6%  41.6 3465s
 694549 64450    1.13550   58   27    0.91100    1.13550  24.6%  41.6 3470s
 695711 64546    0.93300   53   26    0.91100    1.13550  24.6%  41.6 3475s
 696839 64556 infeasible   57         0.91100    1.13550  24.6%  41.6 3481s
 698020 64607    0.95175   48   27    0.91100    1.13550  24.6%  41.6 3486s
 699111 64671    0.93300   57   36    0.91100    1.13550  24.6%  41.6 3491s
 699921 64678    1.06950   49   22    0.91100    1.13550  24.6%  41.6 3495s
 701104 64796     cutoff   57         0.91100    1.13550  24.6%  41.6 3500s
 702237 64895 infeasible   64         0.91100    1.13550  24.6%  41.5 3506s
 703210 64912    0.97925   49   24    0.91100    1.13550  24.6%  41.5 3511s
 703991 64959 infeasible   45         0.91100    1.13550  24.6%  41.5 3515s
 705203 65030 infeasible   45         0.91100    1.13550  24.6%  41.5 3521s
 706024 65062    1.00350   55   12    0.91100    1.13550  24.6%  41.5 3525s
 707246 65114    1.13550   56   46    0.91100    1.13550  24.6%  41.5 3531s
 708031 65146    1.13550   52   39    0.91100    1.13550  24.6%  41.5 3535s
 709242 65152     cutoff   43         0.91100    1.13550  24.6%  41.5 3541s
 710529 65197 infeasible   40         0.91100    1.13550  24.6%  41.5 3547s
 711380 65268     cutoff   44         0.91100    1.13550  24.6%  41.5 3551s
 712216 65308    1.03425   56   38    0.91100    1.13550  24.6%  41.5 3555s
 713461 65407 infeasible   47         0.91100    1.13550  24.6%  41.5 3561s
 714207 65477    1.13550   49   30    0.91100    1.13550  24.6%  41.4 3565s
 715518 65611    1.01450   55   14    0.91100    1.13550  24.6%  41.4 3571s
 716816 65702 infeasible   43         0.91100    1.13550  24.6%  41.4 3576s
 717979 65863    1.03425   55   24    0.91100    1.13550  24.6%  41.4 3581s
 718860 65859 infeasible   51         0.91100    1.13550  24.6%  41.4 3585s
 720051 66008    0.93300   43    8    0.91100    1.13550  24.6%  41.4 3590s
 721305 66068     cutoff   47         0.91100    1.13550  24.6%  41.4 3595s
 722409 66198    1.13550   50   43    0.91100    1.13550  24.6%  41.3 3600s

Cutting planes:
  Gomory: 11
  Cover: 219
  Implied bound: 46
  Clique: 186
  MIR: 24
  Flow cover: 237
  Inf proof: 2
  Zero half: 3
  Mod-K: 2
  RLT: 47
  Relax-and-lift: 48
  BQP: 1
  PSD: 25

Explored 722590 nodes (29881786 simplex iterations) in 3600.05 seconds (1778.63 work units)
Thread count was 4 (of 4 available processors)

Solution count 9: 0.911001 0.911 0.8835 ... 0.055

Time limit reached
Best objective 9.110008249599e-01, best bound 1.135500000000e+00, gap 24.6431%
