
Gurobi 12.0.2 (win64) logging started Sun Dec  7 12:37:46 2025

Set parameter LogFile to value "resultados DATA_1_n20m05b2d2\instancia_3_log.txt"
Gurobi Optimizer version 12.0.2 build v12.0.2rc0 (win64 - Windows 10.0 (19045.2))

CPU model: Intel(R) Core(TM) i5-6300U CPU @ 2.40GHz, instruction set [SSE2|AVX|AVX2]
Thread count: 2 physical cores, 4 logical processors, using up to 4 threads

Non-default parameters:
TimeLimit  3600

Optimize a model with 1749 rows, 2992 columns and 6270 nonzeros
Model fingerprint: 0x239a459e
Variable types: 66 continuous, 2926 integer (2926 binary)
Coefficient statistics:
  Matrix range     [1e+00, 1e+03]
  Objective range  [6e-02, 2e-01]
  Bounds range     [1e+00, 1e+00]
  RHS range        [1e+00, 1e+03]
Found heuristic solution: objective 0.1040000
Presolve removed 499 rows and 1951 columns
Presolve time: 0.06s
Presolved: 1250 rows, 1041 columns, 4428 nonzeros
Variable types: 55 continuous, 986 integer (986 binary)

Root relaxation: objective 1.794625e+00, 434 iterations, 0.01 seconds (0.00 work units)

    Nodes    |    Current Node    |     Objective Bounds      |     Work
 Expl Unexpl |  Obj  Depth IntInf | Incumbent    BestBd   Gap | It/Node Time

     0     0    1.79463    0   48    0.10400    1.79463  1626%     -    0s
H    0     0                       0.7290000    1.79463   146%     -    0s
     0     0    1.79463    0  254    0.72900    1.79463   146%     -    0s
H    0     0                       0.7915000    1.79463   127%     -    0s
     0     0    1.79463    0  226    0.79150    1.79463   127%     -    0s
     0     0    1.78213    0  141    0.79150    1.78213   125%     -    0s
H    0     0                       0.8540000    1.77561   108%     -    0s
     0     0    1.77275    0  116    0.85400    1.77275   108%     -    0s
     0     0    1.72276    0  240    0.85400    1.72276   102%     -    0s
     0     0    1.72006    0  262    0.85400    1.72006   101%     -    0s
     0     0    1.68915    0  223    0.85400    1.68915  97.8%     -    0s
     0     0    1.68833    0  263    0.85400    1.68833  97.7%     -    0s
     0     0    1.68716    0  271    0.85400    1.68716  97.6%     -    0s
     0     0    1.68716    0  270    0.85400    1.68716  97.6%     -    0s
     0     0    1.67147    0  263    0.85400    1.67147  95.7%     -    0s
     0     0    1.66831    0  312    0.85400    1.66831  95.4%     -    0s
     0     0    1.66831    0  319    0.85400    1.66831  95.4%     -    1s
     0     0    1.66831    0  125    0.85400    1.66831  95.4%     -    1s
     0     2    1.62525    0  116    0.85400    1.62525  90.3%     -    1s
H 1013   494                       0.8700000    1.45325  67.0%  36.6    3s
  1109   531    1.18863   34  131    0.87000    1.45325  67.0%  36.6    5s
  1648   529 infeasible   28         0.87000    1.45325  67.0%  50.9   10s
  2536   547 infeasible   52         0.87000    1.34925  55.1%  47.7   15s
  3552   898    1.19800   44  104    0.87000    1.34925  55.1%  43.1   20s
H 3745   928                       0.8700000    1.34925  55.1%  42.7   21s
  4525  1240    1.19800   45   91    0.87000    1.34925  55.1%  40.9   25s
  5782  1599    1.19800   47   76    0.87000    1.34925  55.1%  39.6   31s
  6481  1781    1.24525   30   60    0.87000    1.24525  43.1%  41.1   35s
  7342  1939    1.00525   41   18    0.87000    1.24525  43.1%  41.0   40s
  8509  2195    1.06525   39   54    0.87000    1.24525  43.1%  40.8   45s
  9453  2349    1.06525   38   41    0.87000    1.24525  43.1%  40.6   50s
 10488  2674    1.00525   44   55    0.87000    1.24525  43.1%  40.1   56s
 11328  3023 infeasible   41         0.87000    1.24525  43.1%  39.7   60s
 13444  4048    1.09400   69   30    0.87000    1.24525  43.1%  37.6   66s
 15009  4883    0.97400   62   20    0.87000    1.24525  43.1%  36.2   70s
 16896  5552    1.09400   53   42    0.87000    1.24525  43.1%  35.1   75s
 18786  6477 infeasible   44         0.87000    1.24525  43.1%  34.5   81s
 21011  7110    1.09400   52  125    0.87000    1.24525  43.1%  33.9   96s
 21026  7120    1.09400   45  124    0.87000    1.24525  43.1%  33.8  100s
 21598  7218    1.24525   40  109    0.87000    1.24525  43.1%  35.9  105s
 22325  7218 infeasible   48         0.87000    1.24525  43.1%  37.4  110s
 23377  7131    0.99000   43   46    0.87000    1.24525  43.1%  38.7  115s
 24092  6979    1.24525   43   69    0.87000    1.24525  43.1%  39.7  120s
 24977  6871    1.19800   43   85    0.87000    1.24525  43.1%  41.2  125s
 25998  6712    1.19800   46  103    0.87000    1.24525  43.1%  42.5  130s
 27631  6430    1.06525   52   54    0.87000    1.24525  43.1%  42.1  135s
 29043  6244    1.12525   55   49    0.87000    1.24525  43.1%  42.2  141s
 30224  6088     cutoff   48         0.87000    1.24525  43.1%  42.4  146s
 31148  5967    1.24525   46   44    0.87000    1.24525  43.1%  42.4  150s
 32492  5797    0.88025   54   10    0.87000    1.24525  43.1%  42.5  155s
 33792  5643    1.00525   55   25    0.87000    1.24525  43.1%  42.7  160s
 34952  5437    1.19800   46  100    0.87000    1.24525  43.1%  43.1  165s
 36100  5213    1.23925   55   74    0.87000    1.24525  43.1%  43.5  170s
 37342  4941     cutoff   49         0.87000    1.19800  37.7%  44.0  176s
 38579  4758    1.01800   54   29    0.87000    1.19800  37.7%  44.7  181s
 39728  4688 infeasible   40         0.87000    1.19800  37.7%  45.2  186s
 40623  4486    0.90650   53   27    0.87000    1.19800  37.7%  45.4  190s
 41900  4263    0.89550   58   26    0.87000    1.19800  37.7%  45.9  195s
 43184  4288    1.01050   59   39    0.87000    1.19800  37.7%  46.2  200s
 44144  4423    1.19800   49   55    0.87000    1.19800  37.7%  46.6  206s
 44941  4560    1.19800   42   99    0.87000    1.19800  37.7%  47.0  210s
 46211  4743    0.95800   50   26    0.87000    1.19800  37.7%  47.6  216s
 47080  4811 infeasible   49         0.87000    1.19800  37.7%  48.1  220s
 48393  5029    1.09400   49  115    0.87000    1.19800  37.7%  48.6  226s
 49126  5121    1.19800   50   87    0.87000    1.19800  37.7%  49.0  230s
 50400  5317 infeasible   56         0.87000    1.19800  37.7%  49.6  235s
 51304  5471 infeasible   51         0.87000    1.19800  37.7%  49.9  240s
 52722  5795 infeasible   46         0.87000    1.19800  37.7%  49.9  245s
 53946  6038    1.19800   45   87    0.87000    1.19800  37.7%  50.1  250s
 55240  6281 infeasible   51         0.87000    1.19800  37.7%  50.3  256s
 56696  6614    1.01800   52   34    0.87000    1.19800  37.7%  50.3  261s
 57959  7067    1.18013   53   54    0.87000    1.18200  35.9%  50.3  266s
 59529  7823     cutoff   70         0.87000    1.18013  35.6%  49.8  271s
 60951  8439     cutoff   58         0.87000    1.18013  35.6%  49.6  276s
 62283  9025 infeasible   66         0.87000    1.18013  35.6%  49.4  280s
 63596  9498    0.99000   45  116    0.87000    1.18013  35.6%  49.4  286s
*63938  9609              81       0.8700000    1.18013  35.6%  49.5  287s
 64616  9743 infeasible   62         0.87000    1.18013  35.6%  49.5  291s
 64824 10084    0.99763   63   55    0.87000    1.18013  35.6%  49.5  295s
 65804 10484    0.94013   55   22    0.87000    1.18013  35.6%  49.5  300s
 67237 11174    0.99000   60   41    0.87000    1.18013  35.6%  49.5  306s
 68276 11588    0.99000   57   30    0.87000    1.18013  35.6%  49.5  310s
 69753 12394    0.99000   69   67    0.87000    1.18013  35.6%  49.5  316s
 71548 13250    1.18013   51  148    0.87000    1.18013  35.6%  49.1  321s
 72964 13977    0.99000   66   88    0.87000    1.18013  35.6%  49.2  326s
 74257 14679    1.18013   54  158    0.87000    1.18013  35.6%  49.1  330s
 75570 15317    1.14125   48  111    0.87000    1.18013  35.6%  49.0  335s
 77100 16229     cutoff   52         0.87000    1.18013  35.6%  49.0  341s
 78472 17009    0.99000   57   72    0.87000    1.18013  35.6%  48.9  345s
 80206 17888    0.99000   72   68    0.87000    1.18013  35.6%  48.9  351s
 81421 18678    1.14125   50   83    0.87000    1.18013  35.6%  48.9  356s
 82699 19413 infeasible   91         0.87000    1.18013  35.6%  48.9  360s
 83765 19907    0.99000   72   38    0.87000    1.18013  35.6%  49.0  365s
 85176 20669    0.99000   76   47    0.87000    1.18013  35.6%  48.9  370s
 87056 21630 infeasible   80         0.87000    1.18013  35.6%  48.7  376s
 88310 22369    0.99000   62   37    0.87000    1.18013  35.6%  48.7  380s
 89601 22985    0.99000   48  215    0.87000    1.18013  35.6%  48.7  385s
 91180 23905 infeasible   65         0.87000    1.18013  35.6%  48.7  391s
 92464 24596    0.93000   77   19    0.87000    1.18013  35.6%  48.7  395s
 93473 25216    0.99000   59   99    0.87000    1.18013  35.6%  48.7  400s
 95187 26214    0.99000   60   92    0.87000    1.18013  35.6%  48.6  405s
*96698 26907              94       0.8700000    1.18013  35.6%  48.5  409s
 96865 27122    0.92750   71   20    0.87000    1.18013  35.6%  48.5  411s
 97938 27597    0.99000   60  173    0.87000    1.18013  35.6%  48.4  416s
 99234 28124    0.99000   64   31    0.87000    1.18013  35.6%  48.3  420s
 100817 28820    0.99000   66  134    0.87000    1.18013  35.6%  48.3  426s
 102180 29377     cutoff   84         0.87000    1.18013  35.6%  48.2  430s
 103192 29841    0.93000   70   50    0.87000    1.18013  35.6%  48.1  435s
 104623 30416    1.18013   62   44    0.87000    1.18013  35.6%  48.0  440s
 106261 31190    0.93000   81   24    0.87000    1.18013  35.6%  48.0  445s
 107588 31703    0.93000   93    8    0.87000    1.18013  35.6%  47.9  450s
 109218 32391    0.93000   88   23    0.87000    1.18013  35.6%  48.0  455s
 110767 33192    0.99000   74   58    0.87000    1.18013  35.6%  48.0  461s
 112148 33824    0.99000   68   77    0.87000    1.18013  35.6%  48.0  465s
 113760 34708    0.99000   54   91    0.87000    1.18013  35.6%  48.0  471s
 115036 35263    0.99000   62  156    0.87000    1.18013  35.6%  48.0  475s
 116383 35924    1.18013   47   62    0.87000    1.18013  35.6%  48.0  480s
 117610 36496     cutoff   60         0.87000    1.18013  35.6%  48.0  485s
 119256 37355    0.99000   72   20    0.87000    1.18013  35.6%  48.1  491s
 120310 37838    0.99000   64   70    0.87000    1.18013  35.6%  48.1  496s
 121519 38464    1.18013   56  118    0.87000    1.18013  35.6%  48.2  501s
 122777 39062    0.99000   56   82    0.87000    1.18013  35.6%  48.3  505s
 123852 39621     cutoff   64         0.87000    1.18013  35.6%  48.4  510s
 125236 40343    0.93000   81   43    0.87000    1.18013  35.6%  48.4  515s
 126483 40801    0.99000   64   75    0.87000    1.18013  35.6%  48.5  520s
 127797 41514    1.18013   53  103    0.87000    1.18013  35.6%  48.5  525s
 129046 42187    0.99000   57  125    0.87000    1.18013  35.6%  48.5  530s
 130294 42836     cutoff   75         0.87000    1.18013  35.6%  48.6  535s
 131542 43486 infeasible   71         0.87000    1.18013  35.6%  48.6  540s
 133102 44308 infeasible   74         0.87000    1.18013  35.6%  48.7  546s
 134378 44923    0.98688   84   44    0.87000    1.18013  35.6%  48.7  551s
 135685 45497    0.99000   72   60    0.87000    1.18013  35.6%  48.7  556s
 136975 45985    0.93000   85   10    0.87000    1.18013  35.6%  48.7  561s
 137997 46502    0.99000   75   26    0.87000    1.18013  35.6%  48.7  566s
 139335 47162    0.97438   51  120    0.87000    1.18013  35.6%  48.7  571s
 140670 47861    0.92750   67   21    0.87000    1.18013  35.6%  48.7  576s
 142104 48474    0.99000   51  162    0.87000    1.18013  35.6%  48.7  581s
 143468 49163 infeasible   79         0.87000    1.18013  35.6%  48.7  586s
 144697 49757    0.99000   62   59    0.87000    1.18013  35.6%  48.7  591s
 146072 50300    0.99000   74   22    0.87000    1.18013  35.6%  48.7  596s
 147329 50909    0.99000   64   26    0.87000    1.18013  35.6%  48.7  601s
 148592 51477 infeasible   92         0.87000    1.18013  35.6%  48.7  606s
 149671 51969    0.99000   62  132    0.87000    1.18013  35.6%  48.8  611s
 150572 52410    0.99000   65   64    0.87000    1.18013  35.6%  48.8  615s
 151888 53115    0.93000   75   30    0.87000    1.18013  35.6%  48.8  620s
 153288 53743 infeasible   77         0.87000    1.18013  35.6%  48.8  625s
 154548 54189    0.99000   75   12    0.87000    1.18013  35.6%  48.8  630s
 155883 54783    1.06013   72   32    0.87000    1.18013  35.6%  48.9  635s
 157149 55377    1.06013   64   53    0.87000    1.18013  35.6%  48.9  641s
 158511 55968    0.99000   69   42    0.87000    1.18013  35.6%  48.9  646s
 159851 56576    0.99000   70   29    0.87000    1.18013  35.6%  48.9  651s
 161206 57166    0.99000   61   57    0.87000    1.18013  35.6%  48.9  656s
 162480 57717     cutoff   92         0.87000    1.18013  35.6%  49.0  661s
 163743 58326    0.99000   73   66    0.87000    1.18013  35.6%  49.0  665s
 165133 58965    0.89625   56   98    0.87000    1.18013  35.6%  48.9  670s
 166452 59604    0.92750   85   16    0.87000    1.18013  35.6%  49.0  675s
 167707 60173    0.99000   67   39    0.87000    1.18013  35.6%  49.0  680s
 169346 60848    0.99000   98   14    0.87000    1.18013  35.6%  49.1  686s
 170079 61237    0.99000   70  117    0.87000    1.18013  35.6%  49.1  690s
 171848 62055    1.05763   70   79    0.87000    1.18013  35.6%  49.1  696s
 173188 62648    0.99000   65   65    0.87000    1.18013  35.6%  49.1  701s
 174448 63247    0.94013   60   16    0.87000    1.18013  35.6%  49.2  706s
 175453 63725    1.18013   64   92    0.87000    1.18013  35.6%  49.2  711s
 176680 64274    1.18013   55   65    0.87000    1.18013  35.6%  49.2  716s
 177851 64877    0.99000   56   75    0.87000    1.18013  35.6%  49.3  721s
 179141 65441    0.99000   73   32    0.87000    1.18013  35.6%  49.3  726s
 180567 66051    0.99000   61  108    0.87000    1.18013  35.6%  49.3  731s
 181813 66649 infeasible   89         0.87000    1.18013  35.6%  49.3  735s
 183109 67296    0.99000   61   96    0.87000    1.18013  35.6%  49.4  741s
 184331 67757 infeasible   76         0.87000    1.18013  35.6%  49.4  746s
 185388 68236    0.99000   61   39    0.87000    1.18013  35.6%  49.5  751s
 186594 68828    0.99000   55   81    0.87000    1.18013  35.6%  49.5  756s
 187929 69458    1.11763   64  159    0.87000    1.18013  35.6%  49.6  761s
 188673 69883    0.99000   69   59    0.87000    1.18013  35.6%  49.6  765s
 190097 70598    0.99000   64   94    0.87000    1.18013  35.6%  49.7  770s
 191536 71351    0.99000   63   60    0.87000    1.18013  35.6%  49.7  775s
 192882 72056    0.93000   73   18    0.87000    1.18013  35.6%  49.7  780s
 194007 72517    0.99000   75   11    0.87000    1.18013  35.6%  49.7  785s
 195170 73183    0.99000   73   95    0.87000    1.18013  35.6%  49.8  790s
 196422 73723    0.99000   59   65    0.87000    1.18013  35.6%  49.9  796s
 197605 74310 infeasible   80         0.87000    1.18013  35.6%  49.9  801s
 198868 74963 infeasible   79         0.87000    1.18013  35.6%  50.0  806s
 200151 75634    0.99000   67   64    0.87000    1.18013  35.6%  50.0  811s
 200948 76027    0.99000   60   73    0.87000    1.18013  35.6%  50.1  815s
 202203 76745 infeasible   78         0.87000    1.18013  35.6%  50.1  821s
 203184 77199 infeasible   64         0.87000    1.18013  35.6%  50.1  825s
 204462 77876    0.92750   72   66    0.87000    1.18013  35.6%  50.1  830s
 205684 78500    0.99000   52   82    0.87000    1.18013  35.6%  50.2  835s
 207010 79263    0.99000   62  107    0.87000    1.18013  35.6%  50.2  841s
 208241 79822    1.06013   59   71    0.87000    1.18013  35.6%  50.2  846s
 209401 80427    1.18013   48  199    0.87000    1.18013  35.6%  50.3  851s
 210673 81121    0.99000   71   90    0.87000    1.18013  35.6%  50.3  856s
 211943 81739    0.99000   70   46    0.87000    1.18013  35.6%  50.4  861s
 212578 82046    0.99000   66   60    0.87000    1.18013  35.6%  50.4  865s
 213505 82379    0.99000   53   65    0.87000    1.18013  35.6%  50.5  870s
 214435 82930    0.99000   54   70    0.87000    1.18013  35.6%  50.5  876s
 215710 83704    0.99000   50   71    0.87000    1.18013  35.6%  50.6  881s
 216682 84195    0.99000   52  100    0.87000    1.18013  35.6%  50.6  885s
 218031 84876     cutoff   87         0.87000    1.18013  35.6%  50.7  890s
 219270 85458    0.93000   65   52    0.87000    1.18013  35.6%  50.8  895s
 220583 86058    1.12013   61   68    0.87000    1.18013  35.6%  50.8  901s
 221942 86637    0.99000   73   57    0.87000    1.18013  35.6%  50.8  905s
 223171 87232    0.99000   63   46    0.87000    1.18013  35.6%  50.9  910s
 224390 87818    0.99000   56   82    0.87000    1.18013  35.6%  50.9  915s
 225645 88504    1.17966   58  205    0.87000    1.18013  35.6%  51.0  920s
 226912 89254    0.99000   57  105    0.87000    1.18013  35.6%  51.0  925s
 228221 89884    0.99000   57  129    0.87000    1.18013  35.6%  51.0  930s
 229235 90525    0.99000   61   78    0.87000    1.18013  35.6%  51.1  935s
 230473 91281    0.99000   60   57    0.87000    1.18013  35.6%  51.1  941s
 231463 91725 infeasible   62         0.87000    1.18013  35.6%  51.2  945s
 232756 92394    1.00013   58   40    0.87000    1.18013  35.6%  51.2  950s
 234079 93082 infeasible   53         0.87000    1.18013  35.6%  51.2  955s
 235316 93747    0.93000   56   99    0.87000    1.18013  35.6%  51.3  960s
 236545 94492 infeasible   83         0.87000    1.18013  35.6%  51.4  966s
 237942 95185    0.99000   49   48    0.87000    1.18013  35.6%  51.4  971s
 239338 95901    0.99000   57  192    0.87000    1.18013  35.6%  51.4  976s
 240543 96479    0.99000   85   30    0.87000    1.18013  35.6%  51.4  981s
 241828 97168    0.92750   54   81    0.87000    1.18013  35.6%  51.5  986s
 242997 97802    0.90000   58   67    0.87000    1.18013  35.6%  51.5  991s
 243773 98190    0.92750   57   38    0.87000    1.18013  35.6%  51.5  995s
 244991 98874    0.99000   58   48    0.87000    1.18013  35.6%  51.6 1000s
 246330 99561 infeasible   80         0.87000    1.18013  35.6%  51.6 1005s
 247705 100271 infeasible   71         0.87000    1.18013  35.6%  51.6 1010s
 249005 100927    0.99000   76   54    0.87000    1.18013  35.6%  51.6 1015s
 250292 101583    1.00013   60   80    0.87000    1.18013  35.6%  51.7 1020s
 251532 102210 infeasible   68         0.87000    1.18013  35.6%  51.7 1025s
 252763 102823    1.18013   61  108    0.87000    1.18013  35.6%  51.7 1031s
 254152 103534    0.99000   67  114    0.87000    1.18013  35.6%  51.7 1036s
 255349 104174    0.99000   56  129    0.87000    1.18013  35.6%  51.8 1041s
 256654 104837    0.99000   57  139    0.87000    1.18013  35.6%  51.8 1046s
 257448 105315    1.18013   66  108    0.87000    1.18013  35.6%  51.8 1050s
 258682 105944    0.99000   58  154    0.87000    1.18013  35.6%  51.8 1055s
 259640 106439    0.99000   66   28    0.87000    1.18013  35.6%  51.9 1060s
 260894 107117     cutoff   67         0.87000    1.18013  35.6%  51.9 1065s
 262105 107737    0.99000   57   83    0.87000    1.18013  35.6%  51.9 1070s
 263330 108374    0.99000   54   80    0.87000    1.18013  35.6%  52.0 1076s
 264717 109205    0.99000   80   91    0.87000    1.18013  35.6%  52.0 1081s
 266012 109778    0.90650   49   48    0.87000    1.17717  35.3%  52.0 1086s
 267322 110383 infeasible   79         0.87000    1.17361  34.9%  52.1 1091s
 268568 110887    0.93000   78   10    0.87000    1.16736  34.2%  52.1 1096s
 269864 111218 infeasible   75         0.87000    1.15929  33.3%  52.2 1101s
 271036 111591     cutoff   58         0.87000    1.14213  31.3%  52.3 1106s
 271924 111920    0.96125   61   23    0.87000    1.14125  31.2%  52.3 1111s
 272827 112235    1.14125   50  143    0.87000    1.14125  31.2%  52.3 1115s
 274064 112501    0.99000   56   73    0.87000    1.14125  31.2%  52.4 1121s
 274891 112688     cutoff   49         0.87000    1.14125  31.2%  52.4 1126s
 275423 112809    1.14125   58   35    0.87000    1.14125  31.2%  52.5 1130s
 276337 112922 infeasible   53         0.87000    1.14125  31.2%  52.5 1135s
 277007 113132    1.01625   52   67    0.87000    1.14125  31.2%  52.6 1140s
 277871 113247    1.14125   47   87    0.87000    1.14125  31.2%  52.6 1145s
 278702 113398    1.14125   53   57    0.87000    1.14125  31.2%  52.7 1150s
 280037 113596    1.01625   47   52    0.87000    1.14125  31.2%  52.8 1157s
 280934 113712    1.14125   57  122    0.87000    1.14125  31.2%  52.9 1161s
 281678 113808 infeasible   57         0.87000    1.14125  31.2%  53.0 1166s
 282620 113942    1.02125   59   46    0.87000    1.14125  31.2%  53.0 1171s
 283441 114103 infeasible   61         0.87000    1.14125  31.2%  53.1 1176s
 284328 114229 infeasible   53         0.87000    1.14125  31.2%  53.2 1181s
 285222 114346 infeasible   54         0.87000    1.14125  31.2%  53.3 1186s
 286137 114470    1.14125   65   66    0.87000    1.14125  31.2%  53.3 1191s
 286942 114571    1.02125   57   45    0.87000    1.14125  31.2%  53.4 1196s
 287752 114611    1.02125   53   54    0.87000    1.14125  31.2%  53.6 1201s
 288573 114682 infeasible   62         0.87000    1.14125  31.2%  53.7 1206s
 289462 114699 infeasible   63         0.87000    1.14125  31.2%  53.8 1211s
 290307 114743 infeasible   61         0.87000    1.14125  31.2%  53.9 1217s
 291202 114802    1.14125   56   84    0.87000    1.14125  31.2%  54.1 1221s
 291938 114811 infeasible   57         0.87000    1.14125  31.2%  54.2 1226s
 292764 114895    0.99000   59   36    0.87000    1.14125  31.2%  54.3 1232s
 293231 114906 infeasible   58         0.87000    1.14125  31.2%  54.4 1235s
 293950 114920 infeasible   65         0.87000    1.14125  31.2%  54.5 1241s
 294877 115054    0.99000   54  141    0.87000    1.14125  31.2%  54.6 1247s
 296052 115186    0.95800   50   50    0.87000    1.13800  30.8%  54.7 1252s
 297162 115460 infeasible   60         0.87000    1.12525  29.3%  54.8 1257s
 298040 115681    1.06013   60   67    0.87000    1.12200  29.0%  54.9 1262s
 299317 116123    0.93000   77   10    0.87000    1.12013  28.7%  54.9 1266s
 300519 116636    0.93000   59  101    0.87000    1.12013  28.7%  54.9 1270s
 302094 117087 infeasible   67         0.87000    1.12013  28.7%  54.9 1276s
 303309 117429    1.11263   51  169    0.87000    1.12013  28.7%  54.9 1281s
 304507 117915    0.93000   81   10    0.87000    1.12013  28.7%  54.9 1286s
 305748 118393    1.06013   61   80    0.87000    1.12013  28.7%  55.0 1291s
H306919 118718                       0.8700000    1.12013  28.7%  55.0 1294s
 307088 118838    0.94013   60   69    0.87000    1.12013  28.7%  55.0 1296s
 308146 119270    0.93000   59   76    0.87000    1.12013  28.7%  55.0 1301s
 308837 119573    1.02125   53  101    0.87000    1.12013  28.7%  55.0 1305s
 309752 120006    0.93000   81   24    0.87000    1.12013  28.7%  55.0 1310s
 311210 120685    0.99000   60   92    0.87000    1.12012  28.7%  55.0 1316s
 312475 121251 infeasible   63         0.87000    1.12012  28.7%  55.1 1320s
 313742 121688     cutoff   71         0.87000    1.11763  28.5%  55.1 1325s
 315067 122196    0.92750   62   90    0.87000    1.11763  28.5%  55.1 1330s
 315471 122307    0.92750   67   38    0.87000    1.11763  28.5%  55.1 1335s
 316663 122931    0.92750   61  120    0.87000    1.11763  28.5%  55.1 1340s
 318362 123651 infeasible   66         0.87000    1.11763  28.5%  55.1 1346s
 319607 124207    0.93000   81   74    0.87000    1.11763  28.5%  55.1 1351s
 320885 124721    0.93000   70   28    0.87000    1.11763  28.5%  55.1 1356s
 322112 125150     cutoff   57         0.87000    1.11763  28.5%  55.1 1360s
 323299 125617    0.93000  106   15    0.87000    1.11763  28.5%  55.1 1365s
 324402 125851    1.09400   46   43    0.87000    1.09400  25.7%  55.2 1370s
 325445 126022    1.09400   48   88    0.87000    1.09400  25.7%  55.2 1376s
 326286 126188    1.09400   65   79    0.87000    1.09400  25.7%  55.2 1381s
 327122 126449    0.91400   42   85    0.87000    1.09400  25.7%  55.3 1385s
 328482 126712 infeasible   68         0.87000    1.09400  25.7%  55.3 1391s
 329405 126859 infeasible   60         0.87000    1.09400  25.7%  55.3 1396s
 330216 126968 infeasible   60         0.87000    1.09400  25.7%  55.3 1400s
 331113 127122 infeasible   59         0.87000    1.09400  25.7%  55.4 1405s
 332404 127337    1.09400   55   45    0.87000    1.09400  25.7%  55.4 1411s
 333202 127543    1.09400   50   71    0.87000    1.09400  25.7%  55.4 1416s
 334136 127603 infeasible   57         0.87000    1.09400  25.7%  55.5 1420s
 335072 127750    1.00025   77   80    0.87000    1.09400  25.7%  55.5 1426s
 336040 127921    1.03400   60   35    0.87000    1.09400  25.7%  55.5 1431s
 336838 127972 infeasible   66         0.87000    1.09400  25.7%  55.6 1435s
 337694 128103    1.03400   50   97    0.87000    1.09400  25.7%  55.7 1440s
 338490 128245 infeasible   61         0.87000    1.09400  25.7%  55.7 1445s
 339426 128477    1.09400   61   76    0.87000    1.09400  25.7%  55.8 1450s
 340347 128582    1.09400   48  123    0.87000    1.09400  25.7%  55.8 1455s
 341167 128644 infeasible   70         0.87000    1.09400  25.7%  55.9 1460s
 342446 128850 infeasible   49         0.87000    1.09400  25.7%  56.0 1467s
 343300 128929    1.09400   55  100    0.87000    1.09400  25.7%  56.1 1471s
 344048 129087 infeasible   65         0.87000    1.09400  25.7%  56.1 1477s
 344944 129187    1.09400   52   70    0.87000    1.09400  25.7%  56.2 1482s
 345425 129206    0.97400   60   34    0.87000    1.09400  25.7%  56.3 1485s
 346297 129369    1.03400   64   45    0.87000    1.09400  25.7%  56.3 1491s
 347215 129622    1.09400   51   43    0.87000    1.09400  25.7%  56.4 1496s
 348068 129792    1.03400   61   43    0.87000    1.09400  25.7%  56.5 1501s
 349083 130100     cutoff   67         0.87000    1.09400  25.7%  56.5 1507s
 349575 130190    0.90650   58   14    0.87000    1.09400  25.7%  56.5 1510s
 350518 130389    1.09400   59  126    0.87000    1.09400  25.7%  56.6 1515s
 351503 130431 infeasible   62         0.87000    1.09400  25.7%  56.6 1520s
 352423 130609    0.97400   48   65    0.87000    1.09400  25.7%  56.7 1526s
 353320 130791     cutoff   57         0.87000    1.09400  25.7%  56.7 1531s
 354130 130890    1.09400   51   93    0.87000    1.09400  25.7%  56.8 1535s
 355029 131026    1.09400   55   37    0.87000    1.09400  25.7%  56.8 1541s
 355955 131174    0.91400   54   37    0.87000    1.09400  25.7%  56.9 1546s
 356821 131252    1.09400   62   84    0.87000    1.09400  25.7%  56.9 1551s
 357340 131363    1.09400   48  126    0.87000    1.09400  25.7%  57.0 1558s
 357788 131484 infeasible   73         0.87000    1.09400  25.7%  57.0 1561s
 358763 131566    1.09400   72   54    0.87000    1.09400  25.7%  57.1 1567s
 359218 131646    1.03400   47   41    0.87000    1.09400  25.7%  57.1 1570s
 360147 131795    0.97400   66   22    0.87000    1.09400  25.7%  57.1 1576s
 361145 131915 infeasible   59         0.87000    1.09400  25.7%  57.2 1582s
 361958 132002    0.96900   61   36    0.87000    1.09400  25.7%  57.2 1588s
 362439 132071    0.96900   61   21    0.87000    1.09400  25.7%  57.3 1591s
 363383 132254    1.09400   64   67    0.87000    1.09400  25.7%  57.3 1596s
 364426 132357    1.09400   63   52    0.87000    1.09400  25.7%  57.3 1601s
 365127 132506    0.97400   65   31    0.87000    1.09400  25.7%  57.4 1606s
 366057 132683    0.97400   60   34    0.87000    1.09400  25.7%  57.5 1612s
 366550 132771    0.97400   68   28    0.87000    1.09400  25.7%  57.5 1615s
 367464 132916    1.09400   67   80    0.87000    1.09400  25.7%  57.5 1620s
 368404 133019    1.09400   57  115    0.87000    1.09400  25.7%  57.6 1625s
 369271 133131    1.09400   56   88    0.87000    1.09400  25.7%  57.6 1630s
 370122 133211    1.09400   47  128    0.87000    1.09400  25.7%  57.7 1636s
 371015 133353 infeasible   51         0.87000    1.09400  25.7%  57.8 1641s
 371961 133401 infeasible   80         0.87000    1.09400  25.7%  57.8 1647s
 372854 133499    1.09400   68   51    0.87000    1.09400  25.7%  57.9 1652s
 373265 133527    0.91400   72   13    0.87000    1.09400  25.7%  58.0 1655s
 374131 133654    1.09400   51  159    0.87000    1.09400  25.7%  58.0 1660s
 374954 133734    0.90900   77   16    0.87000    1.09400  25.7%  58.1 1665s
 375853 133844    1.09400   52  119    0.87000    1.09400  25.7%  58.1 1670s
 376706 133945    1.09400   54  127    0.87000    1.09400  25.7%  58.2 1676s
 377584 134054    1.09400   53   43    0.87000    1.09400  25.7%  58.3 1681s
 378548 134113 infeasible   58         0.87000    1.09400  25.7%  58.4 1687s
 379058 134116    1.09400   50  100    0.87000    1.09400  25.7%  58.4 1690s
 380009 134135 infeasible   66         0.87000    1.09400  25.7%  58.5 1696s
 380944 134293    1.09400   57   46    0.87000    1.09400  25.7%  58.5 1702s
 381893 134456    0.91400   65   14    0.87000    1.09400  25.7%  58.6 1707s
 382346 134508    1.09400   61   36    0.87000    1.09400  25.7%  58.6 1710s
 383152 134677    1.09400   50  108    0.87000    1.09400  25.7%  58.7 1715s
 384106 134818    1.09400   61   77    0.87000    1.09400  25.7%  58.7 9560s

Cutting planes:
  Gomory: 49
  Cover: 4262
  Implied bound: 674
  Clique: 202
  MIR: 114
  Mixing: 1
  StrongCG: 18
  Flow cover: 566
  Inf proof: 60
  Zero half: 32
  RLT: 195
  Relax-and-lift: 115
  BQP: 8
  PSD: 30

Explored 384511 nodes (22585003 simplex iterations) in 9561.10 seconds (1178.05 work units)
Thread count was 4 (of 4 available processors)

Solution count 9: 0.87 0.87 0.87 ... 0.104

Time limit reached
Warning: max constraint violation (1.4819e-06) exceeds tolerance
Best objective 8.700000000000e-01, best bound 1.094000000000e+00, gap 25.7471%
