4
15 15 30
15 15 30
15 15 30
15 15 30
0 0 0 14 13 8 1 1 0
0 0 8 9 3 11 2 1 0
0 3 8 9 3 11 2 1 0
0 6 8 9 3 11 2 1 0
0 9 8 9 3 11 2 1 0
0 12 8 9 3 11 2 1 0
0 12 19 9 3 11 2 1 0
5 0 19 9 3 11 2 1 0
5 3 19 9 3 11 2 1 0
5 6 19 9 3 11 2 1 0
5 9 19 9 3 11 2 1 0
0 0 21 5 10 9 5 1 0
10 0 8 5 10 9 5 1 0
15 0 0 14 13 5 3 1 1
15 0 5 14 13 5 3 1 1
15 0 10 14 13 5 3 1 1
15 0 15 14 13 5 3 1 1
15 0 20 14 13 5 3 1 1
15 0 25 14 13 5 3 1 1
0 15 0 14 13 5 3 1 2
0 15 5 14 13 5 3 1 2
0 15 10 14 13 5 3 1 2
0 15 15 14 13 5 3 1 2
0 15 20 14 13 5 3 1 2
0 15 25 14 13 5 3 1 2
15 15 0 14 13 5 3 1 3
15 15 5 14 13 5 3 1 3
15 15 10 14 13 5 3 1 3
15 15 15 14 13 5 3 1 3
15 15 20 14 13 5 3 1 3
15 15 25 14 13 5 3 1 3
