10 10 10
0 7 4 5 3 4 6 1
3 2 4 5 3 4 6 1
0 0 0 2 3 4 8 1
0 5 0 2 3 4 8 1
2 4 0 2 3 4 8 1
2 7 0 2 3 4 8 1
8 4 4 2 3 4 8 1
8 7 4 2 3 4 8 1
0 0 8 4 2 2 13 1
0 2 8 4 2 2 13 1
0 4 8 4 2 2 13 1
2 6 8 4 2 2 13 1
2 8 8 4 2 2 13 1
4 2 2 4 2 2 13 1
6 4 8 4 2 2 13 1
6 6 8 4 2 2 13 1
6 8 8 4 2 2 13 1
0 2 4 3 5 4 14 1
5 5 4 3 5 4 14 1
0 6 8 2 4 2 15 1
4 0 0 2 4 2 15 1
4 2 8 2 4 2 15 1
4 4 0 2 4 2 15 1
4 4 2 2 4 2 15 1
6 0 0 2 4 2 15 1
6 0 8 2 4 2 15 1
6 4 0 2 4 2 15 1
6 4 2 2 4 2 15 1
8 0 0 2 4 2 15 1
8 4 0 2 4 2 15 1
8 4 2 2 4 2 15 1
6 0 2 2 2 6 16 1
0 0 4 2 2 4 18 1
0 3 0 2 2 4 18 1
0 8 0 2 2 4 18 1
2 0 0 2 2 4 18 1
2 0 4 2 2 4 18 1
2 2 0 2 2 4 18 1
3 5 4 2 2 4 18 1
4 0 2 2 2 4 18 1
4 0 6 2 2 4 18 1
4 8 0 2 2 4 18 1
6 8 0 2 2 4 18 1
8 0 2 2 2 4 18 1
8 0 6 2 2 4 18 1
8 2 2 2 2 4 18 1
8 2 6 2 2 4 18 1
8 8 0 2 2 4 18 1
