10 10 10
0 2 4 3 2 4 1 1
0 4 4 3 2 4 1 1
0 6 4 3 2 4 1 1
7 0 0 3 2 4 1 1
7 2 0 3 2 4 1 1
7 2 6 3 2 4 1 1
7 4 6 3 2 4 1 1
7 6 4 3 2 4 1 1
7 0 6 3 2 4 1 1
7 8 4 3 2 4 1 1
0 0 2 2 4 2 3 1
0 2 0 2 4 2 3 1
5 0 0 2 4 2 3 1
5 0 8 2 4 2 3 1
5 4 4 2 4 2 3 1
5 4 8 2 4 2 3 1
8 4 0 2 4 2 3 1
0 0 0 2 2 2 5 1
0 6 0 2 2 2 5 1
0 8 0 2 2 2 5 1
0 8 4 2 2 2 5 1
0 8 6 2 2 2 5 1
0 8 8 2 2 2 5 1
3 2 4 2 2 2 5 1
3 2 6 2 2 2 5 1
3 2 8 2 2 2 5 1
5 4 6 2 2 2 5 1
5 6 6 2 2 2 5 1
8 8 0 2 2 2 5 1
3 7 2 4 3 2 6 1
0 4 2 6 3 2 7 1
6 4 2 4 3 2 6 1
0 0 4 5 2 3 11 1
0 0 7 5 2 3 11 1
2 8 4 5 2 3 11 1
2 8 7 5 2 3 11 1
0 2 8 3 3 2 12 1
0 5 8 3 3 2 12 1
0 7 2 3 3 2 12 1
2 0 0 3 3 2 12 1
2 3 0 3 3 2 12 1
5 4 0 3 3 2 12 1
5 7 0 3 3 2 12 1
7 0 4 3 3 2 12 1
7 3 4 3 3 2 12 1
7 7 2 3 3 2 12 1
5 0 2 2 4 6 13 1
2 0 2 3 4 2 16 1
2 6 0 3 4 2 16 1
7 6 8 3 4 2 16 1
3 4 4 2 4 6 13 1
