10 10 10
0 0 2 6 6 5 4 1
0 6 0 2 4 3 7 1
3 6 7 2 4 3 7 1
5 6 0 2 4 3 7 1
6 6 4 2 4 3 7 1
0 0 7 3 2 3 10 1
0 2 7 3 2 3 10 1
0 4 7 3 2 3 10 1
0 6 7 3 2 3 10 1
0 8 7 3 2 3 10 1
2 6 0 3 2 3 10 1
2 8 0 3 2 3 10 1
3 0 7 3 2 3 10 1
3 2 7 3 2 3 10 1
3 4 7 3 2 3 10 1
5 6 7 3 2 3 10 1
5 8 7 3 2 3 10 1
8 4 4 2 3 6 11 1
8 7 4 2 3 6 11 1
0 6 3 6 4 4 12 1
0 0 0 2 6 2 13 1
2 0 0 2 6 2 13 1
4 0 0 2 6 2 13 1
6 0 0 2 6 2 13 1
6 0 2 2 6 2 13 1
6 0 4 2 6 2 13 1
6 0 6 2 6 2 13 1
6 0 8 2 6 2 13 1
8 0 0 2 6 2 13 1
8 0 2 2 6 2 13 1
8 0 4 2 2 6 14 1
8 2 4 2 2 6 14 1
7 6 0 3 2 4 18 1
7 8 0 3 2 4 18 1
