10 10 10
0 0 4 2 3 3 3 1
0 0 7 2 3 3 3 1
0 7 4 2 3 3 3 1
0 7 7 2 3 3 3 1
8 2 2 2 6 6 5 1
2 0 0 4 2 4 7 1
2 0 4 4 2 4 7 1
4 8 0 4 2 4 7 1
4 8 4 4 2 4 7 1
6 0 0 4 2 4 7 1
6 0 4 4 2 4 7 1
0 0 2 2 2 2 9 1
0 2 2 2 2 2 9 1
0 3 4 2 2 2 9 1
0 3 8 2 2 2 9 1
0 4 2 2 2 2 9 1
0 5 4 2 2 2 9 1
0 5 8 2 2 2 9 1
0 6 2 2 2 2 9 1
0 8 0 2 2 2 9 1
0 8 2 2 2 2 9 1
2 0 8 2 2 2 9 1
2 2 0 2 2 2 9 1
2 2 2 2 2 2 9 1
2 2 8 2 2 2 9 1
2 4 0 2 2 2 9 1
2 4 2 2 2 2 9 1
2 4 8 2 2 2 9 1
2 6 0 2 2 2 9 1
2 6 2 2 2 2 9 1
2 8 0 2 2 2 9 1
2 8 2 2 2 2 9 1
2 8 4 2 2 2 9 1
2 8 6 2 2 2 9 1
4 8 8 2 2 2 9 1
8 2 0 2 2 2 9 1
8 4 0 2 2 2 9 1
8 6 0 2 2 2 9 1
8 8 0 2 2 2 9 1
8 8 2 2 2 2 9 1
8 8 4 2 2 2 9 1
8 8 6 2 2 2 9 1
2 2 4 3 6 4 10 1
5 2 4 3 6 4 10 1
4 2 0 4 6 2 13 1
4 2 2 4 6 2 13 1
6 4 8 4 6 2 13 1
0 0 0 2 4 2 17 1
0 3 6 2 4 2 17 1
0 4 0 2 4 2 17 1
2 6 8 2 4 2 17 1
4 0 8 2 4 2 17 1
4 4 8 2 4 2 17 1
6 0 8 2 4 2 17 1
8 0 8 2 4 2 17 1
