4
15 15 30
15 15 30
15 15 30
15 15 30
0 0 0 5 4 6 0 0 0
0 0 6 5 4 6 0 0 0
0 0 12 5 4 6 0 0 0
0 0 18 5 4 6 0 0 0
0 0 24 5 4 6 0 0 0
0 4 0 5 4 6 0 0 0
0 4 6 5 4 6 0 0 0
0 4 12 5 4 6 0 0 0
0 4 18 5 4 6 0 0 0
0 4 24 5 4 6 0 0 0
0 8 0 5 4 6 0 0 0
0 8 6 5 4 6 0 0 0
0 8 12 5 4 6 0 0 0
0 8 18 5 4 6 0 0 0
0 8 24 5 4 6 0 0 0
5 0 0 5 4 6 0 0 0
5 0 6 5 4 6 0 0 0
5 0 12 5 4 6 0 0 0
5 0 18 5 4 6 0 0 0
5 0 24 5 4 6 0 0 0
5 4 0 5 4 6 0 0 0
5 4 6 5 4 6 0 0 0
5 4 12 5 4 6 0 0 0
5 4 18 5 4 6 0 0 0
5 4 24 5 4 6 0 0 0
5 8 0 5 4 6 0 0 0
5 8 6 5 4 6 0 0 0
5 8 12 5 4 6 0 0 0
5 8 18 5 4 6 0 0 0
5 8 24 5 4 6 0 0 0
10 0 0 5 4 6 0 0 0
10 0 6 5 4 6 0 0 0
10 0 12 5 4 6 0 0 0
10 0 18 5 4 6 0 0 0
10 0 24 5 4 6 0 0 0
10 4 0 5 4 6 0 0 0
10 4 6 5 4 6 0 0 0
10 4 12 5 4 6 0 0 0
10 4 18 5 4 6 0 0 0
10 4 24 5 4 6 0 0 0
10 8 0 5 4 6 0 0 0
10 8 6 5 4 6 0 0 0
10 8 12 5 4 6 0 0 0
10 8 18 5 4 6 0 0 0
10 8 24 5 4 6 0 0 0
16 0 0 14 3 14 4 40 1
16 0 14 14 3 14 4 40 1
16 3 0 14 3 14 4 40 1
16 3 14 14 3 14 4 40 1
16 6 0 14 3 14 4 40 1
16 6 14 14 3 14 4 40 1
16 9 0 14 3 14 4 40 1
16 9 14 14 3 14 4 40 1
16 12 0 14 3 14 4 40 1
16 12 14 14 3 14 4 40 1
0 15 0 14 3 14 4 40 2
0 15 14 14 3 14 4 40 2
0 18 0 14 3 14 4 40 2
0 18 14 14 3 14 4 40 2
0 21 0 14 3 14 4 40 2
0 21 14 14 3 14 4 40 2
0 24 0 14 3 14 4 40 2
0 24 14 14 3 14 4 40 2
0 27 0 14 3 14 4 40 2
0 27 14 14 3 14 4 40 2
25 15 0 5 4 6 0 0 3
25 15 6 5 4 6 0 0 3
25 15 12 5 4 6 0 0 3
25 15 18 5 4 6 0 0 3
25 15 24 5 4 6 0 0 3
25 19 0 5 4 6 0 0 3
25 19 6 5 4 6 0 0 3
25 19 12 5 4 6 0 0 3
25 19 18 5 4 6 0 0 3
25 19 24 5 4 6 0 0 3
25 23 0 5 4 6 0 0 3
25 23 6 5 4 6 0 0 3
25 23 12 5 4 6 0 0 3
25 23 18 5 4 6 0 0 3
25 23 24 5 4 6 0 0 3
20 15 0 5 4 6 0 0 3
20 15 6 5 4 6 0 0 3
20 15 12 5 4 6 0 0 3
20 15 18 5 4 6 0 0 3
20 15 24 5 4 6 0 0 3
20 19 0 5 4 6 0 0 3
20 19 6 5 4 6 0 0 3
20 19 12 5 4 6 0 0 3
20 19 18 5 4 6 0 0 3
20 19 24 5 4 6 0 0 3
20 23 0 5 4 6 0 0 3
20 23 6 5 4 6 0 0 3
20 23 12 5 4 6 0 0 3
20 23 18 5 4 6 0 0 3
20 23 24 5 4 6 0 0 3
15 15 0 5 4 6 0 0 3
15 15 6 5 4 6 0 0 3
15 15 12 5 4 6 0 0 3
15 15 18 5 4 6 0 0 3
15 15 24 5 4 6 0 0 3
15 19 0 5 4 6 0 0 3
15 19 6 5 4 6 0 0 3
15 19 12 5 4 6 0 0 3
15 19 18 5 4 6 0 0 3
15 19 24 5 4 6 0 0 3
15 23 0 5 4 6 0 0 3
15 23 6 5 4 6 0 0 3
15 23 12 5 4 6 0 0 3
15 23 18 5 4 6 0 0 3
15 23 24 5 4 6 0 0 3
