4
15 15 30
15 15 30
15 15 30
15 15 30
0 0 0 7 5 5 0 0 0
0 0 5 7 5 5 0 0 0
0 0 10 7 5 5 0 0 0
0 0 15 7 5 5 0 0 0
0 0 20 7 5 5 0 0 0
0 0 25 7 5 5 0 0 0
0 5 0 7 5 5 0 0 0
0 5 5 7 5 5 0 0 0
0 5 10 7 5 5 0 0 0
0 5 15 7 5 5 0 0 0
0 5 20 7 5 5 0 0 0
0 5 25 7 5 5 0 0 0
0 10 0 7 5 5 0 0 0
0 10 5 7 5 5 0 0 0
0 10 10 7 5 5 0 0 0
0 10 15 7 5 5 0 0 0
0 10 20 7 5 5 0 0 0
0 10 25 7 5 5 0 0 0
7 0 0 5 3 10 2 17 0
7 0 10 5 3 10 2 17 0
7 0 20 5 3 10 2 17 0
7 3 0 5 3 10 2 17 0
7 3 10 5 3 10 2 17 0
7 3 20 5 3 10 2 17 0
7 6 0 5 3 10 2 17 0
7 6 10 5 3 10 2 17 0
7 6 20 5 3 10 2 17 0
7 9 0 5 3 10 2 17 0
7 9 10 5 3 10 2 17 0
7 9 20 5 3 10 2 17 0
7 12 0 5 3 10 2 17 0
7 12 10 5 3 10 2 17 0
7 12 20 5 3 10 2 17 0
12 0 0 3 10 12 4 23 0
12 0 12 3 10 12 4 23 0
23 0 0 7 5 5 0 0 1
23 0 5 7 5 5 0 0 1
23 0 10 7 5 5 0 0 1
23 0 15 7 5 5 0 0 1
23 0 20 7 5 5 0 0 1
23 0 25 7 5 5 0 0 1
23 5 0 7 5 5 0 0 1
23 5 5 7 5 5 0 0 1
23 5 10 7 5 5 0 0 1
23 5 15 7 5 5 0 0 1
23 5 20 7 5 5 0 0 1
23 5 25 7 5 5 0 0 1
23 10 0 7 5 5 0 0 1
23 10 5 7 5 5 0 0 1
23 10 10 7 5 5 0 0 1
23 10 15 7 5 5 0 0 1
23 10 20 7 5 5 0 0 1
23 10 25 7 5 5 0 0 1
16 0 0 7 5 5 0 0 1
16 0 5 7 5 5 0 0 1
16 0 10 7 5 5 0 0 1
16 0 15 7 5 5 0 0 1
16 0 20 7 5 5 0 0 1
16 0 25 7 5 5 0 0 1
16 5 0 7 5 5 0 0 1
16 5 5 7 5 5 0 0 1
16 5 10 7 5 5 0 0 1
16 5 15 7 5 5 0 0 1
16 5 20 7 5 5 0 0 1
16 5 25 7 5 5 0 0 1
16 10 0 7 5 5 0 0 1
16 10 5 7 5 5 0 0 1
16 10 10 7 5 5 0 0 1
16 10 15 7 5 5 0 0 1
16 10 20 7 5 5 0 0 1
16 10 25 7 5 5 0 0 1
0 15 0 7 5 5 0 0 2
0 15 5 7 5 5 0 0 2
0 15 10 7 5 5 0 0 2
0 15 15 7 5 5 0 0 2
0 15 20 7 5 5 0 0 2
0 15 25 7 5 5 0 0 2
0 20 0 7 5 5 0 0 2
0 20 5 7 5 5 0 0 2
0 20 10 7 5 5 0 0 2
0 20 15 7 5 5 0 0 2
0 20 20 7 5 5 0 0 2
0 20 25 7 5 5 0 0 2
0 25 0 7 5 5 0 0 2
0 25 5 7 5 5 0 0 2
0 25 10 7 5 5 0 0 2
0 25 15 7 5 5 0 0 2
0 25 20 7 5 5 0 0 2
0 25 25 7 5 5 0 0 2
7 15 0 5 3 10 2 17 2
7 15 10 5 3 10 2 17 2
7 15 20 5 3 10 2 17 2
7 18 0 5 3 10 2 17 2
7 18 10 5 3 10 2 17 2
7 18 20 5 3 10 2 17 2
7 21 0 5 3 10 2 17 2
7 21 10 5 3 10 2 17 2
7 21 20 5 3 10 2 17 2
7 24 0 5 3 10 2 17 2
7 24 10 5 3 10 2 17 2
7 24 20 5 3 10 2 17 2
7 27 0 5 3 10 2 17 2
7 27 10 5 3 10 2 17 2
7 27 20 5 3 10 2 17 2
12 15 0 3 10 12 4 23 2
12 15 12 3 10 12 4 23 2
23 15 0 7 5 5 0 0 3
23 15 5 7 5 5 0 0 3
23 15 10 7 5 5 0 0 3
23 15 15 7 5 5 0 0 3
23 15 20 7 5 5 0 0 3
23 15 25 7 5 5 0 0 3
23 20 0 7 5 5 0 0 3
23 20 5 7 5 5 0 0 3
23 20 10 7 5 5 0 0 3
23 20 15 7 5 5 0 0 3
23 20 20 7 5 5 0 0 3
23 20 25 7 5 5 0 0 3
23 25 0 7 5 5 0 0 3
23 25 5 7 5 5 0 0 3
23 25 10 7 5 5 0 0 3
23 25 15 7 5 5 0 0 3
23 25 20 7 5 5 0 0 3
23 25 25 7 5 5 0 0 3
16 15 0 7 5 5 0 0 3
16 15 5 7 5 5 0 0 3
16 15 10 7 5 5 0 0 3
16 15 15 7 5 5 0 0 3
16 15 20 7 5 5 0 0 3
16 15 25 7 5 5 0 0 3
16 20 0 7 5 5 0 0 3
16 20 5 7 5 5 0 0 3
16 20 10 7 5 5 0 0 3
16 20 15 7 5 5 0 0 3
16 20 20 7 5 5 0 0 3
16 20 25 7 5 5 0 0 3
16 25 0 7 5 5 0 0 3
16 25 5 7 5 5 0 0 3
16 25 10 7 5 5 0 0 3
16 25 15 7 5 5 0 0 3
16 25 20 7 5 5 0 0 3
16 25 25 7 5 5 0 0 3
