4
15 15 30
15 15 30
15 15 30
15 15 30
0 0 0 14 11 9 4 25 0
0 0 9 14 11 9 4 25 0
0 0 18 14 11 9 4 25 0
16 0 0 14 5 3 0 8 1
16 0 3 14 5 3 0 8 1
16 0 6 14 5 3 0 8 1
16 0 9 14 5 3 0 8 1
16 0 12 14 5 3 0 8 1
16 0 15 14 5 3 0 8 1
16 0 18 14 5 3 0 8 1
16 0 21 14 5 3 0 8 1
16 0 24 14 5 3 0 8 1
16 0 27 14 5 3 0 8 1
16 5 0 14 5 3 0 8 1
16 5 3 14 5 3 0 8 1
16 5 6 14 5 3 0 8 1
16 5 9 14 5 3 0 8 1
16 5 12 14 5 3 0 8 1
16 5 15 14 5 3 0 8 1
16 5 18 14 5 3 0 8 1
16 5 21 14 5 3 0 8 1
16 5 24 14 5 3 0 8 1
16 5 27 14 5 3 0 8 1
16 10 0 14 5 3 0 8 1
16 10 3 14 5 3 0 8 1
16 10 6 14 5 3 0 8 1
16 10 9 14 5 3 0 8 1
16 10 12 14 5 3 0 8 1
16 10 15 14 5 3 0 8 1
16 10 18 14 5 3 0 8 1
16 10 21 14 5 3 0 8 1
16 10 24 14 5 3 0 8 1
16 10 27 14 5 3 0 8 1
0 15 0 14 5 3 0 8 2
0 15 3 14 5 3 0 8 2
0 15 6 14 5 3 0 8 2
0 15 9 14 5 3 0 8 2
0 15 12 14 5 3 0 8 2
0 15 15 14 5 3 0 8 2
0 15 18 14 5 3 0 8 2
0 15 21 14 5 3 0 8 2
0 15 24 14 5 3 0 8 2
0 15 27 14 5 3 0 8 2
0 20 0 14 5 3 0 8 2
0 20 3 14 5 3 0 8 2
0 20 6 14 5 3 0 8 2
0 20 9 14 5 3 0 8 2
0 20 12 14 5 3 0 8 2
0 20 15 14 5 3 0 8 2
0 20 18 14 5 3 0 8 2
0 20 21 14 5 3 0 8 2
0 20 24 14 5 3 0 8 2
0 20 27 14 5 3 0 8 2
0 25 0 14 5 3 0 8 2
0 25 3 14 5 3 0 8 2
0 25 6 14 5 3 0 8 2
0 25 9 14 5 3 0 8 2
0 25 12 14 5 3 0 8 2
0 25 15 14 5 3 0 8 2
0 25 18 14 5 3 0 8 2
0 25 21 14 5 3 0 8 2
0 25 24 14 5 3 0 8 2
0 25 27 14 5 3 0 8 2
26 15 0 4 14 5 1 9 3
26 15 5 4 14 5 1 9 3
26 15 10 4 14 5 1 9 3
26 15 15 4 14 5 1 9 3
26 15 20 4 14 5 1 9 3
26 15 25 4 14 5 1 9 3
22 15 0 4 14 5 1 9 3
22 15 5 4 14 5 1 9 3
22 15 10 4 14 5 1 9 3
22 15 15 4 14 5 1 9 3
22 15 20 4 14 5 1 9 3
22 15 25 4 14 5 1 9 3
15 15 0 7 5 9 2 18 3
15 15 9 7 5 9 2 18 3
15 15 18 7 5 9 2 18 3
15 20 0 7 5 9 2 18 3
15 20 9 7 5 9 2 18 3
