4
10 10 20
10 10 20
10 10 20
10 10 20
0 0 0 9 2 6 1 4 0
0 0 6 9 2 6 1 4 0
0 0 12 9 2 6 1 4 0
0 2 0 9 2 6 1 4 0
0 2 6 9 2 6 1 4 0
0 2 12 9 2 6 1 4 0
0 4 0 9 2 6 1 4 0
0 4 6 9 2 6 1 4 0
0 4 12 9 2 6 1 4 0
0 6 0 9 2 6 1 4 0
0 6 6 9 2 6 1 4 0
0 6 12 9 2 6 1 4 0
0 8 0 9 2 6 1 4 0
0 8 6 9 2 6 1 4 0
0 8 12 9 2 6 1 4 0
11 0 0 9 4 5 3 9 1
11 0 5 9 4 5 3 9 1
11 0 10 9 4 5 3 9 1
11 0 15 9 4 5 3 9 1
11 4 0 9 4 5 3 9 1
11 4 5 9 4 5 3 9 1
11 4 10 9 4 5 3 9 1
11 4 15 9 4 5 3 9 1
0 10 0 5 3 5 0 0 2
0 10 5 5 3 5 0 0 2
0 10 10 5 3 5 0 0 2
0 10 15 5 3 5 0 0 2
0 13 0 5 3 5 0 0 2
0 13 5 5 3 5 0 0 2
0 13 10 5 3 5 0 0 2
0 13 15 5 3 5 0 0 2
0 16 0 5 3 5 0 0 2
0 16 5 5 3 5 0 0 2
0 16 10 5 3 5 0 0 2
0 16 15 5 3 5 0 0 2
5 10 0 5 3 5 0 0 2
5 10 5 5 3 5 0 0 2
5 10 10 5 3 5 0 0 2
5 10 15 5 3 5 0 0 2
5 13 0 5 3 5 0 0 2
5 13 5 5 3 5 0 0 2
5 13 10 5 3 5 0 0 2
5 13 15 5 3 5 0 0 2
5 16 0 5 3 5 0 0 2
5 16 5 5 3 5 0 0 2
5 16 10 5 3 5 0 0 2
5 16 15 5 3 5 0 0 2
11 10 0 9 2 6 1 4 3
11 10 6 9 2 6 1 4 3
11 10 12 9 2 6 1 4 3
11 12 0 9 2 6 1 4 3
11 12 6 9 2 6 1 4 3
11 12 12 9 2 6 1 4 3
11 14 0 9 2 6 1 4 3
11 14 6 9 2 6 1 4 3
11 14 12 9 2 6 1 4 3
11 16 0 9 2 6 1 4 3
11 16 6 9 2 6 1 4 3
11 16 12 9 2 6 1 4 3
11 18 0 9 2 6 1 4 3
11 18 6 9 2 6 1 4 3
11 18 12 9 2 6 1 4 3
