4
10 10 20
10 10 20
10 10 20
10 10 20
0 4 0 2 2 9 1 1 0
0 4 11 2 2 9 1 1 0
0 6 0 2 2 9 1 1 0
0 6 11 2 2 9 1 1 0
0 8 0 2 2 9 1 1 0
0 8 11 2 2 9 1 1 0
8 0 0 2 2 9 1 1 0
8 0 11 2 2 9 1 1 0
8 2 0 2 2 9 1 1 0
8 2 11 2 2 9 1 1 0
0 0 0 8 4 5 6 1 0
0 0 5 8 4 5 6 1 0
0 0 10 8 4 5 6 1 0
0 0 15 8 4 5 6 1 0
2 6 0 8 4 5 6 1 0
2 6 5 8 4 5 6 1 0
2 6 10 8 4 5 6 1 0
2 6 15 8 4 5 6 1 0
2 4 0 8 2 4 10 1 0
2 4 4 8 2 4 10 1 0
2 4 8 8 2 4 10 1 0
2 4 12 8 2 4 10 1 0
2 4 16 8 2 4 10 1 0
10 0 0 2 2 9 1 1 1
10 2 0 2 2 9 1 1 1
10 4 0 2 2 9 1 1 1
10 4 11 2 2 9 1 1 1
18 0 11 2 2 9 1 1 1
18 2 11 2 2 9 1 1 1
18 6 0 2 2 9 1 1 1
18 6 11 2 2 9 1 1 1
18 8 0 2 2 9 1 1 1
18 8 11 2 2 9 1 1 1
10 0 10 8 4 5 6 1 1
10 0 15 8 4 5 6 1 1
10 6 0 8 4 5 6 1 1
10 6 5 8 4 5 6 1 1
10 6 10 8 4 5 6 1 1
10 6 15 8 4 5 6 1 1
12 0 0 8 4 5 6 1 1
12 0 5 8 4 5 6 1 1
12 4 0 8 2 4 10 1 1
12 4 4 8 2 4 10 1 1
12 4 8 8 2 4 10 1 1
12 4 12 8 2 4 10 1 1
12 4 16 8 2 4 10 1 1
0 16 6 2 2 9 1 1 2
0 18 6 2 2 9 1 1 2
2 16 6 2 2 9 1 1 2
2 18 6 2 2 9 1 1 2
4 16 6 2 2 9 1 1 2
4 18 6 2 2 9 1 1 2
6 16 6 2 2 9 1 1 2
6 18 6 2 2 9 1 1 2
8 10 0 2 2 9 1 1 2
8 10 11 2 2 9 1 1 2
8 12 0 2 2 9 1 1 2
8 12 11 2 2 9 1 1 2
8 14 0 2 2 9 1 1 2
8 14 11 2 2 9 1 1 2
8 16 0 2 2 9 1 1 2
8 16 11 2 2 9 1 1 2
8 18 0 2 2 9 1 1 2
8 18 11 2 2 9 1 1 2
0 10 6 4 3 6 4 1 2
0 13 6 4 3 6 4 1 2
0 17 0 4 3 6 4 1 2
4 10 6 4 3 6 4 1 2
4 13 6 4 3 6 4 1 2
4 17 0 4 3 6 4 1 2
0 10 0 8 7 6 5 1 2
0 16 15 8 4 5 6 1 2
0 10 12 8 2 4 10 1 2
0 10 16 8 2 4 10 1 2
0 12 12 8 2 4 10 1 2
0 12 16 8 2 4 10 1 2
0 14 12 8 2 4 10 1 2
0 14 16 8 2 4 10 1 2
10 10 0 2 2 9 1 1 3
10 10 11 2 2 9 1 1 3
10 12 0 2 2 9 1 1 3
10 12 11 2 2 9 1 1 3
10 14 0 2 2 9 1 1 3
10 14 11 2 2 9 1 1 3
10 16 0 2 2 9 1 1 3
10 16 11 2 2 9 1 1 3
10 18 0 2 2 9 1 1 3
10 18 11 2 2 9 1 1 3
12 10 5 2 2 9 1 1 3
12 18 0 2 2 9 1 1 3
14 10 5 2 2 9 1 1 3
14 18 0 2 2 9 1 1 3
16 10 5 2 2 9 1 1 3
16 18 0 2 2 9 1 1 3
18 10 5 2 2 9 1 1 3
18 18 0 2 2 9 1 1 3
12 10 14 4 3 6 4 1 3
16 10 14 4 3 6 4 1 3
12 13 14 8 7 6 5 1 3
12 10 0 8 4 5 6 1 3
12 12 9 8 4 5 6 1 3
12 14 0 8 4 5 6 1 3
12 16 9 8 4 5 6 1 3
12 12 5 8 2 4 10 1 3
12 14 5 8 2 4 10 1 3
12 16 5 8 2 4 10 1 3
