4
10 10 20
10 10 20
10 10 20
10 10 20
0 7 8 9 3 6 2 1 0
0 7 14 9 3 6 2 1 0
0 0 12 9 4 8 5 1 0
0 6 0 9 4 8 5 1 0
0 0 0 5 6 6 6 1 0
0 0 6 5 6 6 6 1 0
5 0 0 5 6 6 6 1 0
5 0 6 5 6 6 6 1 0
0 4 12 5 3 8 10 1 0
5 4 12 5 3 8 10 1 0
10 0 0 8 5 3 1 1 1
10 0 3 8 5 3 1 1 1
10 5 0 8 5 3 1 1 1
10 5 3 8 5 3 1 1 1
12 0 6 8 5 3 1 1 1
12 0 9 8 5 3 1 1 1
12 5 6 8 5 3 1 1 1
12 5 9 8 5 3 1 1 1
10 0 6 2 9 6 4 1 1
18 0 0 2 9 6 4 1 1
10 0 12 9 4 8 5 1 1
10 4 12 5 3 8 10 1 1
10 7 12 5 3 8 10 1 1
15 4 12 5 3 8 10 1 1
15 7 12 5 3 8 10 1 1
0 10 9 8 5 3 1 1 2
0 15 9 8 5 3 1 1 2
6 10 3 2 9 6 4 1 2
8 10 0 2 9 6 4 1 2
8 10 6 2 9 6 4 1 2
0 10 12 9 4 8 5 1 2
0 10 0 6 2 9 7 1 2
0 12 0 6 2 9 7 1 2
0 14 0 6 2 9 7 1 2
0 16 0 6 2 9 7 1 2
0 18 0 6 2 9 7 1 2
0 14 12 5 3 8 10 1 2
0 17 12 5 3 8 10 1 2
5 14 12 5 3 8 10 1 2
5 17 12 5 3 8 10 1 2
10 10 0 9 3 6 2 1 3
10 10 6 9 3 6 2 1 3
10 10 12 9 4 8 5 1 3
10 13 0 9 4 8 5 1 3
10 14 8 5 6 6 6 1 3
10 14 14 5 6 6 6 1 3
15 14 8 5 6 6 6 1 3
15 14 14 5 6 6 6 1 3
10 17 0 5 3 8 10 1 3
15 17 0 5 3 8 10 1 3
