4
10 10 20
10 10 20
10 10 20
10 10 20
0 2 6 4 8 7 3 1 0
3 2 13 4 8 7 3 1 0
0 2 0 6 2 3 5 1 0
0 2 3 6 2 3 5 1 0
0 8 0 6 2 3 5 1 0
0 8 3 6 2 3 5 1 0
2 4 0 6 2 3 5 1 0
2 4 3 6 2 3 5 1 0
4 6 0 6 2 3 5 1 0
4 6 3 6 2 3 5 1 0
0 0 6 3 2 7 7 1 0
0 0 13 3 2 7 7 1 0
0 2 13 3 2 7 7 1 0
0 4 13 3 2 7 7 1 0
0 6 13 3 2 7 7 1 0
0 8 13 3 2 7 7 1 0
3 0 7 3 2 7 7 1 0
4 0 0 3 2 7 7 1 0
4 2 6 3 2 7 7 1 0
4 4 6 3 2 7 7 1 0
4 6 6 3 2 7 7 1 0
4 8 6 3 2 7 7 1 0
7 0 0 3 2 7 7 1 0
7 0 13 3 2 7 7 1 0
7 2 6 3 2 7 7 1 0
7 2 13 3 2 7 7 1 0
7 4 6 3 2 7 7 1 0
7 4 13 3 2 7 7 1 0
7 6 6 3 2 7 7 1 0
7 6 13 3 2 7 7 1 0
7 8 6 3 2 7 7 1 0
7 8 13 3 2 7 7 1 0
0 0 0 2 2 6 9 1 0
0 4 0 2 2 6 9 1 0
0 6 0 2 2 6 9 1 0
2 0 0 2 2 6 9 1 0
2 6 0 2 2 6 9 1 0
3 0 14 2 2 6 9 1 0
5 0 14 2 2 6 9 1 0
6 0 7 2 2 6 9 1 0
6 2 0 2 2 6 9 1 0
6 8 0 2 2 6 9 1 0
8 0 7 2 2 6 9 1 0
8 2 0 2 2 6 9 1 0
8 4 0 2 2 6 9 1 0
8 8 0 2 2 6 9 1 0
10 0 0 5 9 2 4 1 1
15 0 0 5 9 2 4 1 1
10 0 2 6 2 3 5 1 1
10 0 5 6 2 3 5 1 1
10 0 8 6 2 3 5 1 1
10 0 11 6 2 3 5 1 1
10 2 2 6 2 3 5 1 1
10 2 5 6 2 3 5 1 1
10 2 8 6 2 3 5 1 1
10 2 11 6 2 3 5 1 1
10 2 14 6 2 3 5 1 1
10 2 17 6 2 3 5 1 1
10 4 14 6 2 3 5 1 1
10 4 17 6 2 3 5 1 1
10 6 2 6 2 3 5 1 1
10 6 5 6 2 3 5 1 1
10 6 14 6 2 3 5 1 1
10 6 17 6 2 3 5 1 1
12 0 14 6 2 3 5 1 1
12 0 17 6 2 3 5 1 1
12 4 2 6 2 3 5 1 1
12 4 5 6 2 3 5 1 1
12 8 2 6 2 3 5 1 1
12 8 5 6 2 3 5 1 1
14 6 8 6 2 3 5 1 1
14 6 11 6 2 3 5 1 1
14 8 8 6 2 3 5 1 1
14 8 17 6 2 3 5 1 1
10 0 14 2 2 6 9 1 1
10 4 2 2 2 6 9 1 1
10 4 8 2 2 6 9 1 1
10 6 8 2 2 6 9 1 1
10 8 2 2 2 6 9 1 1
10 8 8 2 2 6 9 1 1
10 8 14 2 2 6 9 1 1
12 4 8 2 2 6 9 1 1
12 6 8 2 2 6 9 1 1
12 8 8 2 2 6 9 1 1
12 8 14 2 2 6 9 1 1
14 4 8 2 2 6 9 1 1
14 8 11 2 2 6 9 1 1
16 0 2 2 2 6 9 1 1
16 0 8 2 2 6 9 1 1
16 2 2 2 2 6 9 1 1
16 2 8 2 2 6 9 1 1
16 2 14 2 2 6 9 1 1
16 4 8 2 2 6 9 1 1
16 4 14 2 2 6 9 1 1
16 6 2 2 2 6 9 1 1
16 6 14 2 2 6 9 1 1
16 8 11 2 2 6 9 1 1
18 0 2 2 2 6 9 1 1
18 0 8 2 2 6 9 1 1
18 0 14 2 2 6 9 1 1
18 2 2 2 2 6 9 1 1
18 2 8 2 2 6 9 1 1
18 2 14 2 2 6 9 1 1
18 4 2 2 2 6 9 1 1
18 4 8 2 2 6 9 1 1
18 4 14 2 2 6 9 1 1
18 6 2 2 2 6 9 1 1
18 6 14 2 2 6 9 1 1
18 8 2 2 2 6 9 1 1
18 8 11 2 2 6 9 1 1
0 12 7 5 3 3 2 1 2
0 12 10 5 3 3 2 1 2
0 15 7 5 3 3 2 1 2
0 15 10 5 3 3 2 1 2
5 12 7 5 3 3 2 1 2
5 12 10 5 3 3 2 1 2
5 15 7 5 3 3 2 1 2
5 15 10 5 3 3 2 1 2
0 10 0 4 8 7 3 1 2
3 10 13 4 8 7 3 1 2
4 10 0 6 2 3 5 1 2
4 10 3 6 2 3 5 1 2
0 10 13 3 2 7 7 1 2
0 12 13 3 2 7 7 1 2
0 14 13 3 2 7 7 1 2
0 16 13 3 2 7 7 1 2
0 18 0 3 2 7 7 1 2
0 18 13 3 2 7 7 1 2
3 18 0 3 2 7 7 1 2
4 10 6 3 2 7 7 1 2
4 12 0 3 2 7 7 1 2
4 14 0 3 2 7 7 1 2
4 16 0 3 2 7 7 1 2
4 18 7 3 2 7 7 1 2
7 10 6 3 2 7 7 1 2
7 10 13 3 2 7 7 1 2
7 12 0 3 2 7 7 1 2
7 12 13 3 2 7 7 1 2
7 14 0 3 2 7 7 1 2
7 14 13 3 2 7 7 1 2
7 16 0 3 2 7 7 1 2
7 16 13 3 2 7 7 1 2
7 18 6 3 2 7 7 1 2
7 18 13 3 2 7 7 1 2
0 10 7 2 2 6 9 1 2
0 18 7 2 2 6 9 1 2
2 10 7 2 2 6 9 1 2
2 18 7 2 2 6 9 1 2
3 18 14 2 2 6 9 1 2
5 18 14 2 2 6 9 1 2
6 18 0 2 2 6 9 1 2
8 18 0 2 2 6 9 1 2
10 12 8 5 3 3 2 1 3
10 12 11 5 3 3 2 1 3
10 14 2 5 3 3 2 1 3
10 14 5 5 3 3 2 1 3
10 15 8 5 3 3 2 1 3
10 15 11 5 3 3 2 1 3
10 17 2 5 3 3 2 1 3
10 17 5 5 3 3 2 1 3
15 12 8 5 3 3 2 1 3
15 12 11 5 3 3 2 1 3
15 14 2 5 3 3 2 1 3
15 14 5 5 3 3 2 1 3
15 15 8 5 3 3 2 1 3
15 15 11 5 3 3 2 1 3
15 17 2 5 3 3 2 1 3
15 17 5 5 3 3 2 1 3
10 10 0 5 9 2 4 1 3
15 10 0 5 9 2 4 1 3
12 12 14 6 2 3 5 1 3
12 12 17 6 2 3 5 1 3
12 14 14 6 2 3 5 1 3
12 14 17 6 2 3 5 1 3
12 16 14 6 2 3 5 1 3
12 16 17 6 2 3 5 1 3
12 18 14 6 2 3 5 1 3
12 18 17 6 2 3 5 1 3
14 10 8 6 2 3 5 1 3
14 10 17 6 2 3 5 1 3
10 10 2 2 2 6 9 1 3
10 10 8 2 2 6 9 1 3
10 10 14 2 2 6 9 1 3
10 12 2 2 2 6 9 1 3
10 12 14 2 2 6 9 1 3
10 14 14 2 2 6 9 1 3
10 16 14 2 2 6 9 1 3
10 18 8 2 2 6 9 1 3
10 18 14 2 2 6 9 1 3
12 10 2 2 2 6 9 1 3
12 10 8 2 2 6 9 1 3
12 10 14 2 2 6 9 1 3
12 12 2 2 2 6 9 1 3
12 18 8 2 2 6 9 1 3
14 10 2 2 2 6 9 1 3
14 10 11 2 2 6 9 1 3
14 12 2 2 2 6 9 1 3
14 18 8 2 2 6 9 1 3
16 10 2 2 2 6 9 1 3
16 10 11 2 2 6 9 1 3
16 12 2 2 2 6 9 1 3
16 18 8 2 2 6 9 1 3
18 10 2 2 2 6 9 1 3
18 10 11 2 2 6 9 1 3
18 12 2 2 2 6 9 1 3
18 12 14 2 2 6 9 1 3
18 14 14 2 2 6 9 1 3
18 16 14 2 2 6 9 1 3
18 18 8 2 2 6 9 1 3
18 18 14 2 2 6 9 1 3
