4
10 10 20
10 10 20
10 10 20
10 10 20
0 0 0 4 2 2 6 1 0
0 0 2 4 2 2 6 1 0
0 0 4 4 2 2 6 1 0
0 0 6 4 2 2 6 1 0
0 0 8 4 2 2 6 1 0
0 0 10 4 2 2 6 1 0
0 0 12 4 2 2 6 1 0
0 0 14 4 2 2 6 1 0
0 0 16 4 2 2 6 1 0
0 0 18 4 2 2 6 1 0
3 3 10 4 2 2 6 1 0
3 3 12 4 2 2 6 1 0
3 6 6 4 2 2 6 1 0
3 6 8 4 2 2 6 1 0
3 8 6 4 2 2 6 1 0
3 8 8 4 2 2 6 1 0
3 8 10 4 2 2 6 1 0
3 8 12 4 2 2 6 1 0
4 0 0 4 2 2 6 1 0
4 0 2 4 2 2 6 1 0
4 0 14 4 2 2 6 1 0
4 0 16 4 2 2 6 1 0
4 0 18 4 2 2 6 1 0
6 0 4 4 2 2 6 1 0
6 0 6 4 2 2 6 1 0
6 0 8 4 2 2 6 1 0
6 0 10 4 2 2 6 1 0
6 0 12 4 2 2 6 1 0
0 2 6 3 8 7 7 1 0
0 2 13 3 8 7 7 1 0
7 2 0 3 8 7 7 1 0
7 2 7 3 8 7 7 1 0
0 2 0 7 8 2 9 1 0
0 2 2 7 8 2 9 1 0
0 2 4 7 8 2 9 1 0
3 2 14 7 8 2 9 1 0
3 2 16 7 8 2 9 1 0
3 2 18 7 8 2 9 1 0
3 3 6 2 3 4 10 1 0
3 5 10 2 3 4 10 1 0
4 0 6 2 3 4 10 1 0
4 0 10 2 3 4 10 1 0
5 3 6 2 3 4 10 1 0
5 5 10 2 3 4 10 1 0
10 3 9 4 4 3 2 1 1
16 3 9 4 4 3 2 1 1
10 3 0 5 4 9 3 1 1
15 3 0 5 4 9 3 1 1
10 0 12 4 2 2 6 1 1
10 0 14 4 2 2 6 1 1
10 0 16 4 2 2 6 1 1
10 0 18 4 2 2 6 1 1
10 2 12 4 2 2 6 1 1
10 2 14 4 2 2 6 1 1
10 2 16 4 2 2 6 1 1
10 2 18 4 2 2 6 1 1
10 4 12 4 2 2 6 1 1
10 4 14 4 2 2 6 1 1
10 6 12 4 2 2 6 1 1
10 6 14 4 2 2 6 1 1
10 8 12 4 2 2 6 1 1
10 8 14 4 2 2 6 1 1
12 4 18 4 2 2 6 1 1
12 6 16 4 2 2 6 1 1
12 6 18 4 2 2 6 1 1
12 8 16 4 2 2 6 1 1
12 8 18 4 2 2 6 1 1
14 6 12 4 2 2 6 1 1
14 6 14 4 2 2 6 1 1
14 8 12 4 2 2 6 1 1
14 8 14 4 2 2 6 1 1
16 0 12 4 2 2 6 1 1
16 0 14 4 2 2 6 1 1
16 0 16 4 2 2 6 1 1
16 0 18 4 2 2 6 1 1
16 2 12 4 2 2 6 1 1
16 2 14 4 2 2 6 1 1
16 2 16 4 2 2 6 1 1
16 2 18 4 2 2 6 1 1
16 4 12 4 2 2 6 1 1
16 4 14 4 2 2 6 1 1
16 4 16 4 2 2 6 1 1
16 4 18 4 2 2 6 1 1
16 6 16 4 2 2 6 1 1
16 6 18 4 2 2 6 1 1
16 8 16 4 2 2 6 1 1
16 8 18 4 2 2 6 1 1
10 0 0 2 3 4 10 1 1
10 0 4 2 3 4 10 1 1
10 0 8 2 3 4 10 1 1
10 4 16 2 3 4 10 1 1
10 7 0 2 3 4 10 1 1
10 7 4 2 3 4 10 1 1
10 7 8 2 3 4 10 1 1
10 7 16 2 3 4 10 1 1
12 0 0 2 3 4 10 1 1
12 0 4 2 3 4 10 1 1
12 0 8 2 3 4 10 1 1
12 7 0 2 3 4 10 1 1
12 7 4 2 3 4 10 1 1
12 7 8 2 3 4 10 1 1
14 0 0 2 3 4 10 1 1
14 0 4 2 3 4 10 1 1
14 0 8 2 3 4 10 1 1
14 0 12 2 3 4 10 1 1
14 0 16 2 3 4 10 1 1
14 3 9 2 3 4 10 1 1
14 3 14 2 3 4 10 1 1
14 7 0 2 3 4 10 1 1
14 7 4 2 3 4 10 1 1
14 7 8 2 3 4 10 1 1
16 0 0 2 3 4 10 1 1
16 0 4 2 3 4 10 1 1
16 0 8 2 3 4 10 1 1
16 7 0 2 3 4 10 1 1
16 7 4 2 3 4 10 1 1
16 7 8 2 3 4 10 1 1
18 0 0 2 3 4 10 1 1
18 0 4 2 3 4 10 1 1
18 0 8 2 3 4 10 1 1
18 7 0 2 3 4 10 1 1
18 7 4 2 3 4 10 1 1
18 7 8 2 3 4 10 1 1
18 7 12 2 3 4 10 1 1
0 10 0 5 4 9 3 1 2
0 10 9 5 4 9 3 1 2
5 10 0 5 4 9 3 1 2
5 10 9 5 4 9 3 1 2
0 10 18 4 2 2 6 1 2
0 14 4 4 2 2 6 1 2
0 14 6 4 2 2 6 1 2
0 14 8 4 2 2 6 1 2
0 14 10 4 2 2 6 1 2
0 14 12 4 2 2 6 1 2
0 14 14 4 2 2 6 1 2
0 14 16 4 2 2 6 1 2
0 14 18 4 2 2 6 1 2
0 16 4 4 2 2 6 1 2
0 16 6 4 2 2 6 1 2
0 16 8 4 2 2 6 1 2
0 16 10 4 2 2 6 1 2
0 16 12 4 2 2 6 1 2
0 16 14 4 2 2 6 1 2
0 16 16 4 2 2 6 1 2
0 16 18 4 2 2 6 1 2
0 18 4 4 2 2 6 1 2
0 18 6 4 2 2 6 1 2
0 18 8 4 2 2 6 1 2
0 18 10 4 2 2 6 1 2
0 18 12 4 2 2 6 1 2
0 18 14 4 2 2 6 1 2
0 18 16 4 2 2 6 1 2
0 18 18 4 2 2 6 1 2
2 12 18 4 2 2 6 1 2
2 14 0 4 2 2 6 1 2
2 14 2 4 2 2 6 1 2
2 16 0 4 2 2 6 1 2
2 16 2 4 2 2 6 1 2
2 18 0 4 2 2 6 1 2
2 18 2 4 2 2 6 1 2
4 14 4 4 2 2 6 1 2
4 14 6 4 2 2 6 1 2
4 14 8 4 2 2 6 1 2
4 14 10 4 2 2 6 1 2
4 14 12 4 2 2 6 1 2
4 14 14 4 2 2 6 1 2
4 14 16 4 2 2 6 1 2
4 14 18 4 2 2 6 1 2
4 16 4 4 2 2 6 1 2
4 16 6 4 2 2 6 1 2
4 16 8 4 2 2 6 1 2
4 16 10 4 2 2 6 1 2
4 16 12 4 2 2 6 1 2
4 16 14 4 2 2 6 1 2
4 16 16 4 2 2 6 1 2
4 16 18 4 2 2 6 1 2
4 18 4 4 2 2 6 1 2
4 18 6 4 2 2 6 1 2
4 18 8 4 2 2 6 1 2
4 18 10 4 2 2 6 1 2
4 18 12 4 2 2 6 1 2
4 18 14 4 2 2 6 1 2
4 18 16 4 2 2 6 1 2
4 18 18 4 2 2 6 1 2
6 10 18 4 2 2 6 1 2
6 12 18 4 2 2 6 1 2
6 14 0 4 2 2 6 1 2
6 14 2 4 2 2 6 1 2
6 16 0 4 2 2 6 1 2
6 16 2 4 2 2 6 1 2
6 18 0 4 2 2 6 1 2
6 18 2 4 2 2 6 1 2
0 14 0 2 3 4 10 1 2
0 17 0 2 3 4 10 1 2
8 14 4 2 3 4 10 1 2
8 14 8 2 3 4 10 1 2
8 14 12 2 3 4 10 1 2
8 14 16 2 3 4 10 1 2
8 17 4 2 3 4 10 1 2
8 17 8 2 3 4 10 1 2
8 17 12 2 3 4 10 1 2
8 17 16 2 3 4 10 1 2
16 12 4 4 4 3 2 1 3
10 16 0 5 4 9 3 1 3
15 16 0 5 4 9 3 1 3
10 16 9 7 4 3 4 1 3
10 10 0 4 2 2 6 1 3
10 10 2 4 2 2 6 1 3
10 10 4 4 2 2 6 1 3
10 10 6 4 2 2 6 1 3
10 10 8 4 2 2 6 1 3
10 10 10 4 2 2 6 1 3
10 10 12 4 2 2 6 1 3
10 10 16 4 2 2 6 1 3
10 10 18 4 2 2 6 1 3
10 12 0 4 2 2 6 1 3
10 12 2 4 2 2 6 1 3
10 12 4 4 2 2 6 1 3
10 12 6 4 2 2 6 1 3
10 12 8 4 2 2 6 1 3
10 12 10 4 2 2 6 1 3
10 12 16 4 2 2 6 1 3
10 12 18 4 2 2 6 1 3
10 14 0 4 2 2 6 1 3
10 14 2 4 2 2 6 1 3
10 14 4 4 2 2 6 1 3
10 14 6 4 2 2 6 1 3
10 14 8 4 2 2 6 1 3
10 14 10 4 2 2 6 1 3
10 14 16 4 2 2 6 1 3
10 14 18 4 2 2 6 1 3
10 16 16 4 2 2 6 1 3
10 16 18 4 2 2 6 1 3
10 18 16 4 2 2 6 1 3
10 18 18 4 2 2 6 1 3
12 10 14 4 2 2 6 1 3
14 10 12 4 2 2 6 1 3
14 10 16 4 2 2 6 1 3
14 10 18 4 2 2 6 1 3
14 12 16 4 2 2 6 1 3
14 12 18 4 2 2 6 1 3
14 14 16 4 2 2 6 1 3
14 14 18 4 2 2 6 1 3
14 16 16 4 2 2 6 1 3
14 16 18 4 2 2 6 1 3
14 18 16 4 2 2 6 1 3
14 18 18 4 2 2 6 1 3
16 10 0 4 2 2 6 1 3
16 10 2 4 2 2 6 1 3
16 10 4 4 2 2 6 1 3
16 10 6 4 2 2 6 1 3
16 10 8 4 2 2 6 1 3
16 10 10 4 2 2 6 1 3
16 10 14 4 2 2 6 1 3
16 12 0 4 2 2 6 1 3
16 12 2 4 2 2 6 1 3
16 12 7 4 2 2 6 1 3
16 14 0 4 2 2 6 1 3
16 14 2 4 2 2 6 1 3
16 14 7 4 2 2 6 1 3
17 12 9 3 8 7 7 1 3
10 12 12 7 8 2 9 1 3
10 12 14 7 8 2 9 1 3
14 10 0 2 3 4 10 1 3
14 10 4 2 3 4 10 1 3
14 10 8 2 3 4 10 1 3
14 13 0 2 3 4 10 1 3
14 13 4 2 3 4 10 1 3
14 13 8 2 3 4 10 1 3
18 10 16 2 3 4 10 1 3
18 13 16 2 3 4 10 1 3
18 17 16 2 3 4 10 1 3
