4
10 10 20
10 10 20
10 10 20
10 10 20
0 2 6 8 8 3 1 1 0
0 2 9 8 8 3 1 1 0
0 0 0 3 5 3 3 1 0
0 0 3 3 5 3 3 1 0
0 0 12 3 5 3 3 1 0
0 0 15 3 5 3 3 1 0
0 5 0 3 5 3 3 1 0
0 5 3 3 5 3 3 1 0
0 5 12 3 5 3 3 1 0
0 5 15 3 5 3 3 1 0
7 0 0 3 5 3 3 1 0
7 0 3 3 5 3 3 1 0
7 5 0 3 5 3 3 1 0
7 5 3 3 5 3 3 1 0
5 0 12 5 5 3 6 1 0
5 0 15 5 5 3 6 1 0
5 5 12 5 5 3 6 1 0
5 5 15 5 5 3 6 1 0
0 0 6 2 2 2 7 1 0
0 0 8 2 2 2 7 1 0
0 0 10 2 2 2 7 1 0
0 0 18 2 2 2 7 1 0
0 2 18 2 2 2 7 1 0
0 4 18 2 2 2 7 1 0
0 6 18 2 2 2 7 1 0
0 8 18 2 2 2 7 1 0
2 0 6 2 2 2 7 1 0
2 0 8 2 2 2 7 1 0
2 0 10 2 2 2 7 1 0
2 0 18 2 2 2 7 1 0
2 2 18 2 2 2 7 1 0
2 4 18 2 2 2 7 1 0
2 6 18 2 2 2 7 1 0
2 8 18 2 2 2 7 1 0
3 0 0 2 2 2 7 1 0
3 0 2 2 2 2 7 1 0
3 0 4 2 2 2 7 1 0
3 0 12 2 2 2 7 1 0
3 0 14 2 2 2 7 1 0
3 0 16 2 2 2 7 1 0
3 2 0 2 2 2 7 1 0
3 2 2 2 2 2 7 1 0
3 2 4 2 2 2 7 1 0
3 2 12 2 2 2 7 1 0
3 2 14 2 2 2 7 1 0
3 2 16 2 2 2 7 1 0
3 4 0 2 2 2 7 1 0
3 4 2 2 2 2 7 1 0
3 4 4 2 2 2 7 1 0
3 4 12 2 2 2 7 1 0
3 4 14 2 2 2 7 1 0
3 4 16 2 2 2 7 1 0
3 6 0 2 2 2 7 1 0
3 6 2 2 2 2 7 1 0
3 6 4 2 2 2 7 1 0
3 6 12 2 2 2 7 1 0
3 6 14 2 2 2 7 1 0
3 6 16 2 2 2 7 1 0
3 8 0 2 2 2 7 1 0
3 8 2 2 2 2 7 1 0
3 8 4 2 2 2 7 1 0
3 8 12 2 2 2 7 1 0
3 8 14 2 2 2 7 1 0
3 8 16 2 2 2 7 1 0
4 0 6 2 2 2 7 1 0
4 0 8 2 2 2 7 1 0
4 0 10 2 2 2 7 1 0
4 0 18 2 2 2 7 1 0
4 2 18 2 2 2 7 1 0
4 4 18 2 2 2 7 1 0
4 6 18 2 2 2 7 1 0
4 8 18 2 2 2 7 1 0
5 0 0 2 2 2 7 1 0
5 0 2 2 2 2 7 1 0
5 0 4 2 2 2 7 1 0
5 2 0 2 2 2 7 1 0
5 2 2 2 2 2 7 1 0
5 2 4 2 2 2 7 1 0
5 4 0 2 2 2 7 1 0
5 4 2 2 2 2 7 1 0
5 4 4 2 2 2 7 1 0
5 6 0 2 2 2 7 1 0
5 6 2 2 2 2 7 1 0
5 6 4 2 2 2 7 1 0
5 8 0 2 2 2 7 1 0
5 8 2 2 2 2 7 1 0
5 8 4 2 2 2 7 1 0
6 0 6 2 2 2 7 1 0
6 0 8 2 2 2 7 1 0
6 0 10 2 2 2 7 1 0
6 0 18 2 2 2 7 1 0
6 2 18 2 2 2 7 1 0
6 4 18 2 2 2 7 1 0
6 6 18 2 2 2 7 1 0
6 8 18 2 2 2 7 1 0
8 0 6 2 2 2 7 1 0
8 0 8 2 2 2 7 1 0
8 0 10 2 2 2 7 1 0
8 0 18 2 2 2 7 1 0
8 2 6 2 2 2 7 1 0
8 2 8 2 2 2 7 1 0
8 2 10 2 2 2 7 1 0
8 2 18 2 2 2 7 1 0
8 4 6 2 2 2 7 1 0
8 4 8 2 2 2 7 1 0
8 4 10 2 2 2 7 1 0
8 4 18 2 2 2 7 1 0
8 6 6 2 2 2 7 1 0
8 6 8 2 2 2 7 1 0
8 6 10 2 2 2 7 1 0
8 6 18 2 2 2 7 1 0
8 8 6 2 2 2 7 1 0
8 8 8 2 2 2 7 1 0
8 8 10 2 2 2 7 1 0
8 8 18 2 2 2 7 1 0
10 0 2 8 8 3 1 1 1
10 0 5 8 8 3 1 1 1
10 0 14 6 4 6 2 1 1
10 4 14 6 4 6 2 1 1
10 0 0 2 2 2 7 1 1
10 0 8 2 2 2 7 1 1
10 0 10 2 2 2 7 1 1
10 0 12 2 2 2 7 1 1
10 2 0 2 2 2 7 1 1
10 2 8 2 2 2 7 1 1
10 2 10 2 2 2 7 1 1
10 2 12 2 2 2 7 1 1
10 4 0 2 2 2 7 1 1
10 4 8 2 2 2 7 1 1
10 4 10 2 2 2 7 1 1
10 4 12 2 2 2 7 1 1
10 6 0 2 2 2 7 1 1
10 6 8 2 2 2 7 1 1
10 6 10 2 2 2 7 1 1
10 6 12 2 2 2 7 1 1
10 8 0 2 2 2 7 1 1
10 8 2 2 2 2 7 1 1
10 8 4 2 2 2 7 1 1
10 8 6 2 2 2 7 1 1
10 8 8 2 2 2 7 1 1
10 8 10 2 2 2 7 1 1
10 8 12 2 2 2 7 1 1
10 8 14 2 2 2 7 1 1
10 8 16 2 2 2 7 1 1
10 8 18 2 2 2 7 1 1
12 0 0 2 2 2 7 1 1
12 0 8 2 2 2 7 1 1
12 0 10 2 2 2 7 1 1
12 0 12 2 2 2 7 1 1
12 2 0 2 2 2 7 1 1
12 2 8 2 2 2 7 1 1
12 2 10 2 2 2 7 1 1
12 2 12 2 2 2 7 1 1
12 4 0 2 2 2 7 1 1
12 4 8 2 2 2 7 1 1
12 4 10 2 2 2 7 1 1
12 4 12 2 2 2 7 1 1
12 6 0 2 2 2 7 1 1
12 6 8 2 2 2 7 1 1
12 6 10 2 2 2 7 1 1
12 6 12 2 2 2 7 1 1
12 8 0 2 2 2 7 1 1
12 8 2 2 2 2 7 1 1
12 8 4 2 2 2 7 1 1
12 8 6 2 2 2 7 1 1
12 8 8 2 2 2 7 1 1
12 8 10 2 2 2 7 1 1
12 8 12 2 2 2 7 1 1
12 8 14 2 2 2 7 1 1
12 8 16 2 2 2 7 1 1
12 8 18 2 2 2 7 1 1
14 0 0 2 2 2 7 1 1
14 0 8 2 2 2 7 1 1
14 0 10 2 2 2 7 1 1
14 0 12 2 2 2 7 1 1
14 2 0 2 2 2 7 1 1
14 2 8 2 2 2 7 1 1
14 2 10 2 2 2 7 1 1
14 2 12 2 2 2 7 1 1
14 4 0 2 2 2 7 1 1
14 4 8 2 2 2 7 1 1
14 4 10 2 2 2 7 1 1
14 4 12 2 2 2 7 1 1
14 6 0 2 2 2 7 1 1
14 6 8 2 2 2 7 1 1
14 6 10 2 2 2 7 1 1
14 6 12 2 2 2 7 1 1
14 8 0 2 2 2 7 1 1
14 8 2 2 2 2 7 1 1
14 8 4 2 2 2 7 1 1
14 8 6 2 2 2 7 1 1
14 8 8 2 2 2 7 1 1
14 8 10 2 2 2 7 1 1
14 8 12 2 2 2 7 1 1
14 8 14 2 2 2 7 1 1
14 8 16 2 2 2 7 1 1
14 8 18 2 2 2 7 1 1
16 0 0 2 2 2 7 1 1
16 0 8 2 2 2 7 1 1
16 0 10 2 2 2 7 1 1
16 0 12 2 2 2 7 1 1
16 0 14 2 2 2 7 1 1
16 0 16 2 2 2 7 1 1
16 0 18 2 2 2 7 1 1
16 2 0 2 2 2 7 1 1
16 2 8 2 2 2 7 1 1
16 2 10 2 2 2 7 1 1
16 2 12 2 2 2 7 1 1
16 2 14 2 2 2 7 1 1
16 2 16 2 2 2 7 1 1
16 2 18 2 2 2 7 1 1
16 4 0 2 2 2 7 1 1
16 4 8 2 2 2 7 1 1
16 4 10 2 2 2 7 1 1
16 4 12 2 2 2 7 1 1
16 4 14 2 2 2 7 1 1
16 4 16 2 2 2 7 1 1
16 4 18 2 2 2 7 1 1
16 6 0 2 2 2 7 1 1
16 6 8 2 2 2 7 1 1
16 6 10 2 2 2 7 1 1
16 6 12 2 2 2 7 1 1
16 6 14 2 2 2 7 1 1
16 6 16 2 2 2 7 1 1
16 6 18 2 2 2 7 1 1
16 8 0 2 2 2 7 1 1
16 8 2 2 2 2 7 1 1
16 8 4 2 2 2 7 1 1
16 8 6 2 2 2 7 1 1
16 8 8 2 2 2 7 1 1
16 8 10 2 2 2 7 1 1
16 8 12 2 2 2 7 1 1
16 8 14 2 2 2 7 1 1
16 8 16 2 2 2 7 1 1
16 8 18 2 2 2 7 1 1
18 0 0 2 2 2 7 1 1
18 0 2 2 2 2 7 1 1
18 0 4 2 2 2 7 1 1
18 0 6 2 2 2 7 1 1
18 0 8 2 2 2 7 1 1
18 0 10 2 2 2 7 1 1
18 0 12 2 2 2 7 1 1
18 0 14 2 2 2 7 1 1
18 0 16 2 2 2 7 1 1
18 0 18 2 2 2 7 1 1
18 2 0 2 2 2 7 1 1
18 2 2 2 2 2 7 1 1
18 2 4 2 2 2 7 1 1
18 2 6 2 2 2 7 1 1
18 2 8 2 2 2 7 1 1
18 2 10 2 2 2 7 1 1
18 2 12 2 2 2 7 1 1
18 2 14 2 2 2 7 1 1
18 2 16 2 2 2 7 1 1
18 2 18 2 2 2 7 1 1
18 4 0 2 2 2 7 1 1
18 4 2 2 2 2 7 1 1
18 4 4 2 2 2 7 1 1
18 4 6 2 2 2 7 1 1
18 4 8 2 2 2 7 1 1
18 4 10 2 2 2 7 1 1
18 4 12 2 2 2 7 1 1
18 4 14 2 2 2 7 1 1
18 4 16 2 2 2 7 1 1
18 4 18 2 2 2 7 1 1
18 6 0 2 2 2 7 1 1
18 6 2 2 2 2 7 1 1
18 6 4 2 2 2 7 1 1
18 6 6 2 2 2 7 1 1
18 6 8 2 2 2 7 1 1
18 6 10 2 2 2 7 1 1
18 6 12 2 2 2 7 1 1
18 6 14 2 2 2 7 1 1
18 6 16 2 2 2 7 1 1
18 6 18 2 2 2 7 1 1
18 8 0 2 2 2 7 1 1
18 8 2 2 2 2 7 1 1
18 8 4 2 2 2 7 1 1
18 8 6 2 2 2 7 1 1
18 8 8 2 2 2 7 1 1
18 8 10 2 2 2 7 1 1
18 8 12 2 2 2 7 1 1
18 8 14 2 2 2 7 1 1
18 8 16 2 2 2 7 1 1
18 8 18 2 2 2 7 1 1
0 10 0 8 8 3 1 1 2
0 10 3 8 8 3 1 1 2
0 16 6 6 4 6 2 1 2
2 12 6 6 4 6 2 1 2
0 10 12 3 5 3 3 1 2
0 10 15 3 5 3 3 1 2
0 15 12 3 5 3 3 1 2
0 15 15 3 5 3 3 1 2
3 10 12 5 5 3 6 1 2
3 10 15 5 5 3 6 1 2
3 15 12 5 5 3 6 1 2
3 15 15 5 5 3 6 1 2
0 10 6 2 2 2 7 1 2
0 10 8 2 2 2 7 1 2
0 10 10 2 2 2 7 1 2
0 10 18 2 2 2 7 1 2
0 12 6 2 2 2 7 1 2
0 12 8 2 2 2 7 1 2
0 12 10 2 2 2 7 1 2
0 12 18 2 2 2 7 1 2
0 14 6 2 2 2 7 1 2
0 14 8 2 2 2 7 1 2
0 14 10 2 2 2 7 1 2
0 14 18 2 2 2 7 1 2
0 16 18 2 2 2 7 1 2
0 18 0 2 2 2 7 1 2
0 18 2 2 2 2 7 1 2
0 18 4 2 2 2 7 1 2
0 18 18 2 2 2 7 1 2
2 10 6 2 2 2 7 1 2
2 10 8 2 2 2 7 1 2
2 10 10 2 2 2 7 1 2
2 10 18 2 2 2 7 1 2
2 12 18 2 2 2 7 1 2
2 14 18 2 2 2 7 1 2
2 16 18 2 2 2 7 1 2
2 18 0 2 2 2 7 1 2
2 18 2 2 2 2 7 1 2
2 18 4 2 2 2 7 1 2
2 18 18 2 2 2 7 1 2
4 10 6 2 2 2 7 1 2
4 10 8 2 2 2 7 1 2
4 10 10 2 2 2 7 1 2
4 10 18 2 2 2 7 1 2
4 12 18 2 2 2 7 1 2
4 14 18 2 2 2 7 1 2
4 16 18 2 2 2 7 1 2
4 18 0 2 2 2 7 1 2
4 18 2 2 2 2 7 1 2
4 18 4 2 2 2 7 1 2
4 18 18 2 2 2 7 1 2
6 10 6 2 2 2 7 1 2
6 10 8 2 2 2 7 1 2
6 10 10 2 2 2 7 1 2
6 10 18 2 2 2 7 1 2
6 12 18 2 2 2 7 1 2
6 14 18 2 2 2 7 1 2
6 16 6 2 2 2 7 1 2
6 16 8 2 2 2 7 1 2
6 16 10 2 2 2 7 1 2
6 16 18 2 2 2 7 1 2
6 18 0 2 2 2 7 1 2
6 18 2 2 2 2 7 1 2
6 18 4 2 2 2 7 1 2
6 18 6 2 2 2 7 1 2
6 18 8 2 2 2 7 1 2
6 18 10 2 2 2 7 1 2
6 18 18 2 2 2 7 1 2
8 10 0 2 2 2 7 1 2
8 10 2 2 2 2 7 1 2
8 10 4 2 2 2 7 1 2
8 10 6 2 2 2 7 1 2
8 10 8 2 2 2 7 1 2
8 10 10 2 2 2 7 1 2
8 10 12 2 2 2 7 1 2
8 10 14 2 2 2 7 1 2
8 10 16 2 2 2 7 1 2
8 10 18 2 2 2 7 1 2
8 12 0 2 2 2 7 1 2
8 12 2 2 2 2 7 1 2
8 12 4 2 2 2 7 1 2
8 12 6 2 2 2 7 1 2
8 12 8 2 2 2 7 1 2
8 12 10 2 2 2 7 1 2
8 12 12 2 2 2 7 1 2
8 12 14 2 2 2 7 1 2
8 12 16 2 2 2 7 1 2
8 12 18 2 2 2 7 1 2
8 14 0 2 2 2 7 1 2
8 14 2 2 2 2 7 1 2
8 14 4 2 2 2 7 1 2
8 14 6 2 2 2 7 1 2
8 14 8 2 2 2 7 1 2
8 14 10 2 2 2 7 1 2
8 14 12 2 2 2 7 1 2
8 14 14 2 2 2 7 1 2
8 14 16 2 2 2 7 1 2
8 14 18 2 2 2 7 1 2
8 16 0 2 2 2 7 1 2
8 16 2 2 2 2 7 1 2
8 16 4 2 2 2 7 1 2
8 16 6 2 2 2 7 1 2
8 16 8 2 2 2 7 1 2
8 16 10 2 2 2 7 1 2
8 16 12 2 2 2 7 1 2
8 16 14 2 2 2 7 1 2
8 16 16 2 2 2 7 1 2
8 16 18 2 2 2 7 1 2
8 18 0 2 2 2 7 1 2
8 18 2 2 2 2 7 1 2
8 18 4 2 2 2 7 1 2
8 18 6 2 2 2 7 1 2
8 18 8 2 2 2 7 1 2
8 18 10 2 2 2 7 1 2
8 18 12 2 2 2 7 1 2
8 18 14 2 2 2 7 1 2
8 18 16 2 2 2 7 1 2
8 18 18 2 2 2 7 1 2
10 14 14 6 4 6 2 1 3
12 10 14 6 4 6 2 1 3
12 14 5 6 4 6 2 1 3
10 10 2 5 5 3 6 1 3
10 10 11 5 5 3 6 1 3
10 15 2 5 5 3 6 1 3
10 15 11 5 5 3 6 1 3
15 10 2 5 5 3 6 1 3
15 10 11 5 5 3 6 1 3
15 15 2 5 5 3 6 1 3
15 15 11 5 5 3 6 1 3
10 10 0 2 2 2 7 1 3
10 10 5 2 2 2 7 1 3
10 10 7 2 2 2 7 1 3
10 10 9 2 2 2 7 1 3
10 10 14 2 2 2 7 1 3
10 10 16 2 2 2 7 1 3
10 10 18 2 2 2 7 1 3
10 12 0 2 2 2 7 1 3
10 12 5 2 2 2 7 1 3
10 12 7 2 2 2 7 1 3
10 12 9 2 2 2 7 1 3
10 12 14 2 2 2 7 1 3
10 12 16 2 2 2 7 1 3
10 12 18 2 2 2 7 1 3
10 14 0 2 2 2 7 1 3
10 14 5 2 2 2 7 1 3
10 14 7 2 2 2 7 1 3
10 14 9 2 2 2 7 1 3
10 16 0 2 2 2 7 1 3
10 16 5 2 2 2 7 1 3
10 16 7 2 2 2 7 1 3
10 16 9 2 2 2 7 1 3
10 18 0 2 2 2 7 1 3
10 18 5 2 2 2 7 1 3
10 18 7 2 2 2 7 1 3
10 18 9 2 2 2 7 1 3
10 18 14 2 2 2 7 1 3
10 18 16 2 2 2 7 1 3
10 18 18 2 2 2 7 1 3
12 10 0 2 2 2 7 1 3
12 10 5 2 2 2 7 1 3
12 10 7 2 2 2 7 1 3
12 10 9 2 2 2 7 1 3
12 12 0 2 2 2 7 1 3
12 12 5 2 2 2 7 1 3
12 12 7 2 2 2 7 1 3
12 12 9 2 2 2 7 1 3
12 14 0 2 2 2 7 1 3
12 16 0 2 2 2 7 1 3
12 18 0 2 2 2 7 1 3
12 18 5 2 2 2 7 1 3
12 18 7 2 2 2 7 1 3
12 18 9 2 2 2 7 1 3
12 18 14 2 2 2 7 1 3
12 18 16 2 2 2 7 1 3
12 18 18 2 2 2 7 1 3
14 10 0 2 2 2 7 1 3
14 10 5 2 2 2 7 1 3
14 10 7 2 2 2 7 1 3
14 10 9 2 2 2 7 1 3
14 12 0 2 2 2 7 1 3
14 12 5 2 2 2 7 1 3
14 12 7 2 2 2 7 1 3
14 12 9 2 2 2 7 1 3
14 14 0 2 2 2 7 1 3
14 16 0 2 2 2 7 1 3
14 18 0 2 2 2 7 1 3
14 18 5 2 2 2 7 1 3
14 18 7 2 2 2 7 1 3
14 18 9 2 2 2 7 1 3
14 18 14 2 2 2 7 1 3
14 18 16 2 2 2 7 1 3
14 18 18 2 2 2 7 1 3
16 10 0 2 2 2 7 1 3
16 10 5 2 2 2 7 1 3
16 10 7 2 2 2 7 1 3
16 10 9 2 2 2 7 1 3
16 12 0 2 2 2 7 1 3
16 12 5 2 2 2 7 1 3
16 12 7 2 2 2 7 1 3
16 12 9 2 2 2 7 1 3
16 14 0 2 2 2 7 1 3
16 14 14 2 2 2 7 1 3
16 14 16 2 2 2 7 1 3
16 14 18 2 2 2 7 1 3
16 16 0 2 2 2 7 1 3
16 16 14 2 2 2 7 1 3
16 16 16 2 2 2 7 1 3
16 16 18 2 2 2 7 1 3
16 18 0 2 2 2 7 1 3
16 18 5 2 2 2 7 1 3
16 18 7 2 2 2 7 1 3
16 18 9 2 2 2 7 1 3
16 18 14 2 2 2 7 1 3
16 18 16 2 2 2 7 1 3
16 18 18 2 2 2 7 1 3
18 10 0 2 2 2 7 1 3
18 10 5 2 2 2 7 1 3
18 10 7 2 2 2 7 1 3
18 10 9 2 2 2 7 1 3
18 10 14 2 2 2 7 1 3
18 10 16 2 2 2 7 1 3
18 10 18 2 2 2 7 1 3
18 12 0 2 2 2 7 1 3
18 12 5 2 2 2 7 1 3
18 12 7 2 2 2 7 1 3
18 12 9 2 2 2 7 1 3
18 12 14 2 2 2 7 1 3
18 12 16 2 2 2 7 1 3
18 12 18 2 2 2 7 1 3
18 14 0 2 2 2 7 1 3
18 14 5 2 2 2 7 1 3
18 14 7 2 2 2 7 1 3
18 14 9 2 2 2 7 1 3
18 14 14 2 2 2 7 1 3
18 14 16 2 2 2 7 1 3
18 14 18 2 2 2 7 1 3
18 16 0 2 2 2 7 1 3
18 16 5 2 2 2 7 1 3
18 16 7 2 2 2 7 1 3
18 16 9 2 2 2 7 1 3
18 16 14 2 2 2 7 1 3
18 16 16 2 2 2 7 1 3
18 16 18 2 2 2 7 1 3
18 18 0 2 2 2 7 1 3
18 18 5 2 2 2 7 1 3
18 18 7 2 2 2 7 1 3
18 18 9 2 2 2 7 1 3
18 18 14 2 2 2 7 1 3
18 18 16 2 2 2 7 1 3
18 18 18 2 2 2 7 1 3
