4
10 10 20
10 10 20
10 10 20
10 10 20
4 0 0 2 3 8 1 1 0
4 3 0 2 3 8 1 1 0
0 0 0 4 5 4 4 1 0
0 0 4 4 5 4 4 1 0
0 0 8 4 5 4 4 1 0
0 0 12 4 5 4 4 1 0
0 0 16 4 5 4 4 1 0
0 5 0 4 5 4 4 1 0
0 5 4 4 5 4 4 1 0
6 0 0 4 5 4 4 1 0
6 0 4 4 5 4 4 1 0
6 5 0 4 5 4 4 1 0
6 5 4 4 5 4 4 1 0
6 5 8 4 5 4 4 1 0
6 5 12 4 5 4 4 1 0
6 5 16 4 5 4 4 1 0
0 5 8 3 5 6 7 1 0
0 5 14 3 5 6 7 1 0
3 5 8 3 5 6 7 1 0
3 5 14 3 5 6 7 1 0
4 0 8 3 5 6 7 1 0
4 0 14 3 5 6 7 1 0
7 0 8 3 5 6 7 1 0
7 0 14 3 5 6 7 1 0
4 6 0 2 4 4 10 1 0
4 6 4 2 4 4 10 1 0
10 0 4 2 3 8 1 1 1
10 7 0 2 3 8 1 1 1
12 0 4 2 3 8 1 1 1
12 7 0 2 3 8 1 1 1
14 0 4 2 3 8 1 1 1
14 7 0 2 3 8 1 1 1
16 0 4 2 3 8 1 1 1
16 7 0 2 3 8 1 1 1
18 0 4 2 3 8 1 1 1
18 0 12 2 3 8 1 1 1
18 7 0 2 3 8 1 1 1
18 7 12 2 3 8 1 1 1
10 0 12 4 5 4 4 1 1
10 0 16 4 5 4 4 1 1
10 5 12 4 5 4 4 1 1
10 5 16 4 5 4 4 1 1
14 0 12 4 5 4 4 1 1
14 0 16 4 5 4 4 1 1
14 5 12 4 5 4 4 1 1
14 5 16 4 5 4 4 1 1
14 3 4 6 4 2 8 1 1
14 3 6 6 4 2 8 1 1
10 0 0 5 7 4 9 1 1
10 3 8 5 7 4 9 1 1
15 0 0 5 7 4 9 1 1
15 3 8 5 7 4 9 1 1
10 3 4 2 4 4 10 1 1
12 3 4 2 4 4 10 1 1
18 3 12 2 4 4 10 1 1
18 3 16 2 4 4 10 1 1
0 10 0 2 3 8 1 1 2
0 17 4 2 3 8 1 1 2
2 10 0 2 3 8 1 1 2
2 17 4 2 3 8 1 1 2
4 10 0 2 3 8 1 1 2
4 17 4 2 3 8 1 1 2
6 10 0 2 3 8 1 1 2
6 17 4 2 3 8 1 1 2
8 10 0 2 3 8 1 1 2
8 14 12 2 3 8 1 1 2
8 17 4 2 3 8 1 1 2
8 17 12 2 3 8 1 1 2
0 10 12 4 5 4 4 1 2
0 10 16 4 5 4 4 1 2
0 15 12 4 5 4 4 1 2
0 15 16 4 5 4 4 1 2
4 10 12 4 5 4 4 1 2
4 10 16 4 5 4 4 1 2
4 15 12 4 5 4 4 1 2
4 15 16 4 5 4 4 1 2
4 13 4 6 4 2 8 1 2
4 13 6 6 4 2 8 1 2
0 10 8 5 7 4 9 1 2
0 13 0 5 7 4 9 1 2
5 10 8 5 7 4 9 1 2
5 13 0 5 7 4 9 1 2
0 13 4 2 4 4 10 1 2
2 13 4 2 4 4 10 1 2
8 10 12 2 4 4 10 1 2
8 10 16 2 4 4 10 1 2
14 10 6 2 3 8 1 1 3
14 17 12 2 3 8 1 1 3
16 10 12 2 3 8 1 1 3
16 17 6 2 3 8 1 1 3
18 10 12 2 3 8 1 1 3
18 17 6 2 3 8 1 1 3
10 10 0 4 5 4 4 1 3
10 10 4 4 5 4 4 1 3
10 10 8 4 5 4 4 1 3
10 10 12 4 5 4 4 1 3
10 10 16 4 5 4 4 1 3
10 15 0 4 5 4 4 1 3
10 15 4 4 5 4 4 1 3
10 15 8 4 5 4 4 1 3
10 15 12 4 5 4 4 1 3
10 15 16 4 5 4 4 1 3
14 10 14 2 7 3 5 1 3
14 10 17 2 7 3 5 1 3
14 13 6 2 7 3 5 1 3
14 13 9 2 7 3 5 1 3
16 10 6 2 7 3 5 1 3
16 10 9 2 7 3 5 1 3
16 13 14 2 7 3 5 1 3
16 13 17 2 7 3 5 1 3
18 10 6 2 7 3 5 1 3
18 10 9 2 7 3 5 1 3
18 13 14 2 7 3 5 1 3
18 13 17 2 7 3 5 1 3
14 10 0 3 5 6 7 1 3
14 15 0 3 5 6 7 1 3
17 10 0 3 5 6 7 1 3
17 15 0 3 5 6 7 1 3
14 13 12 6 4 2 8 1 3
