4
10 10 20
10 10 20
10 10 20
10 10 20
0 0 2 2 4 8 2 1 0
0 0 12 2 4 8 2 1 0
0 4 2 2 4 8 2 1 0
0 4 12 2 4 8 2 1 0
2 0 2 2 4 8 2 1 0
2 0 12 2 4 8 2 1 0
2 4 2 2 4 8 2 1 0
2 4 12 2 4 8 2 1 0
0 0 0 3 7 2 5 1 0
0 0 10 3 7 2 5 1 0
4 0 18 3 7 2 5 1 0
7 0 18 3 7 2 5 1 0
0 8 0 5 2 5 9 1 0
0 8 5 5 2 5 9 1 0
0 8 10 5 2 5 9 1 0
0 8 15 5 2 5 9 1 0
5 8 0 5 2 5 9 1 0
5 8 5 5 2 5 9 1 0
5 8 10 5 2 5 9 1 0
5 8 15 5 2 5 9 1 0
4 0 0 6 4 6 10 1 0
4 0 6 6 4 6 10 1 0
4 0 12 6 4 6 10 1 0
4 4 0 6 4 6 10 1 0
4 4 6 6 4 6 10 1 0
4 4 12 6 4 6 10 1 0
10 6 10 2 4 8 2 1 1
12 6 10 2 4 8 2 1 1
14 6 10 2 4 8 2 1 1
16 4 10 4 6 8 3 1 1
10 2 18 3 7 2 5 1 1
13 2 18 3 7 2 5 1 1
17 2 18 3 7 2 5 1 1
16 2 0 4 2 9 6 1 1
16 2 9 4 2 9 6 1 1
16 4 0 4 2 9 6 1 1
10 0 0 5 2 5 9 1 1
10 0 5 5 2 5 9 1 1
10 0 10 5 2 5 9 1 1
10 0 15 5 2 5 9 1 1
10 6 0 5 2 5 9 1 1
10 6 5 5 2 5 9 1 1
10 8 0 5 2 5 9 1 1
10 8 5 5 2 5 9 1 1
15 0 0 5 2 5 9 1 1
15 0 5 5 2 5 9 1 1
15 0 10 5 2 5 9 1 1
15 0 15 5 2 5 9 1 1
15 6 0 5 2 5 9 1 1
15 6 5 5 2 5 9 1 1
15 8 0 5 2 5 9 1 1
15 8 5 5 2 5 9 1 1
10 2 0 6 4 6 10 1 1
10 2 6 6 4 6 10 1 1
10 2 12 6 4 6 10 1 1
0 10 0 2 4 8 2 1 2
0 10 12 2 4 8 2 1 2
0 14 0 2 4 8 2 1 2
0 14 12 2 4 8 2 1 2
2 10 12 2 4 8 2 1 2
2 14 12 2 4 8 2 1 2
8 10 0 2 4 8 2 1 2
8 14 0 2 4 8 2 1 2
0 10 8 3 7 2 5 1 2
0 10 10 3 7 2 5 1 2
2 10 0 3 7 2 5 1 2
5 10 0 3 7 2 5 1 2
0 18 0 5 2 5 9 1 2
0 18 5 5 2 5 9 1 2
0 18 10 5 2 5 9 1 2
0 18 15 5 2 5 9 1 2
5 18 0 5 2 5 9 1 2
5 18 5 5 2 5 9 1 2
5 18 10 5 2 5 9 1 2
5 18 15 5 2 5 9 1 2
2 10 2 6 4 6 10 1 2
2 14 2 6 4 6 10 1 2
4 10 8 6 4 6 10 1 2
4 10 14 6 4 6 10 1 2
4 14 8 6 4 6 10 1 2
4 14 14 6 4 6 10 1 2
10 10 8 2 4 8 2 1 3
10 14 8 2 4 8 2 1 3
12 10 8 2 4 8 2 1 3
12 14 8 2 4 8 2 1 3
16 10 0 2 4 8 2 1 3
16 14 0 2 4 8 2 1 3
18 10 0 2 4 8 2 1 3
18 14 0 2 4 8 2 1 3
10 10 6 3 7 2 5 1 3
10 10 16 3 7 2 5 1 3
10 10 18 3 7 2 5 1 3
13 10 6 3 7 2 5 1 3
10 18 0 5 2 5 9 1 3
10 18 5 5 2 5 9 1 3
10 18 10 5 2 5 9 1 3
10 18 15 5 2 5 9 1 3
15 18 0 5 2 5 9 1 3
15 18 5 5 2 5 9 1 3
15 18 10 5 2 5 9 1 3
15 18 15 5 2 5 9 1 3
10 10 0 6 4 6 10 1 3
10 14 0 6 4 6 10 1 3
14 10 8 6 4 6 10 1 3
14 10 14 6 4 6 10 1 3
14 14 8 6 4 6 10 1 3
14 14 14 6 4 6 10 1 3
