4
10 10 20
10 10 20
10 10 20
10 10 20
0 0 0 4 3 4 2 1 0
0 0 4 4 3 4 2 1 0
0 0 8 4 3 4 2 1 0
0 7 8 4 3 4 2 1 0
0 7 12 4 3 4 2 1 0
0 7 16 4 3 4 2 1 0
2 0 12 4 3 4 2 1 0
2 0 16 4 3 4 2 1 0
2 7 0 4 3 4 2 1 0
2 7 4 4 3 4 2 1 0
4 0 4 4 3 4 2 1 0
4 3 16 4 3 4 2 1 0
6 0 0 4 3 4 2 1 0
6 0 12 4 3 4 2 1 0
6 0 16 4 3 4 2 1 0
6 7 0 4 3 4 2 1 0
6 7 4 4 3 4 2 1 0
0 3 8 2 4 2 5 1 0
0 3 10 2 4 2 5 1 0
2 3 0 2 4 2 5 1 0
2 3 2 2 4 2 5 1 0
2 3 4 2 4 2 5 1 0
2 3 6 2 4 2 5 1 0
2 3 8 2 4 2 5 1 0
2 3 10 2 4 2 5 1 0
2 3 12 2 4 2 5 1 0
2 3 14 2 4 2 5 1 0
2 3 16 2 4 2 5 1 0
2 3 18 2 4 2 5 1 0
4 3 4 2 4 2 5 1 0
4 3 6 2 4 2 5 1 0
4 6 16 2 4 2 5 1 0
4 6 18 2 4 2 5 1 0
6 3 0 2 4 2 5 1 0
6 3 2 2 4 2 5 1 0
6 3 4 2 4 2 5 1 0
6 3 6 2 4 2 5 1 0
6 6 16 2 4 2 5 1 0
6 6 18 2 4 2 5 1 0
8 3 0 2 4 2 5 1 0
8 3 2 2 4 2 5 1 0
4 0 8 6 5 4 7 1 0
4 5 8 6 5 4 7 1 0
4 3 12 3 7 4 8 1 0
7 3 12 3 7 4 8 1 0
0 0 12 2 7 4 10 1 0
0 0 16 2 7 4 10 1 0
0 3 0 2 7 4 10 1 0
0 3 4 2 7 4 10 1 0
4 0 0 2 7 4 10 1 0
8 0 4 2 7 4 10 1 0
8 3 16 2 7 4 10 1 0
10 6 10 5 4 2 1 1 1
15 6 10 5 4 2 1 1 1
10 0 16 4 3 4 2 1 1
10 7 12 4 3 4 2 1 1
12 7 16 4 3 4 2 1 1
14 7 12 4 3 4 2 1 1
16 0 4 4 3 4 2 1 1
16 0 8 4 3 4 2 1 1
16 0 12 4 3 4 2 1 1
16 3 8 4 3 4 2 1 1
16 4 16 4 3 4 2 1 1
16 7 0 4 3 4 2 1 1
16 7 4 4 3 4 2 1 1
16 7 16 4 3 4 2 1 1
10 2 10 2 4 2 5 1 1
12 2 10 2 4 2 5 1 1
12 3 16 2 4 2 5 1 1
12 3 18 2 4 2 5 1 1
14 2 10 2 4 2 5 1 1
16 0 16 2 4 2 5 1 1
16 0 18 2 4 2 5 1 1
16 3 4 2 4 2 5 1 1
16 3 6 2 4 2 5 1 1
16 3 12 2 4 2 5 1 1
16 3 14 2 4 2 5 1 1
16 6 8 2 4 2 5 1 1
18 0 16 2 4 2 5 1 1
18 0 18 2 4 2 5 1 1
18 3 4 2 4 2 5 1 1
18 3 6 2 4 2 5 1 1
18 6 8 2 4 2 5 1 1
10 0 6 6 5 4 7 1 1
10 2 12 6 5 4 7 1 1
10 5 6 6 5 4 7 1 1
10 0 0 6 2 6 9 1 1
10 0 10 6 2 6 9 1 1
10 2 0 6 2 6 9 1 1
10 4 0 6 2 6 9 1 1
10 6 0 6 2 6 9 1 1
10 8 0 6 2 6 9 1 1
10 3 16 2 7 4 10 1 1
14 0 16 2 7 4 10 1 1
16 0 0 2 7 4 10 1 1
18 0 0 2 7 4 10 1 1
18 3 12 2 7 4 10 1 1
0 10 12 4 3 4 2 1 2
0 13 12 4 3 4 2 1 2
0 14 16 4 3 4 2 1 2
0 17 8 4 3 4 2 1 2
0 17 16 4 3 4 2 1 2
6 10 0 4 3 4 2 1 2
6 13 0 4 3 4 2 1 2
6 14 4 4 3 4 2 1 2
6 17 4 4 3 4 2 1 2
0 10 16 2 4 2 5 1 2
0 10 18 2 4 2 5 1 2
0 16 12 2 4 2 5 1 2
0 16 14 2 4 2 5 1 2
2 10 16 2 4 2 5 1 2
2 10 18 2 4 2 5 1 2
2 16 12 2 4 2 5 1 2
2 16 14 2 4 2 5 1 2
4 16 14 2 4 2 5 1 2
4 16 16 2 4 2 5 1 2
4 16 18 2 4 2 5 1 2
6 10 4 2 4 2 5 1 2
6 10 6 2 4 2 5 1 2
6 16 0 2 4 2 5 1 2
6 16 2 2 4 2 5 1 2
6 16 14 2 4 2 5 1 2
6 16 16 2 4 2 5 1 2
6 16 18 2 4 2 5 1 2
8 10 4 2 4 2 5 1 2
8 10 6 2 4 2 5 1 2
8 16 0 2 4 2 5 1 2
8 16 2 2 4 2 5 1 2
8 16 14 2 4 2 5 1 2
8 16 16 2 4 2 5 1 2
8 16 18 2 4 2 5 1 2
0 10 0 6 5 4 7 1 2
0 10 4 6 5 4 7 1 2
0 15 0 6 5 4 7 1 2
0 15 4 6 5 4 7 1 2
4 10 8 6 2 6 9 1 2
4 10 14 6 2 6 9 1 2
4 12 8 6 2 6 9 1 2
4 12 14 6 2 6 9 1 2
4 14 8 6 2 6 9 1 2
4 14 14 6 2 6 9 1 2
4 16 8 6 2 6 9 1 2
4 18 8 6 2 6 9 1 2
0 10 8 2 7 4 10 1 2
2 10 8 2 7 4 10 1 2
10 10 0 4 3 4 2 1 3
10 10 4 4 3 4 2 1 3
10 17 0 4 3 4 2 1 3
10 17 8 4 3 4 2 1 3
10 17 16 4 3 4 2 1 3
12 10 8 4 3 4 2 1 3
14 10 0 4 3 4 2 1 3
14 10 4 4 3 4 2 1 3
16 10 8 4 3 4 2 1 3
16 14 12 4 3 4 2 1 3
16 17 0 4 3 4 2 1 3
16 17 4 4 3 4 2 1 3
16 17 12 4 3 4 2 1 3
10 13 0 2 4 2 5 1 3
10 13 2 2 4 2 5 1 3
12 13 0 2 4 2 5 1 3
12 13 2 2 4 2 5 1 3
12 13 8 2 4 2 5 1 3
12 13 10 2 4 2 5 1 3
16 10 12 2 4 2 5 1 3
16 10 14 2 4 2 5 1 3
16 13 0 2 4 2 5 1 3
16 13 2 2 4 2 5 1 3
16 13 4 2 4 2 5 1 3
16 13 6 2 4 2 5 1 3
18 10 12 2 4 2 5 1 3
18 10 14 2 4 2 5 1 3
10 10 12 6 5 4 7 1 3
10 15 12 6 5 4 7 1 3
14 10 16 6 5 4 7 1 3
14 15 16 6 5 4 7 1 3
10 13 4 3 7 4 8 1 3
13 13 4 3 7 4 8 1 3
14 13 8 3 7 4 8 1 3
17 13 8 3 7 4 8 1 3
10 10 8 2 7 4 10 1 3
10 10 16 2 7 4 10 1 3
12 10 16 2 7 4 10 1 3
14 13 0 2 7 4 10 1 3
18 10 0 2 7 4 10 1 3
18 10 4 2 7 4 10 1 3
