4
10 10 20
10 10 20
10 10 20
10 10 20
0 0 8 5 4 4 1 1 0
0 6 0 5 4 4 1 1 0
0 6 4 5 4 4 1 1 0
0 6 16 5 4 4 1 1 0
5 0 8 5 4 4 1 1 0
5 6 0 5 4 4 1 1 0
5 6 4 5 4 4 1 1 0
5 6 16 5 4 4 1 1 0
0 0 0 2 4 8 4 1 0
0 0 12 2 4 8 4 1 0
0 6 8 2 4 8 4 1 0
2 0 0 8 6 4 6 1 0
2 0 4 8 6 4 6 1 0
2 0 16 8 6 4 6 1 0
2 4 8 8 6 4 6 1 0
2 0 12 8 9 4 9 1 0
10 0 0 5 4 4 1 1 1
10 6 8 5 4 4 1 1 1
15 0 0 5 4 4 1 1 1
15 6 8 5 4 4 1 1 1
10 6 12 2 4 8 4 1 1
12 6 12 2 4 8 4 1 1
14 6 12 2 4 8 4 1 1
16 6 12 2 4 8 4 1 1
18 0 4 2 4 8 4 1 1
18 0 12 2 4 8 4 1 1
18 6 0 2 4 8 4 1 1
18 6 12 2 4 8 4 1 1
10 0 8 8 6 4 6 1 1
10 0 12 8 6 4 6 1 1
10 0 16 8 6 4 6 1 1
10 4 0 8 6 4 6 1 1
10 4 4 8 6 4 6 1 1
10 0 4 7 4 2 10 1 1
10 0 6 7 4 2 10 1 1
0 10 0 5 4 4 1 1 2
0 16 16 5 4 4 1 1 2
5 10 0 5 4 4 1 1 2
5 16 16 5 4 4 1 1 2
0 10 8 2 4 8 4 1 2
0 16 0 2 4 8 4 1 2
2 10 8 2 4 8 4 1 2
4 10 8 2 4 8 4 1 2
6 10 8 2 4 8 4 1 2
8 10 4 2 4 8 4 1 2
8 10 12 2 4 8 4 1 2
8 16 8 2 4 8 4 1 2
0 10 4 8 6 4 6 1 2
0 10 16 8 6 4 6 1 2
0 14 8 8 6 4 6 1 2
0 14 12 8 6 4 6 1 2
2 14 0 8 6 4 6 1 2
3 16 4 7 4 2 10 1 2
3 16 6 7 4 2 10 1 2
10 10 10 5 4 4 1 1 3
15 10 10 5 4 4 1 1 3
10 10 14 5 9 6 2 1 3
15 10 14 5 9 6 2 1 3
10 14 0 9 3 7 3 1 3
10 14 7 9 3 7 3 1 3
10 17 0 9 3 7 3 1 3
10 17 7 9 3 7 3 1 3
10 10 0 2 4 8 4 1 3
12 10 0 2 4 8 4 1 3
14 10 0 2 4 8 4 1 3
16 10 0 2 4 8 4 1 3
18 10 2 2 4 8 4 1 3
10 10 8 7 4 2 10 1 3
