4
10 10 20
10 10 20
10 10 20
10 10 20
3 0 2 2 5 4 1 1 0
3 5 2 2 5 4 1 1 0
6 0 6 2 5 4 1 1 0
6 0 10 2 5 4 1 1 0
6 5 6 2 5 4 1 1 0
6 5 10 2 5 4 1 1 0
8 0 6 2 5 4 1 1 0
8 0 10 2 5 4 1 1 0
8 0 14 2 5 4 1 1 0
8 5 6 2 5 4 1 1 0
8 5 10 2 5 4 1 1 0
8 5 14 2 5 4 1 1 0
0 0 0 5 5 2 2 1 0
0 0 18 5 5 2 2 1 0
0 5 0 5 5 2 2 1 0
0 5 18 5 5 2 2 1 0
5 0 0 5 5 2 2 1 0
5 0 2 5 5 2 2 1 0
5 0 4 5 5 2 2 1 0
5 0 18 5 5 2 2 1 0
5 5 0 5 5 2 2 1 0
5 5 2 5 5 2 2 1 0
5 5 4 5 5 2 2 1 0
5 5 18 5 5 2 2 1 0
3 0 14 5 4 4 3 1 0
0 0 2 3 2 8 4 1 0
0 0 10 3 2 8 4 1 0
0 2 2 3 2 8 4 1 0
0 2 10 3 2 8 4 1 0
0 4 2 3 2 8 4 1 0
0 4 10 3 2 8 4 1 0
0 6 2 3 2 8 4 1 0
0 6 10 3 2 8 4 1 0
0 8 2 3 2 8 4 1 0
0 8 10 3 2 8 4 1 0
3 0 6 3 2 8 4 1 0
3 2 6 3 2 8 4 1 0
3 4 6 3 2 8 4 1 0
3 6 6 3 2 8 4 1 0
3 8 6 3 2 8 4 1 0
3 4 14 5 2 4 8 1 0
3 6 14 5 2 4 8 1 0
3 8 14 5 2 4 8 1 0
10 0 0 5 5 2 2 1 1
10 0 2 5 5 2 2 1 1
10 5 0 5 5 2 2 1 1
10 5 2 5 5 2 2 1 1
15 0 0 5 5 2 2 1 1
15 0 18 5 5 2 2 1 1
15 5 0 5 5 2 2 1 1
15 5 18 5 5 2 2 1 1
10 2 4 5 4 4 3 1 1
10 2 8 5 4 4 3 1 1
10 2 12 5 4 4 3 1 1
10 2 16 5 4 4 3 1 1
10 6 4 5 4 4 3 1 1
10 6 8 5 4 4 3 1 1
10 6 12 5 4 4 3 1 1
15 0 2 5 4 4 3 1 1
15 2 6 5 4 4 3 1 1
15 2 10 5 4 4 3 1 1
15 2 14 5 4 4 3 1 1
15 4 2 5 4 4 3 1 1
15 6 6 5 4 4 3 1 1
15 6 14 5 4 4 3 1 1
10 0 4 5 2 4 8 1 1
10 0 8 5 2 4 8 1 1
10 0 12 5 2 4 8 1 1
10 0 16 5 2 4 8 1 1
10 6 16 5 2 4 8 1 1
10 8 16 5 2 4 8 1 1
15 0 6 5 2 4 8 1 1
15 0 10 5 2 4 8 1 1
15 0 14 5 2 4 8 1 1
15 6 10 5 2 4 8 1 1
15 8 2 5 2 4 8 1 1
15 8 10 5 2 4 8 1 1
0 10 0 2 5 4 1 1 2
0 10 4 2 5 4 1 1 2
0 10 8 2 5 4 1 1 2
0 10 12 2 5 4 1 1 2
0 15 0 2 5 4 1 1 2
0 15 4 2 5 4 1 1 2
0 15 8 2 5 4 1 1 2
0 15 12 2 5 4 1 1 2
2 10 6 2 5 4 1 1 2
2 10 10 2 5 4 1 1 2
2 15 6 2 5 4 1 1 2
2 15 10 2 5 4 1 1 2
2 10 0 5 5 2 2 1 2
2 10 14 5 5 2 2 1 2
2 15 0 5 5 2 2 1 2
2 15 14 5 5 2 2 1 2
0 14 16 5 4 4 3 1 2
2 10 2 5 4 4 3 1 2
2 16 2 5 4 4 3 1 2
4 10 6 3 2 8 4 1 2
4 12 6 3 2 8 4 1 2
4 14 6 3 2 8 4 1 2
4 16 6 3 2 8 4 1 2
4 18 6 3 2 8 4 1 2
7 10 0 3 2 8 4 1 2
7 10 8 3 2 8 4 1 2
7 12 0 3 2 8 4 1 2
7 12 8 3 2 8 4 1 2
7 14 0 3 2 8 4 1 2
7 14 8 3 2 8 4 1 2
7 16 0 3 2 8 4 1 2
7 16 8 3 2 8 4 1 2
7 18 0 3 2 8 4 1 2
7 18 8 3 2 8 4 1 2
0 10 16 5 2 4 8 1 2
0 12 16 5 2 4 8 1 2
0 18 16 5 2 4 8 1 2
2 14 2 5 2 4 8 1 2
5 10 16 5 2 4 8 1 2
5 12 16 5 2 4 8 1 2
5 14 16 5 2 4 8 1 2
5 16 16 5 2 4 8 1 2
5 18 16 5 2 4 8 1 2
10 10 0 2 5 4 1 1 3
10 10 4 2 5 4 1 1 3
10 10 8 2 5 4 1 1 3
10 15 0 2 5 4 1 1 3
10 15 4 2 5 4 1 1 3
10 15 8 2 5 4 1 1 3
12 10 0 2 5 4 1 1 3
12 10 4 2 5 4 1 1 3
12 10 8 2 5 4 1 1 3
12 15 0 2 5 4 1 1 3
12 15 4 2 5 4 1 1 3
12 15 8 2 5 4 1 1 3
14 10 0 2 5 4 1 1 3
14 15 0 2 5 4 1 1 3
16 10 0 2 5 4 1 1 3
16 15 0 2 5 4 1 1 3
18 10 0 2 5 4 1 1 3
18 10 12 2 5 4 1 1 3
18 10 16 2 5 4 1 1 3
18 15 0 2 5 4 1 1 3
18 15 12 2 5 4 1 1 3
18 15 16 2 5 4 1 1 3
13 10 12 5 5 2 2 1 3
13 10 14 5 5 2 2 1 3
13 15 12 5 5 2 2 1 3
13 15 14 5 5 2 2 1 3
13 10 16 5 4 4 3 1 3
10 10 12 3 2 8 4 1 3
10 12 12 3 2 8 4 1 3
10 14 12 3 2 8 4 1 3
10 16 12 3 2 8 4 1 3
10 18 12 3 2 8 4 1 3
14 10 4 3 2 8 4 1 3
14 12 4 3 2 8 4 1 3
14 14 4 3 2 8 4 1 3
14 16 4 3 2 8 4 1 3
14 18 4 3 2 8 4 1 3
17 10 4 3 2 8 4 1 3
17 12 4 3 2 8 4 1 3
17 14 4 3 2 8 4 1 3
17 16 4 3 2 8 4 1 3
17 18 4 3 2 8 4 1 3
13 14 16 5 2 4 8 1 3
13 16 16 5 2 4 8 1 3
13 18 16 5 2 4 8 1 3
