20 20 20
0 0 0 8 6 3 0
0 0 3 8 6 3 0
0 0 6 8 6 3 0
0 0 9 8 6 3 0
0 0 12 8 6 3 0
8 0 16 9 5 4 0
8 5 8 9 5 4 0
8 5 16 9 5 4 0
8 15 0 9 5 4 0
8 15 4 9 5 4 0
8 15 12 9 5 4 0
9 0 8 9 5 4 0
9 0 12 9 5 4 0
9 5 0 9 5 4 0
9 10 12 9 5 4 0
9 15 16 9 5 4 0
10 0 0 9 5 4 0
10 0 4 9 5 4 0
10 5 4 9 5 4 0
10 5 12 9 5 4 0
10 10 0 9 5 4 0
10 10 4 9 5 4 0
10 10 8 9 5 4 0
10 10 16 9 5 4 0
10 15 8 9 5 4 0
0 0 15 4 7 5 0
0 10 5 4 7 5 0
0 11 15 4 7 5 0
0 12 10 4 7 5 0
0 13 0 4 7 5 0
4 0 15 4 7 5 0
4 10 0 4 7 5 0
4 11 5 4 7 5 0
4 11 10 4 7 5 0
4 12 15 4 7 5 0
8 0 0 0.1 20 20 1
0 10 0 20 0.1 20 1
10 10 0 20 0.1 20 1
