20 20 20
8 0 0 9 2 2 0
8 0 2 9 2 2 0
8 0 11 9 2 2 0
8 2 0 9 2 2 0
8 2 2 9 2 2 0
8 2 11 9 2 2 0
8 4 0 9 2 2 0
8 4 2 9 2 2 0
8 4 11 9 2 2 0
8 6 0 9 2 2 0
8 6 2 9 2 2 0
8 6 11 9 2 2 0
8 8 0 9 2 2 0
8 8 2 9 2 2 0
8 8 4 9 2 2 0
8 8 6 9 2 2 0
8 8 8 9 2 2 0
8 8 10 9 2 2 0
8 8 12 9 2 2 0
8 8 14 9 2 2 0
8 8 16 9 2 2 0
8 8 18 9 2 2 0
11 10 0 9 2 2 0
11 10 2 9 2 2 0
11 10 4 9 2 2 0
11 10 6 9 2 2 0
11 10 8 9 2 2 0
11 10 10 9 2 2 0
11 10 12 9 2 2 0
11 10 14 9 2 2 0
11 10 16 9 2 2 0
11 10 18 9 2 2 0
11 12 0 9 2 2 0
11 12 9 9 2 2 0
11 12 18 9 2 2 0
11 14 0 9 2 2 0
11 14 9 9 2 2 0
11 14 18 9 2 2 0
11 16 0 9 2 2 0
11 16 9 9 2 2 0
11 16 18 9 2 2 0
11 18 0 9 2 2 0
11 18 9 9 2 2 0
11 18 18 9 2 2 0
0 0 0 3 5 5 0
0 0 5 3 5 5 0
0 0 10 3 5 5 0
0 0 15 3 5 5 0
0 5 0 3 5 5 0
0 5 5 3 5 5 0
0 5 10 3 5 5 0
0 5 15 3 5 5 0
0 10 0 3 5 5 0
0 10 5 3 5 5 0
0 10 10 3 5 5 0
0 10 15 3 5 5 0
0 15 0 3 5 5 0
0 15 5 3 5 5 0
0 15 10 3 5 5 0
0 15 15 3 5 5 0
8 10 0 3 5 5 0
8 10 5 3 5 5 0
8 10 10 3 5 5 0
8 10 15 3 5 5 0
8 15 0 3 5 5 0
8 15 5 3 5 5 0
8 15 10 3 5 5 0
8 15 15 3 5 5 0
17 0 0 3 5 5 0
17 0 5 3 5 5 0
17 0 10 3 5 5 0
17 0 15 3 5 5 0
17 5 0 3 5 5 0
17 5 5 3 5 5 0
17 5 10 3 5 5 0
17 5 15 3 5 5 0
8 0 4 3 8 7 0
8 0 13 3 8 7 0
11 0 4 3 8 7 0
11 0 13 3 8 7 0
11 12 2 3 8 7 0
11 12 11 3 8 7 0
14 0 4 3 8 7 0
14 0 13 3 8 7 0
14 12 2 3 8 7 0
14 12 11 3 8 7 0
17 12 2 3 8 7 0
17 12 11 3 8 7 0
3 0 0 5 9 2 0
3 0 2 5 9 2 0
3 0 4 5 9 2 0
3 0 6 5 9 2 0
3 0 8 5 9 2 0
3 0 10 5 9 2 0
3 0 12 5 9 2 0
3 0 14 5 9 2 0
3 0 16 5 9 2 0
3 0 18 5 9 2 0
3 10 4 5 9 2 0
3 10 8 5 9 2 0
3 10 12 5 9 2 0
3 10 16 5 9 2 0
3 11 0 5 9 2 0
3 11 2 5 9 2 0
3 11 6 5 9 2 0
3 11 10 5 9 2 0
3 11 14 5 9 2 0
3 11 18 5 9 2 0
8 0 0 0.1 20 20 1
0 10 0 20 0.1 20 1
10 10 0 20 0.1 20 1
