20 20 20
0 0 9 3 3 2 0
0 10 11 3 3 2 0
0 10 13 3 3 2 0
0 10 15 3 3 2 0
0 17 0 3 3 2 0
0 17 2 3 3 2 0
0 17 4 3 3 2 0
0 17 6 3 3 2 0
5 0 9 3 3 2 0
5 3 9 3 3 2 0
5 7 9 3 3 2 0
5 10 11 3 3 2 0
5 10 13 3 3 2 0
5 17 0 3 3 2 0
5 17 2 3 3 2 0
5 17 4 3 3 2 0
5 17 6 3 3 2 0
5 17 15 3 3 2 0
14 0 18 3 3 2 0
17 0 18 3 3 2 0
0 10 0 8 7 4 0
0 10 4 8 7 4 0
0 13 11 8 7 4 0
0 0 0 6 8 3 0
0 0 3 6 8 3 0
0 0 6 6 8 3 0
0 0 11 6 8 3 0
0 0 14 6 8 3 0
0 0 17 6 8 3 0
0 10 17 6 8 3 0
0 11 8 6 8 3 0
8 0 0 6 8 3 0
8 0 11 6 8 3 0
8 0 14 6 8 3 0
8 0 17 6 8 3 0
8 10 0 6 8 3 0
8 10 6 6 8 3 0
8 11 9 6 8 3 0
8 12 3 6 8 3 0
14 0 0 6 8 3 0
14 0 3 6 8 3 0
14 0 6 6 8 3 0
14 0 9 6 8 3 0
14 0 12 6 8 3 0
14 0 15 6 8 3 0
14 10 0 6 8 3 0
14 10 11 6 8 3 0
14 10 17 6 8 3 0
14 11 14 6 8 3 0
0 3 9 5 7 2 0
0 13 15 5 7 2 0
15 3 18 5 7 2 0
8 0 3 6 8 8 0
8 10 12 6 8 8 0
14 12 3 6 8 8 0
8 0 0 0.1 20 20 1
0 10 0 20 0.1 20 1
10 10 0 20 0.1 20 1
