20 20 20
0 0 0 5 5 6 0
0 0 14 5 5 6 0
0 5 0 5 5 6 0
0 5 14 5 5 6 0
0 10 0 5 5 6 0
0 10 10 5 5 6 0
0 15 0 5 5 6 0
0 15 10 5 5 6 0
5 0 0 5 5 6 0
5 0 14 5 5 6 0
5 5 0 5 5 6 0
5 5 14 5 5 6 0
5 10 0 5 5 6 0
5 10 10 5 5 6 0
5 15 0 5 5 6 0
5 15 10 5 5 6 0
10 0 0 5 5 6 0
10 0 14 5 5 6 0
10 5 0 5 5 6 0
10 5 14 5 5 6 0
10 10 4 5 5 6 0
10 10 14 5 5 6 0
10 15 4 5 5 6 0
10 15 14 5 5 6 0
15 0 0 5 5 6 0
15 0 14 5 5 6 0
15 5 0 5 5 6 0
15 5 14 5 5 6 0
15 10 4 5 5 6 0
15 10 14 5 5 6 0
15 15 4 5 5 6 0
15 15 14 5 5 6 0
0 0 10 2 3 4 0
0 4 6 2 3 4 0
0 7 6 2 3 4 0
0 7 10 2 3 4 0
0 10 6 2 3 4 0
0 14 16 2 3 4 0
0 17 6 2 3 4 0
0 17 16 2 3 4 0
2 0 6 2 3 4 0
2 0 10 2 3 4 0
2 7 6 2 3 4 0
2 7 10 2 3 4 0
2 10 6 2 3 4 0
2 13 6 2 3 4 0
2 14 16 2 3 4 0
2 17 16 2 3 4 0
4 0 6 2 3 4 0
4 0 10 2 3 4 0
4 4 10 2 3 4 0
4 7 6 2 3 4 0
4 7 10 2 3 4 0
4 10 6 2 3 4 0
4 10 16 2 3 4 0
4 13 6 2 3 4 0
4 13 16 2 3 4 0
6 0 6 2 3 4 0
6 0 10 2 3 4 0
6 3 6 2 3 4 0
6 7 10 2 3 4 0
6 10 16 2 3 4 0
6 14 6 2 3 4 0
6 17 6 2 3 4 0
6 17 16 2 3 4 0
8 0 6 2 3 4 0
8 0 10 2 3 4 0
8 7 6 2 3 4 0
8 7 10 2 3 4 0
8 10 6 2 3 4 0
8 10 16 2 3 4 0
8 17 6 2 3 4 0
8 17 16 2 3 4 0
10 0 6 2 3 4 0
10 0 10 2 3 4 0
10 3 6 2 3 4 0
10 3 10 2 3 4 0
10 10 10 2 3 4 0
10 13 10 2 3 4 0
10 14 0 2 3 4 0
10 17 0 2 3 4 0
12 0 6 2 3 4 0
12 0 10 2 3 4 0
12 7 6 2 3 4 0
12 7 10 2 3 4 0
12 10 0 2 3 4 0
12 10 10 2 3 4 0
12 13 0 2 3 4 0
12 17 10 2 3 4 0
14 0 6 2 3 4 0
14 0 10 2 3 4 0
14 7 6 2 3 4 0
14 7 10 2 3 4 0
14 10 0 2 3 4 0
14 10 10 2 3 4 0
14 13 0 2 3 4 0
14 13 10 2 3 4 0
16 0 6 2 3 4 0
16 4 10 2 3 4 0
16 7 6 2 3 4 0
16 7 10 2 3 4 0
16 10 0 2 3 4 0
16 10 10 2 3 4 0
16 13 0 2 3 4 0
16 13 10 2 3 4 0
18 0 10 2 3 4 0
18 3 10 2 3 4 0
18 4 6 2 3 4 0
18 7 6 2 3 4 0
18 10 0 2 3 4 0
18 10 10 2 3 4 0
18 13 0 2 3 4 0
18 13 10 2 3 4 0
0 0 6 2 4 2 0
0 0 8 2 4 2 0
0 3 10 2 4 2 0
0 3 12 2 4 2 0
0 10 16 2 4 2 0
0 10 18 2 4 2 0
0 13 6 2 4 2 0
0 13 8 2 4 2 0
2 3 6 2 4 2 0
2 3 8 2 4 2 0
2 3 10 2 4 2 0
2 3 12 2 4 2 0
2 10 16 2 4 2 0
2 10 18 2 4 2 0
2 16 6 2 4 2 0
2 16 8 2 4 2 0
4 3 6 2 4 2 0
4 3 8 2 4 2 0
4 16 6 2 4 2 0
4 16 8 2 4 2 0
4 16 16 2 4 2 0
4 16 18 2 4 2 0
6 3 10 2 4 2 0
6 3 12 2 4 2 0
6 6 6 2 4 2 0
6 6 8 2 4 2 0
6 10 6 2 4 2 0
6 10 8 2 4 2 0
6 13 16 2 4 2 0
6 13 18 2 4 2 0
8 3 6 2 4 2 0
8 3 8 2 4 2 0
8 3 10 2 4 2 0
8 3 12 2 4 2 0
8 13 6 2 4 2 0
8 13 8 2 4 2 0
8 13 16 2 4 2 0
8 13 18 2 4 2 0
10 6 6 2 4 2 0
10 6 8 2 4 2 0
10 6 10 2 4 2 0
10 6 12 2 4 2 0
10 10 0 2 4 2 0
10 10 2 2 4 2 0
10 16 10 2 4 2 0
10 16 12 2 4 2 0
12 3 6 2 4 2 0
12 3 8 2 4 2 0
12 3 10 2 4 2 0
12 3 12 2 4 2 0
12 13 10 2 4 2 0
12 13 12 2 4 2 0
12 16 0 2 4 2 0
12 16 2 2 4 2 0
14 3 6 2 4 2 0
14 3 8 2 4 2 0
14 3 10 2 4 2 0
14 3 12 2 4 2 0
14 16 0 2 4 2 0
14 16 2 2 4 2 0
14 16 10 2 4 2 0
14 16 12 2 4 2 0
16 0 10 2 4 2 0
16 0 12 2 4 2 0
16 3 6 2 4 2 0
16 3 8 2 4 2 0
16 16 0 2 4 2 0
16 16 2 2 4 2 0
16 16 10 2 4 2 0
16 16 12 2 4 2 0
18 0 6 2 4 2 0
18 0 8 2 4 2 0
18 6 10 2 4 2 0
18 6 12 2 4 2 0
18 16 0 2 4 2 0
18 16 2 2 4 2 0
18 16 10 2 4 2 0
18 16 12 2 4 2 0
10 0 0 0.1 20 20 1
0 10 0 20 0.1 20 1
10 10 0 20 0.1 20 1
