20 20 20
8 0 4 9 9 2 0
8 0 6 9 9 2 0
8 0 8 9 9 2 0
8 0 10 9 9 2 0
8 0 12 9 9 2 0
8 0 14 9 9 2 0
11 0 0 9 9 2 0
11 0 2 9 9 2 0
11 10 5 9 9 2 0
11 10 7 9 9 2 0
11 10 18 9 9 2 0
0 10 0 5 9 8 0
0 10 12 5 9 8 0
3 0 0 5 9 8 0
3 0 12 5 9 8 0
0 0 0 3 6 4 0
0 0 4 3 6 4 0
0 0 8 3 6 4 0
0 0 12 3 6 4 0
0 0 16 3 6 4 0
0 12 8 3 6 4 0
5 0 8 3 6 4 0
5 10 4 3 6 4 0
5 10 12 3 6 4 0
5 10 16 3 6 4 0
5 12 0 3 6 4 0
5 14 8 3 6 4 0
8 0 0 3 6 4 0
8 10 4 3 6 4 0
8 10 8 3 6 4 0
8 10 12 3 6 4 0
8 10 16 3 6 4 0
8 12 0 3 6 4 0
17 0 4 3 6 4 0
17 0 8 3 6 4 0
17 0 12 3 6 4 0
17 0 16 3 6 4 0
11 10 0 9 8 5 0
11 12 9 9 8 5 0
8 0 16 9 8 4 0
11 10 14 9 8 4 0
8 0 0 0.1 20 20 1
0 10 0 20 0.1 20 1
10 10 0 20 0.1 20 1
