20 20 20
0 0 13 7 3 7 0
0 7 0 7 3 7 0
0 7 7 7 3 7 0
8 0 15 9 4 5 0
9 0 5 9 4 5 0
9 16 0 9 4 5 0
10 0 10 9 4 5 0
10 16 5 9 4 5 0
11 0 0 9 4 5 0
11 16 10 9 4 5 0
11 16 15 9 4 5 0
0 10 0 5 3 5 0
0 10 5 5 3 5 0
0 10 10 5 3 5 0
0 10 15 5 3 5 0
15 4 0 5 3 5 0
15 4 5 5 3 5 0
15 4 10 5 3 5 0
15 4 15 5 3 5 0
15 7 0 5 3 5 0
15 7 5 5 3 5 0
15 7 10 5 3 5 0
15 7 15 5 3 5 0
15 10 0 5 3 5 0
15 10 5 5 3 5 0
15 10 10 5 3 5 0
15 10 15 5 3 5 0
15 13 0 5 3 5 0
15 13 5 5 3 5 0
15 13 10 5 3 5 0
15 13 15 5 3 5 0
0 0 0 6 6 6 0
0 0 7 6 6 6 0
0 4 14 6 6 6 0
0 14 0 6 6 6 0
0 14 7 6 6 6 0
0 14 14 6 6 6 0
8 4 0 6 6 6 0
8 4 7 6 6 6 0
8 4 14 6 6 6 0
8 10 0 6 6 6 0
8 10 7 6 6 6 0
8 10 14 6 6 6 0
8 0 0 0.1 20 20 1
0 10 0 20 0.1 20 1
10 10 0 20 0.1 20 1
