20 20 20
0 0 0 4 4 2 0
0 0 2 4 4 2 0
0 0 4 4 4 2 0
0 0 6 4 4 2 0
0 6 0 4 4 2 0
0 6 2 4 4 2 0
0 6 4 4 4 2 0
0 6 6 4 4 2 0
0 16 4 4 4 2 0
0 16 6 4 4 2 0
2 10 8 4 4 2 0
2 10 14 4 4 2 0
2 16 8 4 4 2 0
2 16 14 4 4 2 0
4 0 4 4 4 2 0
4 0 6 4 4 2 0
4 0 12 4 4 2 0
4 0 18 4 4 2 0
4 6 4 4 4 2 0
4 6 6 4 4 2 0
4 6 12 4 4 2 0
4 6 18 4 4 2 0
4 10 0 4 4 2 0
4 10 2 4 4 2 0
4 16 0 4 4 2 0
4 16 2 4 4 2 0
4 16 4 4 4 2 0
4 16 6 4 4 2 0
8 0 0 4 4 2 0
8 0 2 4 4 2 0
8 0 4 4 4 2 0
8 0 10 4 4 2 0
8 0 12 4 4 2 0
8 0 18 4 4 2 0
8 6 0 4 4 2 0
8 6 18 4 4 2 0
8 10 0 4 4 2 0
8 10 18 4 4 2 0
8 16 0 4 4 2 0
8 16 18 4 4 2 0
10 0 14 4 4 2 0
10 0 16 4 4 2 0
10 10 10 4 4 2 0
10 10 12 4 4 2 0
10 16 10 4 4 2 0
10 16 12 4 4 2 0
12 0 0 4 4 2 0
12 0 2 4 4 2 0
12 0 4 4 4 2 0
12 0 10 4 4 2 0
12 0 12 4 4 2 0
12 0 18 4 4 2 0
12 6 0 4 4 2 0
12 6 18 4 4 2 0
12 10 0 4 4 2 0
12 10 6 4 4 2 0
12 10 8 4 4 2 0
12 10 14 4 4 2 0
12 10 16 4 4 2 0
12 10 18 4 4 2 0
12 16 0 4 4 2 0
12 16 6 4 4 2 0
12 16 8 4 4 2 0
12 16 14 4 4 2 0
12 16 16 4 4 2 0
12 16 18 4 4 2 0
14 0 14 4 4 2 0
14 0 16 4 4 2 0
14 10 10 4 4 2 0
14 10 12 4 4 2 0
14 16 10 4 4 2 0
14 16 12 4 4 2 0
16 0 0 4 4 2 0
16 0 2 4 4 2 0
16 0 4 4 4 2 0
16 0 6 4 4 2 0
16 0 8 4 4 2 0
16 0 18 4 4 2 0
16 6 0 4 4 2 0
16 6 2 4 4 2 0
16 6 4 4 4 2 0
16 6 6 4 4 2 0
16 6 8 4 4 2 0
16 6 18 4 4 2 0
16 10 0 4 4 2 0
16 10 2 4 4 2 0
16 10 4 4 4 2 0
16 10 6 4 4 2 0
16 10 8 4 4 2 0
16 10 18 4 4 2 0
16 16 0 4 4 2 0
16 16 2 4 4 2 0
16 16 4 4 4 2 0
16 16 6 4 4 2 0
16 16 8 4 4 2 0
16 16 18 4 4 2 0
0 0 8 2 8 4 0
0 0 12 2 8 4 0
0 0 16 2 8 4 0
0 10 12 2 8 4 0
0 11 0 2 8 4 0
0 11 8 2 8 4 0
0 11 16 2 8 4 0
2 0 8 2 8 4 0
2 0 12 2 8 4 0
2 0 16 2 8 4 0
2 11 0 2 8 4 0
2 11 10 2 8 4 0
2 12 16 2 8 4 0
4 0 0 2 8 4 0
4 0 8 2 8 4 0
4 0 14 2 8 4 0
4 11 10 2 8 4 0
4 12 16 2 8 4 0
6 0 0 2 8 4 0
6 0 8 2 8 4 0
6 0 14 2 8 4 0
6 10 8 2 8 4 0
6 10 12 2 8 4 0
6 12 16 2 8 4 0
8 0 6 2 8 4 0
8 0 14 2 8 4 0
8 11 14 2 8 4 0
8 12 2 2 8 4 0
8 12 6 2 8 4 0
8 12 10 2 8 4 0
10 0 6 2 8 4 0
10 12 2 2 8 4 0
10 12 6 2 8 4 0
10 12 14 2 8 4 0
12 0 6 2 8 4 0
12 12 2 2 8 4 0
14 0 6 2 8 4 0
14 11 2 2 8 4 0
16 0 10 2 8 4 0
16 12 14 2 8 4 0
18 0 10 2 8 4 0
18 0 14 2 8 4 0
18 10 14 2 8 4 0
18 12 10 2 8 4 0
0 10 4 7 6 4 0
8 4 2 7 6 4 0
8 4 10 7 6 4 0
10 4 14 7 6 4 0
8 0 0 0.1 20 20 1
0 10 0 20 0.1 20 1
10 10 0 20 0.1 20 1
