20 20 20
0 0 0 8 5 8 0
0 0 12 8 5 8 0
0 5 0 8 5 8 0
0 5 12 8 5 8 0
0 10 0 8 5 8 0
0 10 12 8 5 8 0
0 15 0 8 5 8 0
0 15 12 8 5 8 0
8 0 13 2 6 3 0
8 0 17 2 6 3 0
8 4 0 2 6 3 0
8 4 3 2 6 3 0
8 4 6 2 6 3 0
8 4 9 2 6 3 0
8 10 16 2 6 3 0
8 14 0 2 6 3 0
8 14 3 2 6 3 0
8 14 6 2 6 3 0
8 14 9 2 6 3 0
8 14 12 2 6 3 0
10 0 13 2 6 3 0
10 0 17 2 6 3 0
10 4 0 2 6 3 0
10 4 3 2 6 3 0
10 4 6 2 6 3 0
10 4 9 2 6 3 0
10 10 17 2 6 3 0
10 14 0 2 6 3 0
10 14 3 2 6 3 0
10 14 6 2 6 3 0
10 14 10 2 6 3 0
10 14 13 2 6 3 0
16 0 0 2 6 3 0
16 0 3 2 6 3 0
16 0 6 2 6 3 0
16 0 9 2 6 3 0
16 4 12 2 6 3 0
16 4 15 2 6 3 0
16 10 0 2 6 3 0
16 10 3 2 6 3 0
16 10 6 2 6 3 0
16 10 9 2 6 3 0
16 10 13 2 6 3 0
16 14 17 2 6 3 0
18 0 0 2 6 3 0
18 0 3 2 6 3 0
18 0 6 2 6 3 0
18 0 9 2 6 3 0
18 4 14 2 6 3 0
18 4 17 2 6 3 0
18 10 0 2 6 3 0
18 10 3 2 6 3 0
18 10 6 2 6 3 0
18 10 9 2 6 3 0
18 10 12 2 6 3 0
18 14 17 2 6 3 0
0 0 8 8 2 4 0
0 2 8 8 2 4 0
0 4 8 8 2 4 0
0 6 8 8 2 4 0
0 8 8 8 2 4 0
0 10 8 8 2 4 0
0 12 8 8 2 4 0
0 14 8 8 2 4 0
0 16 8 8 2 4 0
0 18 8 8 2 4 0
8 0 0 8 2 4 0
8 0 4 8 2 4 0
8 0 8 8 2 4 0
8 2 0 8 2 4 0
8 2 4 8 2 4 0
8 2 8 8 2 4 0
8 6 12 8 2 4 0
8 6 16 8 2 4 0
8 8 12 8 2 4 0
8 8 16 8 2 4 0
8 10 0 8 2 4 0
8 10 4 8 2 4 0
8 10 8 8 2 4 0
8 10 12 8 2 4 0
8 12 0 8 2 4 0
8 12 4 8 2 4 0
8 12 8 8 2 4 0
8 12 12 8 2 4 0
8 16 16 8 2 4 0
8 18 16 8 2 4 0
12 0 12 8 2 4 0
12 0 16 8 2 4 0
12 2 12 8 2 4 0
12 2 16 8 2 4 0
12 6 0 8 2 4 0
12 6 4 8 2 4 0
12 6 8 8 2 4 0
12 8 0 8 2 4 0
12 8 4 8 2 4 0
12 8 8 8 2 4 0
12 10 16 8 2 4 0
12 12 16 8 2 4 0
12 16 0 8 2 4 0
12 16 4 8 2 4 0
12 16 8 8 2 4 0
12 16 12 8 2 4 0
12 18 0 8 2 4 0
12 18 4 8 2 4 0
12 18 8 8 2 4 0
12 18 12 8 2 4 0
8 0 0 0.1 20 20 1
0 10 0 20 0.1 20 1
10 10 0 20 0.1 20 1
