20 20 20
0 12 0 3 3 8 0
0 14 8 3 3 8 0
0 17 0 3 3 8 0
0 17 8 3 3 8 0
2 2 6 3 3 8 0
2 5 6 3 3 8 0
3 12 0 3 3 8 0
3 14 8 3 3 8 0
3 17 0 3 3 8 0
3 17 8 3 3 8 0
5 2 6 3 3 8 0
5 5 6 3 3 8 0
8 4 8 3 3 8 0
8 7 8 3 3 8 0
10 0 0 3 3 8 0
10 3 0 3 3 8 0
10 10 8 3 3 8 0
10 13 8 3 3 8 0
11 4 8 3 3 8 0
11 7 8 3 3 8 0
15 0 0 3 3 8 0
15 3 0 3 3 8 0
15 10 8 3 3 8 0
15 13 8 3 3 8 0
0 0 0 2 2 4 0
0 0 4 2 2 4 0
0 0 8 2 2 4 0
0 0 12 2 2 4 0
0 0 16 2 2 4 0
0 2 0 2 2 4 0
0 2 4 2 2 4 0
0 2 8 2 2 4 0
0 2 12 2 2 4 0
0 2 16 2 2 4 0
0 4 0 2 2 4 0
0 4 4 2 2 4 0
0 4 8 2 2 4 0
0 4 12 2 2 4 0
0 4 16 2 2 4 0
0 6 0 2 2 4 0
0 6 4 2 2 4 0
0 6 8 2 2 4 0
0 6 12 2 2 4 0
0 6 16 2 2 4 0
0 8 12 2 2 4 0
0 8 16 2 2 4 0
0 10 0 2 2 4 0
0 10 16 2 2 4 0
0 12 8 2 2 4 0
0 12 12 2 2 4 0
0 12 16 2 2 4 0
0 14 16 2 2 4 0
0 15 0 2 2 4 0
0 15 4 2 2 4 0
0 16 16 2 2 4 0
0 18 16 2 2 4 0
2 0 0 2 2 4 0
2 0 16 2 2 4 0
2 8 12 2 2 4 0
2 8 16 2 2 4 0
2 10 0 2 2 4 0
2 10 16 2 2 4 0
2 14 16 2 2 4 0
2 15 0 2 2 4 0
2 15 4 2 2 4 0
2 16 16 2 2 4 0
2 18 16 2 2 4 0
4 0 0 2 2 4 0
4 0 16 2 2 4 0
4 8 12 2 2 4 0
4 8 16 2 2 4 0
4 10 0 2 2 4 0
4 10 16 2 2 4 0
4 14 16 2 2 4 0
4 15 0 2 2 4 0
4 15 4 2 2 4 0
4 16 16 2 2 4 0
4 18 16 2 2 4 0
6 0 0 2 2 4 0
6 0 16 2 2 4 0
6 8 0 2 2 4 0
6 8 4 2 2 4 0
6 8 8 2 2 4 0
6 8 12 2 2 4 0
6 8 16 2 2 4 0
6 10 0 2 2 4 0
6 10 4 2 2 4 0
6 10 8 2 2 4 0
6 10 12 2 2 4 0
6 10 16 2 2 4 0
6 12 0 2 2 4 0
6 12 4 2 2 4 0
6 14 0 2 2 4 0
6 14 4 2 2 4 0
6 14 8 2 2 4 0
6 14 12 2 2 4 0
6 14 16 2 2 4 0
6 16 0 2 2 4 0
6 16 4 2 2 4 0
6 16 8 2 2 4 0
6 16 12 2 2 4 0
6 16 16 2 2 4 0
6 18 0 2 2 4 0
6 18 4 2 2 4 0
6 18 8 2 2 4 0
6 18 12 2 2 4 0
6 18 16 2 2 4 0
8 0 0 2 2 4 0
8 0 4 2 2 4 0
8 2 0 2 2 4 0
8 2 4 2 2 4 0
8 4 0 2 2 4 0
8 4 4 2 2 4 0
8 4 16 2 2 4 0
8 6 0 2 2 4 0
8 6 4 2 2 4 0
8 6 16 2 2 4 0
8 8 0 2 2 4 0
8 8 4 2 2 4 0
8 8 16 2 2 4 0
8 10 0 2 2 4 0
8 10 4 2 2 4 0
8 10 8 2 2 4 0
8 10 12 2 2 4 0
8 10 16 2 2 4 0
8 12 0 2 2 4 0
8 12 4 2 2 4 0
8 12 8 2 2 4 0
8 12 12 2 2 4 0
8 12 16 2 2 4 0
8 14 0 2 2 4 0
8 14 4 2 2 4 0
8 14 8 2 2 4 0
8 14 12 2 2 4 0
8 14 16 2 2 4 0
8 16 12 2 2 4 0
8 16 16 2 2 4 0
8 18 0 2 2 4 0
8 18 4 2 2 4 0
10 4 16 2 2 4 0
10 6 0 2 2 4 0
10 6 4 2 2 4 0
10 6 16 2 2 4 0
10 8 0 2 2 4 0
10 8 4 2 2 4 0
10 8 16 2 2 4 0
10 10 0 2 2 4 0
10 10 4 2 2 4 0
10 10 16 2 2 4 0
10 12 0 2 2 4 0
10 12 4 2 2 4 0
10 12 16 2 2 4 0
10 14 0 2 2 4 0
10 14 4 2 2 4 0
10 14 16 2 2 4 0
10 16 12 2 2 4 0
10 16 16 2 2 4 0
10 18 0 2 2 4 0
10 18 4 2 2 4 0
12 4 16 2 2 4 0
12 6 0 2 2 4 0
12 6 4 2 2 4 0
12 6 16 2 2 4 0
12 8 0 2 2 4 0
12 8 4 2 2 4 0
12 8 16 2 2 4 0
12 10 0 2 2 4 0
12 10 4 2 2 4 0
12 10 16 2 2 4 0
12 12 0 2 2 4 0
12 12 4 2 2 4 0
12 12 16 2 2 4 0
12 14 0 2 2 4 0
12 14 4 2 2 4 0
12 14 16 2 2 4 0
12 16 12 2 2 4 0
12 16 16 2 2 4 0
12 18 0 2 2 4 0
12 18 4 2 2 4 0
13 0 0 2 2 4 0
13 0 4 2 2 4 0
13 2 0 2 2 4 0
13 2 4 2 2 4 0
13 4 0 2 2 4 0
13 4 4 2 2 4 0
13 10 8 2 2 4 0
13 10 12 2 2 4 0
13 12 8 2 2 4 0
13 12 12 2 2 4 0
13 14 8 2 2 4 0
13 14 12 2 2 4 0
14 0 8 2 2 4 0
14 0 12 2 2 4 0
14 0 16 2 2 4 0
14 2 8 2 2 4 0
14 2 12 2 2 4 0
14 2 16 2 2 4 0
14 4 8 2 2 4 0
14 4 12 2 2 4 0
14 4 16 2 2 4 0
14 6 0 2 2 4 0
14 6 4 2 2 4 0
14 6 8 2 2 4 0
14 6 12 2 2 4 0
14 6 16 2 2 4 0
14 8 0 2 2 4 0
14 8 16 2 2 4 0
14 10 0 2 2 4 0
14 10 4 2 2 4 0
14 10 16 2 2 4 0
14 12 0 2 2 4 0
14 12 4 2 2 4 0
14 12 16 2 2 4 0
14 14 0 2 2 4 0
14 14 4 2 2 4 0
14 14 16 2 2 4 0
14 16 6 2 2 4 0
14 16 16 2 2 4 0
14 18 0 2 2 4 0
14 18 10 2 2 4 0
16 0 8 2 2 4 0
16 0 12 2 2 4 0
16 0 16 2 2 4 0
16 2 8 2 2 4 0
16 2 12 2 2 4 0
16 2 16 2 2 4 0
16 4 8 2 2 4 0
16 4 12 2 2 4 0
16 4 16 2 2 4 0
16 6 0 2 2 4 0
16 6 4 2 2 4 0
16 6 8 2 2 4 0
16 6 12 2 2 4 0
16 6 16 2 2 4 0
16 8 0 2 2 4 0
16 8 16 2 2 4 0
16 10 0 2 2 4 0
16 10 4 2 2 4 0
16 10 16 2 2 4 0
16 12 0 2 2 4 0
16 12 4 2 2 4 0
16 12 16 2 2 4 0
16 14 0 2 2 4 0
16 14 4 2 2 4 0
16 14 16 2 2 4 0
16 16 6 2 2 4 0
16 16 16 2 2 4 0
16 18 0 2 2 4 0
16 18 10 2 2 4 0
18 0 0 2 2 4 0
18 0 4 2 2 4 0
18 0 8 2 2 4 0
18 0 12 2 2 4 0
18 0 16 2 2 4 0
18 2 0 2 2 4 0
18 2 4 2 2 4 0
18 2 8 2 2 4 0
18 2 12 2 2 4 0
18 2 16 2 2 4 0
18 4 0 2 2 4 0
18 4 4 2 2 4 0
18 4 8 2 2 4 0
18 4 12 2 2 4 0
18 4 16 2 2 4 0
18 6 0 2 2 4 0
18 6 4 2 2 4 0
18 6 8 2 2 4 0
18 6 12 2 2 4 0
18 6 16 2 2 4 0
18 8 0 2 2 4 0
18 8 16 2 2 4 0
18 10 0 2 2 4 0
18 10 4 2 2 4 0
18 10 8 2 2 4 0
18 10 12 2 2 4 0
18 10 16 2 2 4 0
18 12 0 2 2 4 0
18 12 4 2 2 4 0
18 12 8 2 2 4 0
18 12 12 2 2 4 0
18 12 16 2 2 4 0
18 14 0 2 2 4 0
18 14 4 2 2 4 0
18 14 8 2 2 4 0
18 14 12 2 2 4 0
18 14 16 2 2 4 0
18 16 6 2 2 4 0
18 16 16 2 2 4 0
18 18 0 2 2 4 0
18 18 10 2 2 4 0
0 8 0 6 2 6 0
0 8 6 6 2 6 0
0 10 4 6 2 6 0
0 10 10 6 2 6 0
2 0 4 6 2 6 0
2 0 10 6 2 6 0
2 2 0 6 2 6 0
2 2 14 6 2 6 0
2 4 0 6 2 6 0
2 4 14 6 2 6 0
2 6 0 6 2 6 0
2 6 14 6 2 6 0
2 12 8 6 2 6 0
2 12 14 6 2 6 0
8 0 8 6 2 6 0
8 0 14 6 2 6 0
8 2 8 6 2 6 0
8 2 14 6 2 6 0
8 16 0 6 2 6 0
8 16 6 6 2 6 0
8 18 8 6 2 6 0
8 18 14 6 2 6 0
14 8 4 6 2 6 0
14 8 10 6 2 6 0
14 16 0 6 2 6 0
14 16 10 6 2 6 0
14 18 4 6 2 6 0
14 18 14 6 2 6 0
8 0 0 0.1 20 20 1
0 10 0 20 0.1 20 1
10 10 0 20 0.1 20 1
