20 20 20
0 0 16 7 3 4 0
0 4 16 7 3 4 0
0 7 16 7 3 4 0
0 10 8 7 3 4 0
0 13 8 7 3 4 0
0 17 8 7 3 4 0
8 0 0 7 3 4 0
8 0 4 7 3 4 0
8 0 8 7 3 4 0
8 0 12 7 3 4 0
8 0 16 7 3 4 0
15 0 0 5 2 9 0
15 0 10 5 2 9 0
8 4 0 6 6 5 0
8 4 5 6 6 5 0
8 4 10 6 6 5 0
8 4 15 6 6 5 0
14 4 0 6 6 5 0
14 4 5 6 6 5 0
14 4 10 6 6 5 0
14 4 15 6 6 5 0
8 10 4 6 8 4 0
8 10 16 6 8 4 0
8 12 0 6 8 4 0
8 12 8 6 8 4 0
8 12 12 6 8 4 0
14 10 4 6 8 4 0
14 10 8 6 8 4 0
14 10 16 6 8 4 0
14 12 0 6 8 4 0
14 12 12 6 8 4 0
0 0 0 7 5 8 0
0 0 8 7 5 8 0
0 5 0 7 5 8 0
0 5 8 7 5 8 0
0 10 0 7 5 8 0
0 10 12 7 5 8 0
0 15 0 7 5 8 0
0 15 12 7 5 8 0
8 0 0 0.1 20 20 1
0 10 0 20 0.1 20 1
10 10 0 20 0.1 20 1
