4
10 10 20
10 10 20
10 10 20
10 10 20
0 0 0 7 3 4 1 1 0
0 0 4 7 3 4 1 1 0
0 8 0 5 2 9 2 1 0
5 8 0 5 2 9 2 1 0
0 0 8 6 8 4 4 1 0
0 0 12 7 5 8 5 1 0
0 3 0 7 5 8 5 1 0
0 5 12 7 5 8 5 1 0
10 0 16 7 3 4 1 1 1
10 3 16 7 3 4 1 1 1
10 7 16 7 3 4 1 1 1
10 0 0 7 5 8 5 1 1
10 0 8 7 5 8 5 1 1
10 5 0 7 5 8 5 1 1
10 5 8 7 5 8 5 1 1
0 10 16 7 3 4 1 1 2
0 13 16 7 3 4 1 1 2
0 17 16 7 3 4 1 1 2
0 10 0 7 5 8 5 1 2
0 10 8 7 5 8 5 1 2
0 15 0 7 5 8 5 1 2
0 15 8 7 5 8 5 1 2
10 10 8 7 3 4 1 1 3
10 10 12 7 3 4 1 1 3
10 10 16 7 3 4 1 1 3
10 13 8 7 3 4 1 1 3
10 13 16 7 3 4 1 1 3
10 14 12 7 3 4 1 1 3
10 17 8 7 3 4 1 1 3
10 17 12 7 3 4 1 1 3
10 17 16 7 3 4 1 1 3
10 10 0 7 5 8 5 1 3
10 15 0 7 5 8 5 1 3
