4
10 10 20
10 10 20
10 10 20
10 10 20
0 0 0 9 5 4 2 1 0
0 0 4 9 5 4 2 1 0
0 0 8 9 5 4 2 1 0
0 0 12 9 5 4 2 1 0
0 0 16 9 5 4 2 1 0
0 5 0 9 5 4 2 1 0
0 5 4 9 5 4 2 1 0
0 5 8 9 5 4 2 1 0
0 5 12 9 5 4 2 1 0
0 5 16 9 5 4 2 1 0
10 0 0 9 5 4 2 1 1
10 0 16 9 5 4 2 1 1
10 5 0 9 5 4 2 1 1
10 5 16 9 5 4 2 1 1
10 0 4 5 8 3 3 1 1
10 0 7 5 8 3 3 1 1
10 0 10 5 8 3 3 1 1
10 0 13 5 8 3 3 1 1
15 0 4 5 8 3 3 1 1
15 0 7 5 8 3 3 1 1
15 0 10 5 8 3 3 1 1
15 0 13 5 8 3 3 1 1
0 10 0 9 5 4 2 1 2
0 10 4 9 5 4 2 1 2
0 15 0 9 5 4 2 1 2
0 15 4 9 5 4 2 1 2
0 10 8 5 8 3 3 1 2
0 10 11 5 8 3 3 1 2
0 10 14 5 8 3 3 1 2
0 10 17 5 8 3 3 1 2
5 10 8 5 8 3 3 1 2
5 10 11 5 8 3 3 1 2
5 10 14 5 8 3 3 1 2
5 10 17 5 8 3 3 1 2
10 10 12 9 5 4 2 1 3
10 10 16 9 5 4 2 1 3
10 15 12 9 5 4 2 1 3
10 15 16 9 5 4 2 1 3
10 10 0 5 8 3 3 1 3
10 10 3 5 8 3 3 1 3
10 10 6 5 8 3 3 1 3
10 10 9 5 8 3 3 1 3
15 10 0 5 8 3 3 1 3
15 10 3 5 8 3 3 1 3
15 10 6 5 8 3 3 1 3
15 10 9 5 8 3 3 1 3
