4
10 10 20
10 10 20
10 10 20
10 10 20
0 4 12 3 3 8 2 1 0
0 7 12 3 3 8 2 1 0
3 7 12 3 3 8 2 1 0
4 4 12 3 3 8 2 1 0
7 4 0 3 3 8 2 1 0
7 4 12 3 3 8 2 1 0
7 7 0 3 3 8 2 1 0
7 7 12 3 3 8 2 1 0
0 4 0 6 2 6 4 1 0
0 4 6 6 2 6 4 1 0
0 6 0 6 2 6 4 1 0
0 6 6 6 2 6 4 1 0
0 8 0 6 2 6 4 1 0
0 8 6 6 2 6 4 1 0
0 0 0 5 4 9 5 1 0
0 0 9 5 4 9 5 1 0
5 0 0 5 4 9 5 1 0
5 0 9 5 4 9 5 1 0
10 0 0 3 3 8 2 1 1
10 0 12 3 3 8 2 1 1
10 3 0 3 3 8 2 1 1
10 3 12 3 3 8 2 1 1
13 0 0 3 3 8 2 1 1
13 3 0 3 3 8 2 1 1
17 0 0 3 3 8 2 1 1
17 3 0 3 3 8 2 1 1
14 0 8 6 2 6 4 1 1
14 0 14 6 2 6 4 1 1
14 2 8 6 2 6 4 1 1
14 2 14 6 2 6 4 1 1
14 4 8 6 2 6 4 1 1
14 4 14 6 2 6 4 1 1
10 6 0 5 4 9 5 1 1
10 6 9 5 4 9 5 1 1
15 6 0 5 4 9 5 1 1
15 6 9 5 4 9 5 1 1
0 10 0 3 3 8 2 1 2
0 10 12 3 3 8 2 1 2
0 13 0 3 3 8 2 1 2
0 13 12 3 3 8 2 1 2
4 10 12 3 3 8 2 1 2
4 13 12 3 3 8 2 1 2
7 10 12 3 3 8 2 1 2
7 13 12 3 3 8 2 1 2
4 10 0 6 2 6 4 1 2
4 10 6 6 2 6 4 1 2
4 12 0 6 2 6 4 1 2
4 12 6 6 2 6 4 1 2
4 14 0 6 2 6 4 1 2
4 14 6 6 2 6 4 1 2
0 16 0 5 4 9 5 1 2
0 16 9 5 4 9 5 1 2
5 16 0 5 4 9 5 1 2
5 16 9 5 4 9 5 1 2
13 13 13 7 4 7 1 1 3
10 10 0 3 3 8 2 1 3
10 10 12 3 3 8 2 1 3
10 13 0 3 3 8 2 1 3
10 13 12 3 3 8 2 1 3
10 17 12 3 3 8 2 1 3
13 17 12 3 3 8 2 1 3
14 10 12 3 3 8 2 1 3
17 10 12 3 3 8 2 1 3
17 17 0 3 3 8 2 1 3
17 17 12 3 3 8 2 1 3
10 16 0 6 2 6 4 1 3
10 16 6 6 2 6 4 1 3
10 18 0 6 2 6 4 1 3
10 18 6 6 2 6 4 1 3
14 10 0 6 2 6 4 1 3
14 10 6 6 2 6 4 1 3
14 12 0 6 2 6 4 1 3
14 12 6 6 2 6 4 1 3
14 14 0 6 2 6 4 1 3
14 14 6 6 2 6 4 1 3
