4
10 10 20
10 10 20
10 10 20
10 10 20
0 0 0 3 5 5 3 1 0
0 0 5 3 5 5 3 1 0
0 5 0 3 5 5 3 1 0
0 5 5 3 5 5 3 1 0
3 0 7 3 5 5 3 1 0
3 0 13 3 5 5 3 1 0
3 5 7 3 5 5 3 1 0
3 5 13 3 5 5 3 1 0
6 0 0 3 5 5 3 1 0
6 0 5 3 5 5 3 1 0
6 0 10 3 5 5 3 1 0
6 0 15 3 5 5 3 1 0
6 5 0 3 5 5 3 1 0
6 5 5 3 5 5 3 1 0
6 5 10 3 5 5 3 1 0
6 5 15 3 5 5 3 1 0
0 2 11 3 8 7 4 1 0
3 2 0 3 8 7 4 1 0
0 0 18 5 9 2 5 1 0
10 0 0 5 9 2 5 1 1
10 0 2 5 9 2 5 1 1
10 0 4 5 9 2 5 1 1
10 0 6 5 9 2 5 1 1
10 0 8 5 9 2 5 1 1
10 0 10 5 9 2 5 1 1
10 0 12 5 9 2 5 1 1
10 0 14 5 9 2 5 1 1
10 0 16 5 9 2 5 1 1
10 0 18 5 9 2 5 1 1
15 0 0 5 9 2 5 1 1
15 0 2 5 9 2 5 1 1
15 0 4 5 9 2 5 1 1
15 0 6 5 9 2 5 1 1
15 0 8 5 9 2 5 1 1
15 0 10 5 9 2 5 1 1
15 0 12 5 9 2 5 1 1
15 0 14 5 9 2 5 1 1
15 0 16 5 9 2 5 1 1
15 0 18 5 9 2 5 1 1
0 10 2 3 5 5 3 1 2
0 15 2 3 5 5 3 1 2
3 10 2 3 5 5 3 1 2
3 15 2 3 5 5 3 1 2
6 10 2 3 5 5 3 1 2
6 15 2 3 5 5 3 1 2
0 12 13 3 8 7 4 1 2
3 12 13 3 8 7 4 1 2
6 12 13 3 8 7 4 1 2
0 10 0 5 9 2 5 1 2
0 10 7 5 9 2 5 1 2
0 10 9 5 9 2 5 1 2
0 10 11 5 9 2 5 1 2
5 10 0 5 9 2 5 1 2
5 10 7 5 9 2 5 1 2
5 10 9 5 9 2 5 1 2
5 10 11 5 9 2 5 1 2
10 10 6 3 5 5 3 1 3
10 10 11 3 5 5 3 1 3
10 15 6 3 5 5 3 1 3
10 15 11 3 5 5 3 1 3
13 10 6 3 5 5 3 1 3
13 10 11 3 5 5 3 1 3
13 15 6 3 5 5 3 1 3
13 15 11 3 5 5 3 1 3
16 10 6 3 5 5 3 1 3
16 10 11 3 5 5 3 1 3
16 15 6 3 5 5 3 1 3
16 15 11 3 5 5 3 1 3
10 10 0 5 9 2 5 1 3
10 10 2 5 9 2 5 1 3
10 10 4 5 9 2 5 1 3
10 10 16 5 9 2 5 1 3
10 10 18 5 9 2 5 1 3
15 10 0 5 9 2 5 1 3
15 10 2 5 9 2 5 1 3
15 10 4 5 9 2 5 1 3
15 10 16 5 9 2 5 1 3
15 10 18 5 9 2 5 1 3
