4
10 10 20
10 10 20
10 10 20
10 10 20
0 0 8 8 5 8 2 1 0
0 5 0 8 5 8 2 1 0
0 5 8 8 5 8 2 1 0
2 0 0 8 5 8 2 1 0
0 0 16 8 2 4 5 1 0
0 4 16 8 2 4 5 1 0
2 2 16 8 2 4 5 1 0
2 6 16 8 2 4 5 1 0
2 8 16 8 2 4 5 1 0
10 0 8 8 5 8 2 1 1
12 5 8 8 5 8 2 1 1
10 0 0 8 2 4 5 1 1
10 0 16 8 2 4 5 1 1
10 2 0 8 2 4 5 1 1
10 2 16 8 2 4 5 1 1
10 4 0 8 2 4 5 1 1
10 4 16 8 2 4 5 1 1
10 6 0 8 2 4 5 1 1
10 6 4 8 2 4 5 1 1
10 8 0 8 2 4 5 1 1
10 8 4 8 2 4 5 1 1
10 8 16 8 2 4 5 1 1
12 0 4 8 2 4 5 1 1
12 2 4 8 2 4 5 1 1
12 4 4 8 2 4 5 1 1
12 6 16 8 2 4 5 1 1
0 10 8 8 5 8 2 1 2
2 15 8 8 5 8 2 1 2
0 10 0 8 2 4 5 1 2
0 14 4 8 2 4 5 1 2
0 16 4 8 2 4 5 1 2
0 18 16 8 2 4 5 1 2
2 10 4 8 2 4 5 1 2
2 10 16 8 2 4 5 1 2
2 12 0 8 2 4 5 1 2
2 12 4 8 2 4 5 1 2
2 12 16 8 2 4 5 1 2
2 14 0 8 2 4 5 1 2
2 14 16 8 2 4 5 1 2
2 16 0 8 2 4 5 1 2
2 16 16 8 2 4 5 1 2
2 18 0 8 2 4 5 1 2
2 18 4 8 2 4 5 1 2
10 10 8 8 5 8 2 1 3
12 15 8 8 5 8 2 1 3
10 10 16 8 2 4 5 1 3
10 12 0 8 2 4 5 1 3
10 12 16 8 2 4 5 1 3
10 18 4 8 2 4 5 1 3
10 18 16 8 2 4 5 1 3
12 10 0 8 2 4 5 1 3
12 10 4 8 2 4 5 1 3
12 12 4 8 2 4 5 1 3
12 14 0 8 2 4 5 1 3
12 14 4 8 2 4 5 1 3
12 14 16 8 2 4 5 1 3
12 16 0 8 2 4 5 1 3
12 16 4 8 2 4 5 1 3
12 16 16 8 2 4 5 1 3
12 18 0 8 2 4 5 1 3
