4
10 10 20
10 10 20
10 10 20
10 10 20
0 0 0 9 2 6 4 1 0
0 0 7 9 2 6 4 1 0
0 0 14 9 2 6 4 1 0
0 2 0 9 2 6 4 1 0
0 2 7 9 2 6 4 1 0
0 2 14 9 2 6 4 1 0
0 4 0 9 2 6 4 1 0
0 4 7 9 2 6 4 1 0
0 4 14 9 2 6 4 1 0
0 6 0 9 2 6 4 1 0
0 6 7 9 2 6 4 1 0
0 6 14 9 2 6 4 1 0
0 8 0 9 2 6 4 1 0
0 8 7 9 2 6 4 1 0
0 8 14 9 2 6 4 1 0
10 0 0 7 3 7 1 1 1
10 0 13 7 3 7 1 1 1
10 4 6 7 3 7 1 1 1
10 7 0 5 3 5 3 1 1
10 7 5 5 3 5 3 1 1
10 7 10 5 3 5 3 1 1
10 7 15 5 3 5 3 1 1
15 7 0 5 3 5 3 1 1
15 7 5 5 3 5 3 1 1
15 7 10 5 3 5 3 1 1
15 7 15 5 3 5 3 1 1
10 0 7 9 2 6 4 1 1
10 2 7 9 2 6 4 1 1
10 3 0 9 2 6 4 1 1
10 3 14 9 2 6 4 1 1
10 5 0 9 2 6 4 1 1
10 5 14 9 2 6 4 1 1
0 10 5 9 4 5 2 1 2
0 10 10 9 4 5 2 1 2
0 13 0 9 4 5 2 1 2
0 13 15 9 4 5 2 1 2
0 10 0 5 3 5 3 1 2
0 10 15 5 3 5 3 1 2
0 14 5 5 3 5 3 1 2
0 14 10 5 3 5 3 1 2
0 17 0 5 3 5 3 1 2
0 17 5 5 3 5 3 1 2
0 17 10 5 3 5 3 1 2
0 17 15 5 3 5 3 1 2
5 10 0 5 3 5 3 1 2
5 10 15 5 3 5 3 1 2
5 14 5 5 3 5 3 1 2
5 14 10 5 3 5 3 1 2
5 17 0 5 3 5 3 1 2
5 17 5 5 3 5 3 1 2
5 17 10 5 3 5 3 1 2
5 17 15 5 3 5 3 1 2
10 10 0 9 4 5 2 1 3
10 10 15 9 4 5 2 1 3
10 13 5 9 4 5 2 1 3
10 16 10 9 4 5 2 1 3
10 10 5 5 3 5 3 1 3
10 10 10 5 3 5 3 1 3
10 13 10 5 3 5 3 1 3
10 14 0 5 3 5 3 1 3
10 14 15 5 3 5 3 1 3
10 17 0 5 3 5 3 1 3
10 17 5 5 3 5 3 1 3
10 17 15 5 3 5 3 1 3
15 10 5 5 3 5 3 1 3
15 10 10 5 3 5 3 1 3
15 13 10 5 3 5 3 1 3
15 14 0 5 3 5 3 1 3
15 14 15 5 3 5 3 1 3
15 17 0 5 3 5 3 1 3
15 17 5 5 3 5 3 1 3
15 17 15 5 3 5 3 1 3
