4
10 10 20
10 10 20
10 10 20
10 10 20
0 0 2 3 3 2 1 1 0
0 0 14 3 3 2 1 1 0
0 7 0 3 3 2 1 1 0
0 7 4 3 3 2 1 1 0
0 7 6 3 3 2 1 1 0
0 7 10 3 3 2 1 1 0
0 7 18 3 3 2 1 1 0
6 0 0 3 3 2 1 1 0
6 7 2 3 3 2 1 1 0
6 7 18 3 3 2 1 1 0
0 0 0 5 7 2 4 1 0
0 0 4 5 7 2 4 1 0
0 0 6 5 7 2 4 1 0
0 0 8 5 7 2 4 1 0
0 0 10 5 7 2 4 1 0
0 0 12 5 7 2 4 1 0
0 0 16 5 7 2 4 1 0
0 0 18 5 7 2 4 1 0
0 3 2 5 7 2 4 1 0
0 3 14 5 7 2 4 1 0
5 0 2 5 7 2 4 1 0
5 0 6 5 7 2 4 1 0
5 0 10 5 7 2 4 1 0
5 0 18 5 7 2 4 1 0
5 3 0 5 7 2 4 1 0
5 3 4 5 7 2 4 1 0
5 3 8 5 7 2 4 1 0
5 3 12 5 7 2 4 1 0
5 3 14 5 7 2 4 1 0
5 3 16 5 7 2 4 1 0
10 0 0 3 3 2 1 1 1
10 0 13 3 3 2 1 1 1
10 0 18 3 3 2 1 1 1
10 7 7 3 3 2 1 1 1
13 0 2 3 3 2 1 1 1
16 0 8 3 3 2 1 1 1
16 0 18 3 3 2 1 1 1
10 0 4 5 7 2 4 1 1
10 0 6 5 7 2 4 1 1
10 0 8 5 7 2 4 1 1
10 0 16 5 7 2 4 1 1
10 3 0 5 7 2 4 1 1
10 3 2 5 7 2 4 1 1
10 3 10 5 7 2 4 1 1
10 3 12 5 7 2 4 1 1
10 3 14 5 7 2 4 1 1
10 3 18 5 7 2 4 1 1
15 0 0 5 7 2 4 1 1
15 0 6 5 7 2 4 1 1
15 0 12 5 7 2 4 1 1
15 0 16 5 7 2 4 1 1
15 3 2 5 7 2 4 1 1
15 3 4 5 7 2 4 1 1
15 3 8 5 7 2 4 1 1
15 3 10 5 7 2 4 1 1
15 3 14 5 7 2 4 1 1
15 3 18 5 7 2 4 1 1
0 10 0 5 7 2 4 1 2
0 10 2 5 7 2 4 1 2
0 10 4 5 7 2 4 1 2
0 10 12 5 7 2 4 1 2
0 10 14 5 7 2 4 1 2
0 13 6 5 7 2 4 1 2
0 13 8 5 7 2 4 1 2
0 13 10 5 7 2 4 1 2
0 13 16 5 7 2 4 1 2
0 13 18 5 7 2 4 1 2
5 10 0 5 7 2 4 1 2
5 10 4 5 7 2 4 1 2
5 10 10 5 7 2 4 1 2
5 10 12 5 7 2 4 1 2
5 10 14 5 7 2 4 1 2
5 13 2 5 7 2 4 1 2
5 13 6 5 7 2 4 1 2
5 13 8 5 7 2 4 1 2
5 13 16 5 7 2 4 1 2
5 13 18 5 7 2 4 1 2
10 17 16 3 3 2 1 1 3
13 17 14 3 3 2 1 1 3
16 17 0 3 3 2 1 1 3
10 10 6 8 7 4 2 1 3
10 10 14 5 7 2 4 1 3
10 10 16 5 7 2 4 1 3
10 10 18 5 7 2 4 1 3
10 13 0 5 7 2 4 1 3
10 13 2 5 7 2 4 1 3
10 13 4 5 7 2 4 1 3
10 13 10 5 7 2 4 1 3
10 13 12 5 7 2 4 1 3
15 10 0 5 7 2 4 1 3
15 10 10 5 7 2 4 1 3
15 10 12 5 7 2 4 1 3
15 10 14 5 7 2 4 1 3
15 10 16 5 7 2 4 1 3
15 10 18 5 7 2 4 1 3
15 13 2 5 7 2 4 1 3
15 13 4 5 7 2 4 1 3
