4
15 15 30
15 15 30
15 15 30
15 15 30
0 0 0 14 3 11 2 9 0
0 0 13 14 3 11 2 9 0
0 3 0 14 3 11 2 9 0
0 3 13 14 3 11 2 9 0
0 6 0 14 3 11 2 9 0
0 6 13 14 3 11 2 9 0
0 9 0 14 3 11 2 9 0
0 9 13 14 3 11 2 9 0
0 12 0 14 3 11 2 9 0
0 12 13 14 3 11 2 9 0
16 0 0 14 3 11 2 9 1
16 0 13 14 3 11 2 9 1
16 3 0 14 3 11 2 9 1
16 3 13 14 3 11 2 9 1
16 6 0 14 3 11 2 9 1
16 6 13 14 3 11 2 9 1
16 9 0 14 3 11 2 9 1
16 9 13 14 3 11 2 9 1
16 12 0 14 3 11 2 9 1
16 12 13 14 3 11 2 9 1
0 15 10 5 8 10 1 7 2
0 21 0 5 8 10 1 7 2
0 21 20 5 8 10 1 7 2
5 15 0 5 8 10 1 7 2
5 15 10 5 8 10 1 7 2
5 15 20 5 8 10 1 7 2
10 21 0 5 8 10 1 7 2
10 21 10 5 8 10 1 7 2
10 21 20 5 8 10 1 7 2
16 15 0 14 3 11 2 9 3
16 15 13 14 3 11 2 9 3
16 18 0 14 3 11 2 9 3
16 18 13 14 3 11 2 9 3
16 21 0 14 3 11 2 9 3
16 21 13 14 3 11 2 9 3
16 24 0 14 3 11 2 9 3
16 24 13 14 3 11 2 9 3
16 27 0 14 3 11 2 9 3
16 27 13 14 3 11 2 9 3
