4
15 15 30
15 15 30
15 15 30
15 15 30
0 0 0 4 12 14 1 7 0
0 0 15 4 12 14 1 7 0
4 0 0 4 12 14 1 7 0
4 0 15 4 12 14 1 7 0
8 0 0 6 7 14 3 26 0
8 0 15 6 7 14 3 26 0
8 8 0 6 7 14 3 26 0
8 8 15 6 7 14 3 26 0
26 0 0 4 12 14 1 7 1
26 0 15 4 12 14 1 7 1
22 0 0 4 12 14 1 7 1
22 0 15 4 12 14 1 7 1
16 0 0 6 7 14 3 26 1
16 0 15 6 7 14 3 26 1
16 8 0 6 7 14 3 26 1
16 8 15 6 7 14 3 26 1
0 15 0 4 12 14 1 7 2
0 15 15 4 12 14 1 7 2
4 15 0 4 12 14 1 7 2
4 15 15 4 12 14 1 7 2
8 15 0 6 7 14 3 26 2
8 15 15 6 7 14 3 26 2
8 23 0 6 7 14 3 26 2
8 23 15 6 7 14 3 26 2
26 15 0 4 12 14 1 7 3
26 15 15 4 12 14 1 7 3
22 15 0 4 12 14 1 7 3
22 15 15 4 12 14 1 7 3
16 15 0 6 7 14 3 26 3
16 15 15 6 7 14 3 26 3
16 23 0 6 7 14 3 26 3
16 23 15 6 7 14 3 26 3
