4
15 15 30
15 15 30
15 15 30
15 15 30
0 0 0 14 3 14 4 40 0
0 0 14 14 3 14 4 40 0
0 3 0 14 3 14 4 40 0
0 3 14 14 3 14 4 40 0
0 6 0 14 3 14 4 40 0
0 6 14 14 3 14 4 40 0
0 9 0 14 3 14 4 40 0
0 9 14 14 3 14 4 40 0
0 12 0 14 3 14 4 40 0
0 12 14 14 3 14 4 40 0
25 0 0 5 4 6 0 0 1
25 0 6 5 4 6 0 0 1
25 0 12 5 4 6 0 0 1
25 0 18 5 4 6 0 0 1
25 0 24 5 4 6 0 0 1
25 4 18 5 4 6 0 0 1
25 4 24 5 4 6 0 0 1
25 7 0 5 4 6 0 0 1
25 7 6 5 4 6 0 0 1
25 7 12 5 4 6 0 0 1
25 11 0 5 4 6 0 0 1
25 11 6 5 4 6 0 0 1
25 11 12 5 4 6 0 0 1
25 11 18 5 4 6 0 0 1
25 11 24 5 4 6 0 0 1
20 0 0 5 4 6 0 0 1
20 0 6 5 4 6 0 0 1
20 0 12 5 4 6 0 0 1
20 0 18 5 4 6 0 0 1
20 0 24 5 4 6 0 0 1
20 4 18 5 4 6 0 0 1
20 4 24 5 4 6 0 0 1
20 7 0 5 4 6 0 0 1
20 7 6 5 4 6 0 0 1
20 7 12 5 4 6 0 0 1
20 11 0 5 4 6 0 0 1
20 11 6 5 4 6 0 0 1
20 11 12 5 4 6 0 0 1
20 11 18 5 4 6 0 0 1
20 11 24 5 4 6 0 0 1
15 0 0 5 4 6 0 0 1
15 0 6 5 4 6 0 0 1
15 0 12 5 4 6 0 0 1
15 0 18 5 4 6 0 0 1
15 0 24 5 4 6 0 0 1
15 4 18 5 4 6 0 0 1
15 4 24 5 4 6 0 0 1
15 7 0 5 4 6 0 0 1
15 7 6 5 4 6 0 0 1
15 7 12 5 4 6 0 0 1
15 11 0 5 4 6 0 0 1
15 11 6 5 4 6 0 0 1
15 11 12 5 4 6 0 0 1
15 11 18 5 4 6 0 0 1
15 11 24 5 4 6 0 0 1
0 15 0 14 3 14 4 40 2
0 15 14 14 3 14 4 40 2
0 18 0 14 3 14 4 40 2
0 18 14 14 3 14 4 40 2
0 21 0 14 3 14 4 40 2
0 21 14 14 3 14 4 40 2
0 24 0 14 3 14 4 40 2
0 24 14 14 3 14 4 40 2
0 27 0 14 3 14 4 40 2
0 27 14 14 3 14 4 40 2
25 15 0 5 4 6 0 0 3
25 15 6 5 4 6 0 0 3
25 15 12 5 4 6 0 0 3
25 15 18 5 4 6 0 0 3
25 15 24 5 4 6 0 0 3
25 19 24 5 4 6 0 0 3
25 22 0 5 4 6 0 0 3
25 22 6 5 4 6 0 0 3
25 22 12 5 4 6 0 0 3
25 22 18 5 4 6 0 0 3
25 26 0 5 4 6 0 0 3
25 26 6 5 4 6 0 0 3
25 26 12 5 4 6 0 0 3
25 26 18 5 4 6 0 0 3
25 26 24 5 4 6 0 0 3
20 15 0 5 4 6 0 0 3
20 15 6 5 4 6 0 0 3
20 15 12 5 4 6 0 0 3
20 15 18 5 4 6 0 0 3
20 15 24 5 4 6 0 0 3
20 22 0 5 4 6 0 0 3
20 22 6 5 4 6 0 0 3
20 22 12 5 4 6 0 0 3
20 22 18 5 4 6 0 0 3
20 22 24 5 4 6 0 0 3
20 26 0 5 4 6 0 0 3
20 26 6 5 4 6 0 0 3
20 26 12 5 4 6 0 0 3
20 26 18 5 4 6 0 0 3
20 26 24 5 4 6 0 0 3
15 15 0 5 4 6 0 0 3
15 15 6 5 4 6 0 0 3
15 15 12 5 4 6 0 0 3
15 15 18 5 4 6 0 0 3
15 15 24 5 4 6 0 0 3
15 19 6 5 4 6 0 0 3
15 19 12 5 4 6 0 0 3
15 19 24 5 4 6 0 0 3
15 22 0 5 4 6 0 0 3
15 22 18 5 4 6 0 0 3
15 23 24 5 4 6 0 0 3
15 26 0 5 4 6 0 0 3
15 26 6 5 4 6 0 0 3
15 26 12 5 4 6 0 0 3
15 26 18 5 4 6 0 0 3
