4
15 15 30
15 15 30
15 15 30
15 15 30
0 0 0 7 5 5 0 0 0
0 0 5 7 5 5 0 0 0
0 0 10 7 5 5 0 0 0
0 0 15 7 5 5 0 0 0
0 0 20 7 5 5 0 0 0
0 0 25 7 5 5 0 0 0
0 5 0 7 5 5 0 0 0
0 5 5 7 5 5 0 0 0
0 5 10 7 5 5 0 0 0
0 5 15 7 5 5 0 0 0
0 5 20 7 5 5 0 0 0
0 5 25 7 5 5 0 0 0
0 10 0 7 5 5 0 0 0
0 10 5 7 5 5 0 0 0
0 10 10 7 5 5 0 0 0
0 10 15 7 5 5 0 0 0
0 10 20 7 5 5 0 0 0
0 10 25 7 5 5 0 0 0
8 0 0 7 5 5 0 0 0
8 0 5 7 5 5 0 0 0
8 0 10 7 5 5 0 0 0
8 0 15 7 5 5 0 0 0
8 0 20 7 5 5 0 0 0
8 0 25 7 5 5 0 0 0
8 5 0 7 5 5 0 0 0
8 5 5 7 5 5 0 0 0
8 5 10 7 5 5 0 0 0
8 5 15 7 5 5 0 0 0
8 5 20 7 5 5 0 0 0
8 5 25 7 5 5 0 0 0
8 10 0 7 5 5 0 0 0
8 10 5 7 5 5 0 0 0
8 10 10 7 5 5 0 0 0
8 10 15 7 5 5 0 0 0
8 10 20 7 5 5 0 0 0
8 10 25 7 5 5 0 0 0
23 0 0 7 5 5 0 0 1
23 0 5 7 5 5 0 0 1
23 0 10 7 5 5 0 0 1
23 0 15 7 5 5 0 0 1
23 0 20 7 5 5 0 0 1
23 0 25 7 5 5 0 0 1
23 5 0 7 5 5 0 0 1
23 5 5 7 5 5 0 0 1
23 5 10 7 5 5 0 0 1
23 5 15 7 5 5 0 0 1
23 5 20 7 5 5 0 0 1
23 5 25 7 5 5 0 0 1
23 10 0 7 5 5 0 0 1
23 10 5 7 5 5 0 0 1
23 10 10 7 5 5 0 0 1
23 10 15 7 5 5 0 0 1
23 10 20 7 5 5 0 0 1
23 10 25 7 5 5 0 0 1
16 10 20 7 5 5 0 0 1
15 0 0 7 5 5 0 0 1
15 0 5 7 5 5 0 0 1
15 0 10 7 5 5 0 0 1
15 0 15 7 5 5 0 0 1
15 0 20 7 5 5 0 0 1
15 0 25 7 5 5 0 0 1
15 5 0 7 5 5 0 0 1
15 5 5 7 5 5 0 0 1
15 5 10 7 5 5 0 0 1
15 5 15 7 5 5 0 0 1
15 5 20 7 5 5 0 0 1
15 5 25 7 5 5 0 0 1
15 10 0 7 5 5 0 0 1
15 10 5 7 5 5 0 0 1
15 10 10 7 5 5 0 0 1
15 10 15 7 5 5 0 0 1
15 10 25 7 5 5 0 0 1
0 15 0 6 4 4 1 7 2
0 15 4 6 4 4 1 7 2
0 15 8 6 4 4 1 7 2
0 15 12 6 4 4 1 7 2
0 15 18 6 4 4 1 7 2
0 15 22 6 4 4 1 7 2
0 15 26 6 4 4 1 7 2
0 19 5 6 4 4 1 7 2
0 22 0 6 4 4 1 7 2
0 22 9 6 4 4 1 7 2
0 22 13 6 4 4 1 7 2
0 22 18 6 4 4 1 7 2
0 22 22 6 4 4 1 7 2
0 22 26 6 4 4 1 7 2
0 24 4 6 4 4 1 7 2
0 26 0 6 4 4 1 7 2
0 26 9 6 4 4 1 7 2
0 26 14 6 4 4 1 7 2
0 26 18 6 4 4 1 7 2
0 26 22 6 4 4 1 7 2
0 26 26 6 4 4 1 7 2
6 18 0 6 4 4 1 7 2
6 18 4 6 4 4 1 7 2
6 18 8 6 4 4 1 7 2
6 18 12 6 4 4 1 7 2
6 18 16 6 4 4 1 7 2
6 18 22 6 4 4 1 7 2
6 18 26 6 4 4 1 7 2
6 22 0 6 4 4 1 7 2
6 22 4 6 4 4 1 7 2
6 22 8 6 4 4 1 7 2
6 22 12 6 4 4 1 7 2
6 22 18 6 4 4 1 7 2
6 22 22 6 4 4 1 7 2
6 22 26 6 4 4 1 7 2
6 26 0 6 4 4 1 7 2
6 26 4 6 4 4 1 7 2
6 26 9 6 4 4 1 7 2
6 26 13 6 4 4 1 7 2
6 26 18 6 4 4 1 7 2
6 26 22 6 4 4 1 7 2
6 26 26 6 4 4 1 7 2
8 15 20 5 3 10 2 17 2
9 15 0 5 3 10 2 17 2
10 15 10 5 3 10 2 17 2
12 20 0 3 10 12 4 23 2
12 20 18 3 10 12 4 23 2
23 15 0 7 5 5 0 0 3
23 15 5 7 5 5 0 0 3
23 15 10 7 5 5 0 0 3
23 15 15 7 5 5 0 0 3
23 15 20 7 5 5 0 0 3
23 15 25 7 5 5 0 0 3
23 20 0 7 5 5 0 0 3
23 20 5 7 5 5 0 0 3
23 20 10 7 5 5 0 0 3
23 20 15 7 5 5 0 0 3
23 20 20 7 5 5 0 0 3
23 20 25 7 5 5 0 0 3
23 25 0 7 5 5 0 0 3
23 25 5 7 5 5 0 0 3
23 25 10 7 5 5 0 0 3
23 25 15 7 5 5 0 0 3
23 25 20 7 5 5 0 0 3
23 25 25 7 5 5 0 0 3
15 15 0 7 5 5 0 0 3
15 15 5 7 5 5 0 0 3
15 15 10 7 5 5 0 0 3
15 15 15 7 5 5 0 0 3
15 15 20 7 5 5 0 0 3
15 15 25 7 5 5 0 0 3
15 20 0 7 5 5 0 0 3
15 20 5 7 5 5 0 0 3
15 20 10 7 5 5 0 0 3
15 20 15 7 5 5 0 0 3
15 20 20 7 5 5 0 0 3
15 20 25 7 5 5 0 0 3
15 25 0 7 5 5 0 0 3
15 25 5 7 5 5 0 0 3
15 25 10 7 5 5 0 0 3
15 25 15 7 5 5 0 0 3
15 25 20 7 5 5 0 0 3
15 25 25 7 5 5 0 0 3
