4
15 15 30
15 15 30
15 15 30
15 15 30
0 4 0 8 11 10 1 9 0
0 4 10 8 11 10 1 9 0
0 4 20 8 11 10 1 9 0
5 0 0 3 4 13 2 10 0
5 0 15 3 4 13 2 10 0
8 0 15 3 4 13 2 10 0
9 0 0 3 4 13 2 10 0
8 6 0 7 9 10 4 14 0
8 6 10 7 9 10 4 14 0
8 6 20 7 9 10 4 14 0
22 0 0 8 11 10 1 9 1
22 0 10 8 11 10 1 9 1
22 0 20 8 11 10 1 9 1
22 11 0 3 4 13 2 10 1
22 11 15 3 4 13 2 10 1
19 11 0 3 4 13 2 10 1
19 11 15 3 4 13 2 10 1
15 0 0 7 9 10 4 14 1
15 0 10 7 9 10 4 14 1
15 0 20 7 9 10 4 14 1
0 19 0 8 11 10 1 9 2
0 19 10 8 11 10 1 9 2
0 19 20 8 11 10 1 9 2
5 15 0 3 4 13 2 10 2
6 15 15 3 4 13 2 10 2
8 15 0 3 4 13 2 10 2
9 15 15 3 4 13 2 10 2
8 21 0 7 9 10 4 14 2
8 21 10 7 9 10 4 14 2
8 21 20 7 9 10 4 14 2
22 15 0 8 11 10 1 9 3
22 15 10 8 11 10 1 9 3
22 15 20 8 11 10 1 9 3
22 26 15 3 4 13 2 10 3
21 26 0 3 4 13 2 10 3
18 26 0 3 4 13 2 10 3
18 26 15 3 4 13 2 10 3
15 15 0 7 9 10 4 14 3
15 15 10 7 9 10 4 14 3
15 15 20 7 9 10 4 14 3
