4
10 10 20
10 10 20
10 10 20
10 10 20
4 4 8 3 3 8 2 1 0
4 7 8 3 3 8 2 1 0
7 4 8 3 3 8 2 1 0
7 7 8 3 3 8 2 1 0
0 0 0 2 2 4 3 1 0
0 0 4 2 2 4 3 1 0
0 0 8 2 2 4 3 1 0
0 0 12 2 2 4 3 1 0
0 0 16 2 2 4 3 1 0
0 2 0 2 2 4 3 1 0
0 2 4 2 2 4 3 1 0
0 2 8 2 2 4 3 1 0
0 2 12 2 2 4 3 1 0
0 2 16 2 2 4 3 1 0
0 4 0 2 2 4 3 1 0
0 4 4 2 2 4 3 1 0
0 4 8 2 2 4 3 1 0
0 4 12 2 2 4 3 1 0
0 4 16 2 2 4 3 1 0
0 6 0 2 2 4 3 1 0
0 6 4 2 2 4 3 1 0
0 6 8 2 2 4 3 1 0
0 6 12 2 2 4 3 1 0
0 6 16 2 2 4 3 1 0
0 8 0 2 2 4 3 1 0
0 8 4 2 2 4 3 1 0
0 8 8 2 2 4 3 1 0
0 8 12 2 2 4 3 1 0
0 8 16 2 2 4 3 1 0
2 0 0 2 2 4 3 1 0
2 0 16 2 2 4 3 1 0
2 2 12 2 2 4 3 1 0
2 2 16 2 2 4 3 1 0
2 4 0 2 2 4 3 1 0
2 4 4 2 2 4 3 1 0
2 4 8 2 2 4 3 1 0
2 4 12 2 2 4 3 1 0
2 4 16 2 2 4 3 1 0
2 6 0 2 2 4 3 1 0
2 6 4 2 2 4 3 1 0
2 6 8 2 2 4 3 1 0
2 6 12 2 2 4 3 1 0
2 6 16 2 2 4 3 1 0
2 8 0 2 2 4 3 1 0
2 8 4 2 2 4 3 1 0
2 8 8 2 2 4 3 1 0
2 8 12 2 2 4 3 1 0
2 8 16 2 2 4 3 1 0
4 0 0 2 2 4 3 1 0
4 0 16 2 2 4 3 1 0
4 2 12 2 2 4 3 1 0
4 2 16 2 2 4 3 1 0
4 4 0 2 2 4 3 1 0
4 4 4 2 2 4 3 1 0
4 4 16 2 2 4 3 1 0
4 6 0 2 2 4 3 1 0
4 6 4 2 2 4 3 1 0
4 6 16 2 2 4 3 1 0
4 8 0 2 2 4 3 1 0
4 8 4 2 2 4 3 1 0
4 8 16 2 2 4 3 1 0
6 0 0 2 2 4 3 1 0
6 0 16 2 2 4 3 1 0
6 2 12 2 2 4 3 1 0
6 2 16 2 2 4 3 1 0
6 4 0 2 2 4 3 1 0
6 4 4 2 2 4 3 1 0
6 4 16 2 2 4 3 1 0
6 6 0 2 2 4 3 1 0
6 6 4 2 2 4 3 1 0
6 6 16 2 2 4 3 1 0
6 8 0 2 2 4 3 1 0
6 8 4 2 2 4 3 1 0
6 8 16 2 2 4 3 1 0
8 0 0 2 2 4 3 1 0
8 0 4 2 2 4 3 1 0
8 0 8 2 2 4 3 1 0
8 0 12 2 2 4 3 1 0
8 0 16 2 2 4 3 1 0
8 2 0 2 2 4 3 1 0
8 2 4 2 2 4 3 1 0
8 2 8 2 2 4 3 1 0
8 2 12 2 2 4 3 1 0
8 2 16 2 2 4 3 1 0
8 4 0 2 2 4 3 1 0
8 4 4 2 2 4 3 1 0
8 4 16 2 2 4 3 1 0
8 6 0 2 2 4 3 1 0
8 6 4 2 2 4 3 1 0
8 6 16 2 2 4 3 1 0
8 8 0 2 2 4 3 1 0
8 8 4 2 2 4 3 1 0
8 8 16 2 2 4 3 1 0
2 0 4 6 2 6 4 1 0
2 0 10 6 2 6 4 1 0
2 2 0 6 2 6 4 1 0
2 2 6 6 2 6 4 1 0
10 2 8 3 3 8 2 1 1
10 5 8 3 3 8 2 1 1
12 2 0 3 3 8 2 1 1
12 5 0 3 3 8 2 1 1
15 2 0 3 3 8 2 1 1
15 5 0 3 3 8 2 1 1
17 2 8 3 3 8 2 1 1
17 5 8 3 3 8 2 1 1
10 0 0 2 2 4 3 1 1
10 0 4 2 2 4 3 1 1
10 0 8 2 2 4 3 1 1
10 0 12 2 2 4 3 1 1
10 0 16 2 2 4 3 1 1
10 2 0 2 2 4 3 1 1
10 2 4 2 2 4 3 1 1
10 2 16 2 2 4 3 1 1
10 4 0 2 2 4 3 1 1
10 4 4 2 2 4 3 1 1
10 4 16 2 2 4 3 1 1
10 6 0 2 2 4 3 1 1
10 6 4 2 2 4 3 1 1
10 6 16 2 2 4 3 1 1
10 8 0 2 2 4 3 1 1
10 8 4 2 2 4 3 1 1
10 8 8 2 2 4 3 1 1
10 8 12 2 2 4 3 1 1
10 8 16 2 2 4 3 1 1
12 0 0 2 2 4 3 1 1
12 0 4 2 2 4 3 1 1
12 0 8 2 2 4 3 1 1
12 0 12 2 2 4 3 1 1
12 0 16 2 2 4 3 1 1
12 2 16 2 2 4 3 1 1
12 4 16 2 2 4 3 1 1
12 6 16 2 2 4 3 1 1
12 8 0 2 2 4 3 1 1
12 8 16 2 2 4 3 1 1
13 2 8 2 2 4 3 1 1
13 2 12 2 2 4 3 1 1
13 4 8 2 2 4 3 1 1
13 4 12 2 2 4 3 1 1
13 6 8 2 2 4 3 1 1
13 6 12 2 2 4 3 1 1
14 0 0 2 2 4 3 1 1
14 0 16 2 2 4 3 1 1
14 2 16 2 2 4 3 1 1
14 4 16 2 2 4 3 1 1
14 6 16 2 2 4 3 1 1
14 8 0 2 2 4 3 1 1
14 8 16 2 2 4 3 1 1
15 2 8 2 2 4 3 1 1
15 2 12 2 2 4 3 1 1
15 4 8 2 2 4 3 1 1
15 4 12 2 2 4 3 1 1
15 6 8 2 2 4 3 1 1
15 6 12 2 2 4 3 1 1
16 0 0 2 2 4 3 1 1
16 0 16 2 2 4 3 1 1
16 2 16 2 2 4 3 1 1
16 4 16 2 2 4 3 1 1
16 6 16 2 2 4 3 1 1
16 8 0 2 2 4 3 1 1
16 8 16 2 2 4 3 1 1
18 0 0 2 2 4 3 1 1
18 0 16 2 2 4 3 1 1
18 2 0 2 2 4 3 1 1
18 2 4 2 2 4 3 1 1
18 2 16 2 2 4 3 1 1
18 4 0 2 2 4 3 1 1
18 4 4 2 2 4 3 1 1
18 4 16 2 2 4 3 1 1
18 6 0 2 2 4 3 1 1
18 6 4 2 2 4 3 1 1
18 6 16 2 2 4 3 1 1
18 8 0 2 2 4 3 1 1
18 8 4 2 2 4 3 1 1
18 8 8 2 2 4 3 1 1
18 8 12 2 2 4 3 1 1
18 8 16 2 2 4 3 1 1
12 8 4 6 2 6 4 1 1
12 8 10 6 2 6 4 1 1
14 0 4 6 2 6 4 1 1
14 0 10 6 2 6 4 1 1
0 10 0 2 2 4 3 1 2
0 10 16 2 2 4 3 1 2
0 12 0 2 2 4 3 1 2
0 12 4 2 2 4 3 1 2
0 12 8 2 2 4 3 1 2
0 12 12 2 2 4 3 1 2
0 12 16 2 2 4 3 1 2
0 14 0 2 2 4 3 1 2
0 14 4 2 2 4 3 1 2
0 14 8 2 2 4 3 1 2
0 14 12 2 2 4 3 1 2
0 14 16 2 2 4 3 1 2
0 16 0 2 2 4 3 1 2
0 16 16 2 2 4 3 1 2
0 18 0 2 2 4 3 1 2
0 18 4 2 2 4 3 1 2
0 18 8 2 2 4 3 1 2
0 18 12 2 2 4 3 1 2
0 18 16 2 2 4 3 1 2
2 10 0 2 2 4 3 1 2
2 10 16 2 2 4 3 1 2
2 12 12 2 2 4 3 1 2
2 12 16 2 2 4 3 1 2
2 14 0 2 2 4 3 1 2
2 14 4 2 2 4 3 1 2
2 16 0 2 2 4 3 1 2
2 16 16 2 2 4 3 1 2
2 18 0 2 2 4 3 1 2
2 18 16 2 2 4 3 1 2
4 10 0 2 2 4 3 1 2
4 10 16 2 2 4 3 1 2
4 12 12 2 2 4 3 1 2
4 12 16 2 2 4 3 1 2
4 14 0 2 2 4 3 1 2
4 14 4 2 2 4 3 1 2
4 16 0 2 2 4 3 1 2
4 16 16 2 2 4 3 1 2
4 18 0 2 2 4 3 1 2
4 18 16 2 2 4 3 1 2
6 10 0 2 2 4 3 1 2
6 10 4 2 2 4 3 1 2
6 10 8 2 2 4 3 1 2
6 10 12 2 2 4 3 1 2
6 10 16 2 2 4 3 1 2
6 12 12 2 2 4 3 1 2
6 12 16 2 2 4 3 1 2
6 14 0 2 2 4 3 1 2
6 14 4 2 2 4 3 1 2
6 16 0 2 2 4 3 1 2
6 16 4 2 2 4 3 1 2
6 16 8 2 2 4 3 1 2
6 16 12 2 2 4 3 1 2
6 16 16 2 2 4 3 1 2
6 18 0 2 2 4 3 1 2
6 18 16 2 2 4 3 1 2
8 10 0 2 2 4 3 1 2
8 10 4 2 2 4 3 1 2
8 10 8 2 2 4 3 1 2
8 10 12 2 2 4 3 1 2
8 10 16 2 2 4 3 1 2
8 12 0 2 2 4 3 1 2
8 12 4 2 2 4 3 1 2
8 12 8 2 2 4 3 1 2
8 12 12 2 2 4 3 1 2
8 12 16 2 2 4 3 1 2
8 14 0 2 2 4 3 1 2
8 14 4 2 2 4 3 1 2
8 14 8 2 2 4 3 1 2
8 14 12 2 2 4 3 1 2
8 14 16 2 2 4 3 1 2
8 16 0 2 2 4 3 1 2
8 16 4 2 2 4 3 1 2
8 16 8 2 2 4 3 1 2
8 16 12 2 2 4 3 1 2
8 16 16 2 2 4 3 1 2
8 18 0 2 2 4 3 1 2
8 18 4 2 2 4 3 1 2
8 18 8 2 2 4 3 1 2
8 18 12 2 2 4 3 1 2
8 18 16 2 2 4 3 1 2
0 10 4 6 2 6 4 1 2
0 10 10 6 2 6 4 1 2
0 16 4 6 2 6 4 1 2
0 16 10 6 2 6 4 1 2
2 12 0 6 2 6 4 1 2
2 12 6 6 2 6 4 1 2
2 14 8 6 2 6 4 1 2
2 14 14 6 2 6 4 1 2
2 18 4 6 2 6 4 1 2
2 18 10 6 2 6 4 1 2
10 10 0 2 2 4 3 1 3
10 10 4 2 2 4 3 1 3
10 10 8 2 2 4 3 1 3
10 10 12 2 2 4 3 1 3
10 10 16 2 2 4 3 1 3
10 12 0 2 2 4 3 1 3
10 12 16 2 2 4 3 1 3
10 14 0 2 2 4 3 1 3
10 14 4 2 2 4 3 1 3
10 14 8 2 2 4 3 1 3
10 14 12 2 2 4 3 1 3
10 14 16 2 2 4 3 1 3
10 16 0 2 2 4 3 1 3
10 16 4 2 2 4 3 1 3
10 16 8 2 2 4 3 1 3
10 16 12 2 2 4 3 1 3
10 16 16 2 2 4 3 1 3
10 18 0 2 2 4 3 1 3
10 18 4 2 2 4 3 1 3
10 18 8 2 2 4 3 1 3
10 18 12 2 2 4 3 1 3
10 18 16 2 2 4 3 1 3
12 10 0 2 2 4 3 1 3
12 10 4 2 2 4 3 1 3
12 10 8 2 2 4 3 1 3
12 10 12 2 2 4 3 1 3
12 10 16 2 2 4 3 1 3
12 12 0 2 2 4 3 1 3
12 12 16 2 2 4 3 1 3
12 14 0 2 2 4 3 1 3
12 14 16 2 2 4 3 1 3
12 16 0 2 2 4 3 1 3
12 16 10 2 2 4 3 1 3
12 18 0 2 2 4 3 1 3
12 18 16 2 2 4 3 1 3
14 10 0 2 2 4 3 1 3
14 10 16 2 2 4 3 1 3
14 12 0 2 2 4 3 1 3
14 12 16 2 2 4 3 1 3
14 14 0 2 2 4 3 1 3
14 14 16 2 2 4 3 1 3
14 16 0 2 2 4 3 1 3
14 16 10 2 2 4 3 1 3
14 18 0 2 2 4 3 1 3
14 18 16 2 2 4 3 1 3
16 10 0 2 2 4 3 1 3
16 10 16 2 2 4 3 1 3
16 12 0 2 2 4 3 1 3
16 12 4 2 2 4 3 1 3
16 12 8 2 2 4 3 1 3
16 12 12 2 2 4 3 1 3
16 12 16 2 2 4 3 1 3
16 14 0 2 2 4 3 1 3
16 14 16 2 2 4 3 1 3
16 16 0 2 2 4 3 1 3
16 16 10 2 2 4 3 1 3
16 18 0 2 2 4 3 1 3
16 18 16 2 2 4 3 1 3
18 10 0 2 2 4 3 1 3
18 10 16 2 2 4 3 1 3
18 12 0 2 2 4 3 1 3
18 12 4 2 2 4 3 1 3
18 12 8 2 2 4 3 1 3
18 12 12 2 2 4 3 1 3
18 12 16 2 2 4 3 1 3
18 14 0 2 2 4 3 1 3
18 14 4 2 2 4 3 1 3
18 14 8 2 2 4 3 1 3
18 14 12 2 2 4 3 1 3
18 14 16 2 2 4 3 1 3
18 16 0 2 2 4 3 1 3
18 16 4 2 2 4 3 1 3
18 16 8 2 2 4 3 1 3
18 16 12 2 2 4 3 1 3
18 16 16 2 2 4 3 1 3
18 18 0 2 2 4 3 1 3
18 18 4 2 2 4 3 1 3
18 18 8 2 2 4 3 1 3
18 18 12 2 2 4 3 1 3
18 18 16 2 2 4 3 1 3
10 12 4 6 2 6 4 1 3
10 12 10 6 2 6 4 1 3
12 14 4 6 2 6 4 1 3
12 14 10 6 2 6 4 1 3
12 16 4 6 2 6 4 1 3
12 16 14 6 2 6 4 1 3
12 18 4 6 2 6 4 1 3
12 18 10 6 2 6 4 1 3
14 10 4 6 2 6 4 1 3
14 10 10 6 2 6 4 1 3
