4
10 10 20
10 10 20
10 10 20
10 10 20
0 0 0 4 4 2 1 1 0
0 0 2 4 4 2 1 1 0
0 0 4 4 4 2 1 1 0
0 0 6 4 4 2 1 1 0
0 0 8 4 4 2 1 1 0
0 0 10 4 4 2 1 1 0
0 0 12 4 4 2 1 1 0
0 0 18 4 4 2 1 1 0
0 6 0 4 4 2 1 1 0
0 6 2 4 4 2 1 1 0
0 6 4 4 4 2 1 1 0
0 6 6 4 4 2 1 1 0
0 6 8 4 4 2 1 1 0
0 6 10 4 4 2 1 1 0
0 6 12 4 4 2 1 1 0
0 6 18 4 4 2 1 1 0
4 0 0 4 4 2 1 1 0
4 0 2 4 4 2 1 1 0
4 0 12 4 4 2 1 1 0
4 0 18 4 4 2 1 1 0
4 6 0 4 4 2 1 1 0
4 6 2 4 4 2 1 1 0
4 6 12 4 4 2 1 1 0
4 6 18 4 4 2 1 1 0
0 0 14 2 8 4 4 1 0
2 0 14 2 8 4 4 1 0
4 0 4 2 8 4 4 1 0
4 0 8 2 8 4 4 1 0
4 0 14 2 8 4 4 1 0
6 0 4 2 8 4 4 1 0
6 0 8 2 8 4 4 1 0
6 0 14 2 8 4 4 1 0
8 0 0 2 8 4 4 1 0
8 0 4 2 8 4 4 1 0
8 0 8 2 8 4 4 1 0
8 0 12 2 8 4 4 1 0
8 0 16 2 8 4 4 1 0
10 6 4 4 4 2 1 1 1
10 6 6 4 4 2 1 1 1
12 0 8 4 4 2 1 1 1
12 0 14 4 4 2 1 1 1
12 6 0 4 4 2 1 1 1
12 6 2 4 4 2 1 1 1
12 6 8 4 4 2 1 1 1
12 6 14 4 4 2 1 1 1
12 6 16 4 4 2 1 1 1
12 6 18 4 4 2 1 1 1
14 6 4 4 4 2 1 1 1
14 6 6 4 4 2 1 1 1
16 6 0 4 4 2 1 1 1
16 6 2 4 4 2 1 1 1
16 6 16 4 4 2 1 1 1
16 6 18 4 4 2 1 1 1
10 0 0 2 8 4 4 1 1
10 0 8 2 8 4 4 1 1
10 0 12 2 8 4 4 1 1
10 0 16 2 8 4 4 1 1
12 0 10 2 8 4 4 1 1
14 0 10 2 8 4 4 1 1
16 0 8 2 8 4 4 1 1
16 0 12 2 8 4 4 1 1
18 0 4 2 8 4 4 1 1
18 0 8 2 8 4 4 1 1
18 0 12 2 8 4 4 1 1
10 0 4 7 6 4 5 1 1
12 0 0 7 6 4 5 1 1
12 0 16 7 6 4 5 1 1
0 10 0 4 4 2 1 1 2
0 10 2 4 4 2 1 1 2
0 10 8 4 4 2 1 1 2
0 10 10 4 4 2 1 1 2
0 10 16 4 4 2 1 1 2
0 10 18 4 4 2 1 1 2
0 16 0 4 4 2 1 1 2
0 16 2 4 4 2 1 1 2
0 16 8 4 4 2 1 1 2
0 16 10 4 4 2 1 1 2
0 16 16 4 4 2 1 1 2
0 16 18 4 4 2 1 1 2
6 10 0 4 4 2 1 1 2
6 10 18 4 4 2 1 1 2
6 16 0 4 4 2 1 1 2
6 16 18 4 4 2 1 1 2
0 10 4 2 8 4 4 1 2
0 10 12 2 8 4 4 1 2
2 10 4 2 8 4 4 1 2
2 10 12 2 8 4 4 1 2
4 10 0 2 8 4 4 1 2
4 10 4 2 8 4 4 1 2
4 10 8 2 8 4 4 1 2
4 10 12 2 8 4 4 1 2
4 10 16 2 8 4 4 1 2
6 10 2 2 8 4 4 1 2
6 10 6 2 8 4 4 1 2
6 10 10 2 8 4 4 1 2
6 10 14 2 8 4 4 1 2
8 10 2 2 8 4 4 1 2
8 10 6 2 8 4 4 1 2
8 10 10 2 8 4 4 1 2
8 10 14 2 8 4 4 1 2
10 10 0 4 4 2 1 1 3
10 10 14 4 4 2 1 1 3
10 10 16 4 4 2 1 1 3
10 10 18 4 4 2 1 1 3
10 16 0 4 4 2 1 1 3
10 16 18 4 4 2 1 1 3
14 10 0 4 4 2 1 1 3
14 10 14 4 4 2 1 1 3
14 10 16 4 4 2 1 1 3
14 10 18 4 4 2 1 1 3
14 16 0 4 4 2 1 1 3
14 16 18 4 4 2 1 1 3
10 10 2 2 8 4 4 1 3
10 10 6 2 8 4 4 1 3
10 10 10 2 8 4 4 1 3
12 10 2 2 8 4 4 1 3
12 10 6 2 8 4 4 1 3
12 10 10 2 8 4 4 1 3
14 10 2 2 8 4 4 1 3
14 10 6 2 8 4 4 1 3
14 10 10 2 8 4 4 1 3
16 10 2 2 8 4 4 1 3
16 10 6 2 8 4 4 1 3
16 10 10 2 8 4 4 1 3
18 10 0 2 8 4 4 1 3
18 10 4 2 8 4 4 1 3
18 10 8 2 8 4 4 1 3
18 10 12 2 8 4 4 1 3
18 10 16 2 8 4 4 1 3
10 14 14 7 6 4 5 1 3
