4
10 10 20
10 10 20
10 10 20
10 10 20
0 0 0 9 9 2 1 1 0
0 0 2 9 9 2 1 1 0
0 0 4 9 9 2 1 1 0
0 0 6 9 9 2 1 1 0
0 0 16 9 9 2 1 1 0
0 0 18 9 9 2 1 1 0
0 0 8 5 9 8 2 1 0
5 0 8 5 9 8 2 1 0
10 0 9 9 9 2 1 1 1
10 0 0 9 8 5 4 1 1
10 0 15 9 8 5 4 1 1
10 0 5 9 8 4 5 1 1
10 0 11 9 8 4 5 1 1
0 10 16 9 9 2 1 1 2
0 10 18 9 9 2 1 1 2
0 10 0 5 9 8 2 1 2
0 10 8 5 9 8 2 1 2
5 10 0 5 9 8 2 1 2
5 10 8 5 9 8 2 1 2
10 10 0 9 9 2 1 1 3
10 10 18 9 9 2 1 1 3
10 10 2 5 9 8 2 1 3
10 10 10 5 9 8 2 1 3
15 10 2 5 9 8 2 1 3
15 10 10 5 9 8 2 1 3
