4
10 10 20
10 10 20
10 10 20
10 10 20
0 0 8 5 5 6 3 1 0
0 0 14 5 5 6 3 1 0
0 5 8 5 5 6 3 1 0
0 5 14 5 5 6 3 1 0
5 0 8 5 5 6 3 1 0
5 0 14 5 5 6 3 1 0
5 5 8 5 5 6 3 1 0
5 5 14 5 5 6 3 1 0
0 0 0 2 3 4 4 1 0
0 4 4 2 3 4 4 1 0
0 7 0 2 3 4 4 1 0
0 7 4 2 3 4 4 1 0
2 0 0 2 3 4 4 1 0
2 0 4 2 3 4 4 1 0
2 3 0 2 3 4 4 1 0
2 7 4 2 3 4 4 1 0
4 0 0 2 3 4 4 1 0
4 0 4 2 3 4 4 1 0
4 7 0 2 3 4 4 1 0
4 7 4 2 3 4 4 1 0
6 4 0 2 3 4 4 1 0
6 4 4 2 3 4 4 1 0
6 7 0 2 3 4 4 1 0
6 7 4 2 3 4 4 1 0
8 0 4 2 3 4 4 1 0
8 4 0 2 3 4 4 1 0
8 7 0 2 3 4 4 1 0
8 7 4 2 3 4 4 1 0
0 0 4 2 4 2 5 1 0
0 0 6 2 4 2 5 1 0
0 3 0 2 4 2 5 1 0
0 3 2 2 4 2 5 1 0
2 3 4 2 4 2 5 1 0
2 3 6 2 4 2 5 1 0
2 6 0 2 4 2 5 1 0
2 6 2 2 4 2 5 1 0
4 3 0 2 4 2 5 1 0
4 3 2 2 4 2 5 1 0
4 3 4 2 4 2 5 1 0
4 3 6 2 4 2 5 1 0
6 0 0 2 4 2 5 1 0
6 0 2 2 4 2 5 1 0
6 0 4 2 4 2 5 1 0
6 0 6 2 4 2 5 1 0
8 0 0 2 4 2 5 1 0
8 0 2 2 4 2 5 1 0
8 3 4 2 4 2 5 1 0
8 3 6 2 4 2 5 1 0
10 0 4 5 5 6 3 1 1
10 0 10 5 5 6 3 1 1
10 5 4 5 5 6 3 1 1
10 5 10 5 5 6 3 1 1
15 0 4 5 5 6 3 1 1
15 0 10 5 5 6 3 1 1
15 5 4 5 5 6 3 1 1
15 5 10 5 5 6 3 1 1
10 0 16 2 3 4 4 1 1
10 4 0 2 3 4 4 1 1
10 7 0 2 3 4 4 1 1
10 7 16 2 3 4 4 1 1
12 0 16 2 3 4 4 1 1
12 3 16 2 3 4 4 1 1
12 4 0 2 3 4 4 1 1
12 7 0 2 3 4 4 1 1
14 4 0 2 3 4 4 1 1
14 4 16 2 3 4 4 1 1
14 7 0 2 3 4 4 1 1
14 7 16 2 3 4 4 1 1
16 0 16 2 3 4 4 1 1
16 3 16 2 3 4 4 1 1
16 4 0 2 3 4 4 1 1
16 7 0 2 3 4 4 1 1
18 0 0 2 3 4 4 1 1
18 0 16 2 3 4 4 1 1
18 3 0 2 3 4 4 1 1
18 7 16 2 3 4 4 1 1
10 0 0 2 4 2 5 1 1
10 0 2 2 4 2 5 1 1
10 3 16 2 4 2 5 1 1
10 3 18 2 4 2 5 1 1
12 0 0 2 4 2 5 1 1
12 0 2 2 4 2 5 1 1
12 6 16 2 4 2 5 1 1
12 6 18 2 4 2 5 1 1
14 0 0 2 4 2 5 1 1
14 0 2 2 4 2 5 1 1
14 0 16 2 4 2 5 1 1
14 0 18 2 4 2 5 1 1
16 0 0 2 4 2 5 1 1
16 0 2 2 4 2 5 1 1
16 6 16 2 4 2 5 1 1
16 6 18 2 4 2 5 1 1
18 3 16 2 4 2 5 1 1
18 3 18 2 4 2 5 1 1
18 6 0 2 4 2 5 1 1
18 6 2 2 4 2 5 1 1
0 10 4 5 5 6 3 1 2
0 10 10 5 5 6 3 1 2
0 15 4 5 5 6 3 1 2
0 15 10 5 5 6 3 1 2
5 10 4 5 5 6 3 1 2
5 10 10 5 5 6 3 1 2
5 15 4 5 5 6 3 1 2
5 15 10 5 5 6 3 1 2
0 10 0 2 3 4 4 1 2
0 13 0 2 3 4 4 1 2
0 14 16 2 3 4 4 1 2
0 17 16 2 3 4 4 1 2
2 14 0 2 3 4 4 1 2
2 14 16 2 3 4 4 1 2
2 17 0 2 3 4 4 1 2
2 17 16 2 3 4 4 1 2
4 10 16 2 3 4 4 1 2
4 14 0 2 3 4 4 1 2
4 17 0 2 3 4 4 1 2
4 17 16 2 3 4 4 1 2
6 10 0 2 3 4 4 1 2
6 10 16 2 3 4 4 1 2
6 13 0 2 3 4 4 1 2
6 13 16 2 3 4 4 1 2
8 14 0 2 3 4 4 1 2
8 14 16 2 3 4 4 1 2
8 17 0 2 3 4 4 1 2
8 17 16 2 3 4 4 1 2
0 10 16 2 4 2 5 1 2
0 10 18 2 4 2 5 1 2
0 16 0 2 4 2 5 1 2
0 16 2 2 4 2 5 1 2
2 10 0 2 4 2 5 1 2
2 10 2 2 4 2 5 1 2
2 10 16 2 4 2 5 1 2
2 10 18 2 4 2 5 1 2
4 10 0 2 4 2 5 1 2
4 10 2 2 4 2 5 1 2
4 13 16 2 4 2 5 1 2
4 13 18 2 4 2 5 1 2
6 16 0 2 4 2 5 1 2
6 16 2 2 4 2 5 1 2
6 16 16 2 4 2 5 1 2
6 16 18 2 4 2 5 1 2
8 10 0 2 4 2 5 1 2
8 10 2 2 4 2 5 1 2
8 10 16 2 4 2 5 1 2
8 10 18 2 4 2 5 1 2
10 10 4 5 5 6 3 1 3
10 10 14 5 5 6 3 1 3
10 15 4 5 5 6 3 1 3
10 15 14 5 5 6 3 1 3
15 10 4 5 5 6 3 1 3
15 10 14 5 5 6 3 1 3
15 15 4 5 5 6 3 1 3
15 15 14 5 5 6 3 1 3
10 14 0 2 3 4 4 1 3
10 14 10 2 3 4 4 1 3
10 17 0 2 3 4 4 1 3
10 17 10 2 3 4 4 1 3
12 10 0 2 3 4 4 1 3
12 10 10 2 3 4 4 1 3
12 17 0 2 3 4 4 1 3
12 17 10 2 3 4 4 1 3
14 10 0 2 3 4 4 1 3
14 10 10 2 3 4 4 1 3
14 13 0 2 3 4 4 1 3
14 17 10 2 3 4 4 1 3
16 10 0 2 3 4 4 1 3
16 13 0 2 3 4 4 1 3
16 14 10 2 3 4 4 1 3
16 17 10 2 3 4 4 1 3
18 10 10 2 3 4 4 1 3
18 14 0 2 3 4 4 1 3
18 14 10 2 3 4 4 1 3
18 17 0 2 3 4 4 1 3
18 17 10 2 3 4 4 1 3
10 10 0 2 4 2 5 1 3
10 10 2 2 4 2 5 1 3
10 10 10 2 4 2 5 1 3
10 10 12 2 4 2 5 1 3
12 13 0 2 4 2 5 1 3
12 13 2 2 4 2 5 1 3
12 13 10 2 4 2 5 1 3
12 13 12 2 4 2 5 1 3
14 13 10 2 4 2 5 1 3
14 13 12 2 4 2 5 1 3
14 16 0 2 4 2 5 1 3
14 16 2 2 4 2 5 1 3
16 10 10 2 4 2 5 1 3
16 10 12 2 4 2 5 1 3
16 16 0 2 4 2 5 1 3
16 16 2 2 4 2 5 1 3
18 10 0 2 4 2 5 1 3
18 10 2 2 4 2 5 1 3
