4
10 10 20
10 10 20
10 10 20
10 10 20
2 0 0 8 5 8 2 1 0
2 5 0 8 5 8 2 1 0
0 0 0 2 6 3 4 1 0
0 0 3 2 6 3 4 1 0
0 4 6 2 6 3 4 1 0
0 4 9 2 6 3 4 1 0
8 0 8 2 6 3 4 1 0
8 0 11 2 6 3 4 1 0
8 0 14 2 6 3 4 1 0
8 0 17 2 6 3 4 1 0
0 0 8 8 2 4 5 1 0
0 0 12 8 2 4 5 1 0
0 0 16 8 2 4 5 1 0
0 2 8 8 2 4 5 1 0
0 2 12 8 2 4 5 1 0
0 2 16 8 2 4 5 1 0
0 4 12 8 2 4 5 1 0
0 4 16 8 2 4 5 1 0
2 6 8 8 2 4 5 1 0
2 6 12 8 2 4 5 1 0
2 6 16 8 2 4 5 1 0
2 8 8 8 2 4 5 1 0
2 8 12 8 2 4 5 1 0
2 8 16 8 2 4 5 1 0
12 0 12 8 5 8 2 1 1
12 5 12 8 5 8 2 1 1
10 0 17 2 6 3 4 1 1
10 2 14 2 6 3 4 1 1
10 4 8 2 6 3 4 1 1
10 4 11 2 6 3 4 1 1
18 0 3 2 6 3 4 1 1
18 0 6 2 6 3 4 1 1
18 0 9 2 6 3 4 1 1
18 4 0 2 6 3 4 1 1
10 0 0 8 2 4 5 1 1
10 0 4 8 2 4 5 1 1
10 0 8 8 2 4 5 1 1
10 2 0 8 2 4 5 1 1
10 2 4 8 2 4 5 1 1
10 2 8 8 2 4 5 1 1
10 4 0 8 2 4 5 1 1
10 4 4 8 2 4 5 1 1
10 6 0 8 2 4 5 1 1
10 6 4 8 2 4 5 1 1
10 8 0 8 2 4 5 1 1
10 8 4 8 2 4 5 1 1
12 6 8 8 2 4 5 1 1
12 8 8 8 2 4 5 1 1
0 10 0 8 5 8 2 1 2
0 15 0 8 5 8 2 1 2
0 10 8 2 6 3 4 1 2
0 10 11 2 6 3 4 1 2
0 10 14 2 6 3 4 1 2
0 10 17 2 6 3 4 1 2
8 12 0 2 6 3 4 1 2
8 14 3 2 6 3 4 1 2
8 14 6 2 6 3 4 1 2
8 14 17 2 6 3 4 1 2
0 16 8 8 2 4 5 1 2
0 16 16 8 2 4 5 1 2
0 18 8 8 2 4 5 1 2
0 18 12 8 2 4 5 1 2
0 18 16 8 2 4 5 1 2
2 10 8 8 2 4 5 1 2
2 10 12 8 2 4 5 1 2
2 10 16 8 2 4 5 1 2
2 12 8 8 2 4 5 1 2
2 12 12 8 2 4 5 1 2
2 12 16 8 2 4 5 1 2
2 14 9 8 2 4 5 1 2
2 14 13 8 2 4 5 1 2
2 16 12 8 2 4 5 1 2
10 10 12 8 5 8 2 1 3
10 15 12 8 5 8 2 1 3
12 10 0 8 5 8 2 1 3
12 15 0 8 5 8 2 1 3
10 10 0 2 6 3 4 1 3
10 10 3 2 6 3 4 1 3
10 14 6 2 6 3 4 1 3
10 14 9 2 6 3 4 1 3
18 10 8 2 6 3 4 1 3
18 10 11 2 6 3 4 1 3
18 10 14 2 6 3 4 1 3
18 10 17 2 6 3 4 1 3
10 10 8 8 2 4 5 1 3
10 12 8 8 2 4 5 1 3
12 16 8 8 2 4 5 1 3
12 18 8 8 2 4 5 1 3
