4
10 10 20
10 10 20
10 10 20
10 10 20
0 0 0 9 2 2 1 1 0
0 0 2 9 2 2 1 1 0
0 0 14 9 2 2 1 1 0
0 0 16 9 2 2 1 1 0
0 0 18 9 2 2 1 1 0
0 2 0 9 2 2 1 1 0
0 2 2 9 2 2 1 1 0
0 2 14 9 2 2 1 1 0
0 2 16 9 2 2 1 1 0
0 2 18 9 2 2 1 1 0
0 4 0 9 2 2 1 1 0
0 4 2 9 2 2 1 1 0
0 4 14 9 2 2 1 1 0
0 4 16 9 2 2 1 1 0
0 4 18 9 2 2 1 1 0
0 6 0 9 2 2 1 1 0
0 6 2 9 2 2 1 1 0
0 6 14 9 2 2 1 1 0
0 6 16 9 2 2 1 1 0
0 6 18 9 2 2 1 1 0
0 8 0 9 2 2 1 1 0
0 8 2 9 2 2 1 1 0
0 8 14 9 2 2 1 1 0
0 8 16 9 2 2 1 1 0
0 8 18 9 2 2 1 1 0
0 0 4 3 5 5 3 1 0
0 0 9 3 5 5 3 1 0
0 5 4 3 5 5 3 1 0
0 5 9 3 5 5 3 1 0
3 0 4 3 5 5 3 1 0
3 0 9 3 5 5 3 1 0
3 5 4 3 5 5 3 1 0
3 5 9 3 5 5 3 1 0
6 0 4 3 5 5 3 1 0
6 0 9 3 5 5 3 1 0
6 5 4 3 5 5 3 1 0
6 5 9 3 5 5 3 1 0
10 0 0 9 2 2 1 1 1
10 0 2 9 2 2 1 1 1
10 0 18 9 2 2 1 1 1
10 2 0 9 2 2 1 1 1
10 2 2 9 2 2 1 1 1
10 2 18 9 2 2 1 1 1
10 4 0 9 2 2 1 1 1
10 4 2 9 2 2 1 1 1
10 4 18 9 2 2 1 1 1
10 6 0 9 2 2 1 1 1
10 6 2 9 2 2 1 1 1
10 6 18 9 2 2 1 1 1
10 8 0 9 2 2 1 1 1
10 8 2 9 2 2 1 1 1
10 8 4 9 2 2 1 1 1
10 8 6 9 2 2 1 1 1
10 8 8 9 2 2 1 1 1
10 8 10 9 2 2 1 1 1
10 8 12 9 2 2 1 1 1
10 8 14 9 2 2 1 1 1
10 8 16 9 2 2 1 1 1
10 8 18 9 2 2 1 1 1
10 0 4 3 8 7 4 1 1
10 0 11 3 8 7 4 1 1
13 0 4 3 8 7 4 1 1
13 0 11 3 8 7 4 1 1
16 0 4 3 8 7 4 1 1
16 0 11 3 8 7 4 1 1
0 10 0 9 2 2 1 1 2
0 10 2 9 2 2 1 1 2
0 10 6 9 2 2 1 1 2
0 10 10 9 2 2 1 1 2
0 10 12 9 2 2 1 1 2
0 10 18 9 2 2 1 1 2
0 12 0 9 2 2 1 1 2
0 12 2 9 2 2 1 1 2
0 12 6 9 2 2 1 1 2
0 12 10 9 2 2 1 1 2
0 12 12 9 2 2 1 1 2
0 12 18 9 2 2 1 1 2
0 14 0 9 2 2 1 1 2
0 14 2 9 2 2 1 1 2
0 14 6 9 2 2 1 1 2
0 14 10 9 2 2 1 1 2
0 14 12 9 2 2 1 1 2
0 14 18 9 2 2 1 1 2
0 16 0 9 2 2 1 1 2
0 16 2 9 2 2 1 1 2
0 16 6 9 2 2 1 1 2
0 16 10 9 2 2 1 1 2
0 16 12 9 2 2 1 1 2
0 16 18 9 2 2 1 1 2
0 18 0 9 2 2 1 1 2
0 18 2 9 2 2 1 1 2
0 18 6 9 2 2 1 1 2
0 18 10 9 2 2 1 1 2
0 18 12 9 2 2 1 1 2
0 18 18 9 2 2 1 1 2
0 10 4 5 9 2 5 1 2
0 10 8 5 9 2 5 1 2
0 10 14 5 9 2 5 1 2
0 10 16 5 9 2 5 1 2
5 10 4 5 9 2 5 1 2
5 10 8 5 9 2 5 1 2
5 10 14 5 9 2 5 1 2
5 10 16 5 9 2 5 1 2
10 18 2 9 2 2 1 1 3
10 18 4 9 2 2 1 1 3
10 18 6 9 2 2 1 1 3
10 18 8 9 2 2 1 1 3
10 18 10 9 2 2 1 1 3
10 18 12 9 2 2 1 1 3
10 18 14 9 2 2 1 1 3
10 10 2 3 8 7 4 1 3
10 10 9 3 8 7 4 1 3
13 10 2 3 8 7 4 1 3
13 10 9 3 8 7 4 1 3
16 10 2 3 8 7 4 1 3
16 10 9 3 8 7 4 1 3
10 10 0 5 9 2 5 1 3
10 10 16 5 9 2 5 1 3
10 10 18 5 9 2 5 1 3
15 10 0 5 9 2 5 1 3
15 10 16 5 9 2 5 1 3
15 10 18 5 9 2 5 1 3
