20 20 20
0 10 6 8 5 3 0
0 10 9 8 5 3 0
0 15 6 8 5 3 0
0 15 9 8 5 3 0
2 10 0 8 5 3 0
2 10 3 8 5 3 0
2 15 0 8 5 3 0
2 15 3 8 5 3 0
10 0 8 8 5 3 0
10 5 8 8 5 3 0
0 7 8 9 3 6 0
0 7 14 9 3 6 0
10 10 8 9 3 6 0
10 10 14 9 3 6 0
0 11 0 2 9 6 0
8 10 6 2 9 6 0
16 0 14 2 9 6 0
18 0 8 2 9 6 0
18 0 14 2 9 6 0
0 3 12 9 4 8 0
0 6 0 9 4 8 0
0 13 12 9 4 8 0
10 6 0 9 4 8 0
10 10 0 9 4 8 0
10 13 12 9 4 8 0
0 0 0 5 6 6 0
0 0 6 5 6 6 0
5 0 0 5 6 6 0
5 0 6 5 6 6 0
10 14 0 5 6 6 0
10 14 6 5 6 6 0
15 14 0 5 6 6 0
15 14 6 5 6 6 0
10 0 11 6 2 9 0
10 2 11 6 2 9 0
10 4 11 6 2 9 0
10 6 11 6 2 9 0
10 8 11 6 2 9 0
0 0 12 5 3 8 0
0 10 12 5 3 8 0
0 17 12 5 3 8 0
5 0 12 5 3 8 0
5 10 12 5 3 8 0
5 17 12 5 3 8 0
10 0 0 5 3 8 0
10 3 0 5 3 8 0
10 17 12 5 3 8 0
15 0 0 5 3 8 0
15 3 0 5 3 8 0
15 17 12 5 3 8 0
10 0 0 0.1 20 20 1
0 10 0 20 0.1 20 1
10 10 0 20 0.1 20 1
