20 20 20
6 2 10 4 4 3 0
6 6 6 4 4 3 0
3 10 0 5 4 9 0
3 14 0 5 4 9 0
3 14 9 5 4 9 0
10 16 2 5 4 9 0
10 16 11 5 4 9 0
15 16 0 5 4 9 0
15 16 9 5 4 9 0
3 10 9 7 4 3 0
0 0 0 4 2 2 0
0 0 2 4 2 2 0
0 0 4 4 2 2 0
0 0 6 4 2 2 0
0 0 8 4 2 2 0
0 0 10 4 2 2 0
0 0 12 4 2 2 0
0 0 14 4 2 2 0
0 0 16 4 2 2 0
0 0 18 4 2 2 0
0 10 14 4 2 2 0
0 10 16 4 2 2 0
0 10 18 4 2 2 0
0 12 14 4 2 2 0
0 12 16 4 2 2 0
0 12 18 4 2 2 0
0 14 18 4 2 2 0
0 16 18 4 2 2 0
0 18 0 4 2 2 0
0 18 2 4 2 2 0
0 18 4 4 2 2 0
0 18 6 4 2 2 0
0 18 8 4 2 2 0
0 18 10 4 2 2 0
0 18 12 4 2 2 0
0 18 14 4 2 2 0
0 18 16 4 2 2 0
0 18 18 4 2 2 0
4 0 0 4 2 2 0
4 0 2 4 2 2 0
4 0 4 4 2 2 0
4 0 6 4 2 2 0
4 0 12 4 2 2 0
4 0 14 4 2 2 0
4 0 16 4 2 2 0
4 0 18 4 2 2 0
4 10 12 4 2 2 0
4 10 14 4 2 2 0
4 10 16 4 2 2 0
4 10 18 4 2 2 0
4 12 12 4 2 2 0
4 12 14 4 2 2 0
4 12 16 4 2 2 0
4 12 18 4 2 2 0
4 14 18 4 2 2 0
4 16 18 4 2 2 0
4 18 0 4 2 2 0
4 18 2 4 2 2 0
4 18 4 4 2 2 0
4 18 6 4 2 2 0
4 18 8 4 2 2 0
4 18 10 4 2 2 0
4 18 12 4 2 2 0
4 18 14 4 2 2 0
4 18 16 4 2 2 0
4 18 18 4 2 2 0
6 0 8 4 2 2 0
6 0 10 4 2 2 0
6 2 8 4 2 2 0
6 3 0 4 2 2 0
6 3 2 4 2 2 0
6 4 8 4 2 2 0
6 6 4 4 2 2 0
6 6 9 4 2 2 0
6 6 11 4 2 2 0
6 8 0 4 2 2 0
6 8 2 4 2 2 0
6 8 4 4 2 2 0
6 8 9 4 2 2 0
6 8 11 4 2 2 0
10 0 0 4 2 2 0
10 0 2 4 2 2 0
10 0 4 4 2 2 0
10 0 6 4 2 2 0
10 0 8 4 2 2 0
10 0 10 4 2 2 0
10 0 16 4 2 2 0
10 0 18 4 2 2 0
10 2 4 4 2 2 0
10 2 18 4 2 2 0
10 4 18 4 2 2 0
10 5 0 4 2 2 0
10 6 18 4 2 2 0
10 8 10 4 2 2 0
10 8 18 4 2 2 0
10 10 0 4 2 2 0
10 10 2 4 2 2 0
10 10 8 4 2 2 0
10 10 10 4 2 2 0
10 10 12 4 2 2 0
10 10 14 4 2 2 0
10 10 16 4 2 2 0
10 10 18 4 2 2 0
10 12 0 4 2 2 0
10 12 2 4 2 2 0
10 12 8 4 2 2 0
10 12 10 4 2 2 0
10 12 12 4 2 2 0
10 12 14 4 2 2 0
10 12 16 4 2 2 0
10 12 18 4 2 2 0
10 14 0 4 2 2 0
10 14 2 4 2 2 0
10 14 8 4 2 2 0
10 14 10 4 2 2 0
10 14 12 4 2 2 0
10 14 14 4 2 2 0
10 14 16 4 2 2 0
10 14 18 4 2 2 0
10 16 0 4 2 2 0
10 18 0 4 2 2 0
12 0 14 4 2 2 0
12 2 14 4 2 2 0
12 4 14 4 2 2 0
12 6 14 4 2 2 0
12 8 0 4 2 2 0
12 8 2 4 2 2 0
12 8 4 4 2 2 0
12 8 6 4 2 2 0
12 8 8 4 2 2 0
12 8 12 4 2 2 0
12 8 14 4 2 2 0
14 0 16 4 2 2 0
14 0 18 4 2 2 0
14 2 18 4 2 2 0
14 4 18 4 2 2 0
14 6 18 4 2 2 0
14 8 18 4 2 2 0
14 10 0 4 2 2 0
14 10 2 4 2 2 0
14 10 4 4 2 2 0
14 10 6 4 2 2 0
14 10 8 4 2 2 0
14 10 14 4 2 2 0
14 12 0 4 2 2 0
14 12 2 4 2 2 0
14 12 4 4 2 2 0
14 12 6 4 2 2 0
14 12 8 4 2 2 0
14 12 14 4 2 2 0
14 14 0 4 2 2 0
14 14 2 4 2 2 0
14 14 4 4 2 2 0
14 14 6 4 2 2 0
14 14 8 4 2 2 0
14 14 14 4 2 2 0
16 0 14 4 2 2 0
16 2 14 4 2 2 0
16 4 14 4 2 2 0
16 6 14 4 2 2 0
16 8 0 4 2 2 0
16 8 2 4 2 2 0
16 8 4 4 2 2 0
16 8 6 4 2 2 0
16 8 8 4 2 2 0
16 8 10 4 2 2 0
16 8 12 4 2 2 0
16 8 14 4 2 2 0
16 10 16 4 2 2 0
16 10 18 4 2 2 0
16 12 16 4 2 2 0
16 12 18 4 2 2 0
16 14 16 4 2 2 0
16 14 18 4 2 2 0
16 16 18 4 2 2 0
16 18 18 4 2 2 0
0 2 0 3 8 7 0
0 2 7 3 8 7 0
0 10 0 3 8 7 0
0 10 7 3 8 7 0
3 2 0 3 8 7 0
3 2 7 3 8 7 0
7 2 13 3 8 7 0
14 0 0 3 8 7 0
14 0 7 3 8 7 0
17 0 0 3 8 7 0
17 0 7 3 8 7 0
0 2 14 7 8 2 0
0 2 16 7 8 2 0
0 2 18 7 8 2 0
10 2 16 7 8 2 0
0 15 14 2 3 4 0
6 2 4 2 3 4 0
6 5 0 2 3 4 0
8 0 0 2 3 4 0
8 0 4 2 3 4 0
8 3 4 2 3 4 0
8 5 0 2 3 4 0
8 10 0 2 3 4 0
8 10 5 2 3 4 0
8 10 12 2 3 4 0
8 10 16 2 3 4 0
8 14 0 2 3 4 0
8 14 4 2 3 4 0
8 14 8 2 3 4 0
8 14 12 2 3 4 0
8 14 16 2 3 4 0
8 17 0 2 3 4 0
8 17 4 2 3 4 0
8 17 8 2 3 4 0
8 17 12 2 3 4 0
8 17 16 2 3 4 0
10 0 12 2 3 4 0
10 2 0 2 3 4 0
10 2 8 2 3 4 0
10 4 4 2 3 4 0
10 4 12 2 3 4 0
10 5 8 2 3 4 0
10 7 0 2 3 4 0
10 7 4 2 3 4 0
10 7 12 2 3 4 0
10 10 4 2 3 4 0
10 13 4 2 3 4 0
12 2 0 2 3 4 0
12 2 6 2 3 4 0
12 2 10 2 3 4 0
12 5 2 2 3 4 0
12 5 6 2 3 4 0
12 5 10 2 3 4 0
12 10 4 2 3 4 0
12 13 4 2 3 4 0
14 10 10 2 3 4 0
14 10 16 2 3 4 0
14 13 10 2 3 4 0
14 13 16 2 3 4 0
16 10 10 2 3 4 0
16 13 10 2 3 4 0
18 0 16 2 3 4 0
18 3 16 2 3 4 0
18 7 16 2 3 4 0
18 10 0 2 3 4 0
18 10 4 2 3 4 0
18 10 8 2 3 4 0
18 10 12 2 3 4 0
18 13 0 2 3 4 0
18 13 4 2 3 4 0
18 13 8 2 3 4 0
18 13 12 2 3 4 0
10 0 0 0.1 20 20 1
0 10 0 20 0.1 20 1
10 10 0 20 0.1 20 1
