20 20 20
0 10 2 2 4 8 0
0 14 2 2 4 8 0
2 10 2 2 4 8 0
2 14 2 2 4 8 0
4 0 2 2 4 8 0
6 0 2 2 4 8 0
6 10 12 2 4 8 0
6 14 12 2 4 8 0
8 0 2 2 4 8 0
8 10 12 2 4 8 0
8 14 12 2 4 8 0
16 0 0 2 4 8 0
16 0 8 2 4 8 0
16 4 0 2 4 8 0
16 4 8 2 4 8 0
16 12 0 2 4 8 0
16 12 8 2 4 8 0
16 16 0 2 4 8 0
16 16 8 2 4 8 0
18 0 0 2 4 8 0
18 0 8 2 4 8 0
18 4 0 2 4 8 0
18 4 8 2 4 8 0
18 12 0 2 4 8 0
18 12 8 2 4 8 0
18 16 0 2 4 8 0
18 16 8 2 4 8 0
0 0 2 4 6 8 0
0 0 0 3 7 2 0
0 10 0 3 7 2 0
0 10 10 3 7 2 0
0 10 18 3 7 2 0
3 10 18 3 7 2 0
4 0 0 3 7 2 0
7 0 0 3 7 2 0
10 0 6 3 7 2 0
10 13 6 3 7 2 0
13 0 6 3 7 2 0
13 13 6 3 7 2 0
16 12 16 3 7 2 0
16 12 18 3 7 2 0
17 0 16 3 7 2 0
17 0 18 3 7 2 0
0 4 11 4 2 9 0
0 6 2 4 2 9 0
0 6 11 4 2 9 0
0 0 10 5 2 5 0
0 0 15 5 2 5 0
0 2 10 5 2 5 0
0 2 15 5 2 5 0
0 8 0 5 2 5 0
0 8 5 5 2 5 0
0 8 10 5 2 5 0
0 8 15 5 2 5 0
0 18 0 5 2 5 0
0 18 5 5 2 5 0
0 18 10 5 2 5 0
0 18 15 5 2 5 0
5 0 10 5 2 5 0
5 0 15 5 2 5 0
5 2 10 5 2 5 0
5 2 15 5 2 5 0
5 8 0 5 2 5 0
5 8 5 5 2 5 0
5 8 10 5 2 5 0
5 8 15 5 2 5 0
5 18 0 5 2 5 0
5 18 5 5 2 5 0
5 18 10 5 2 5 0
5 18 15 5 2 5 0
10 8 0 5 2 5 0
10 8 5 5 2 5 0
10 8 10 5 2 5 0
10 8 15 5 2 5 0
10 10 0 5 2 5 0
10 10 5 5 2 5 0
10 10 10 5 2 5 0
10 10 15 5 2 5 0
15 8 0 5 2 5 0
15 8 5 5 2 5 0
15 8 10 5 2 5 0
15 8 15 5 2 5 0
15 10 0 5 2 5 0
15 10 5 5 2 5 0
15 10 10 5 2 5 0
15 10 15 5 2 5 0
0 10 12 6 4 6 0
0 14 12 6 4 6 0
4 4 2 6 4 6 0
4 4 8 6 4 6 0
4 4 14 6 4 6 0
4 10 0 6 4 6 0
4 10 6 6 4 6 0
4 14 0 6 4 6 0
4 14 6 6 4 6 0
10 0 0 6 4 6 0
10 0 8 6 4 6 0
10 0 14 6 4 6 0
10 4 0 6 4 6 0
10 4 8 6 4 6 0
10 4 14 6 4 6 0
10 12 0 6 4 6 0
10 12 8 6 4 6 0
10 12 14 6 4 6 0
10 16 0 6 4 6 0
10 16 8 6 4 6 0
10 16 14 6 4 6 0
10 0 0 0.1 20 20 1
0 10 0 20 0.1 20 1
10 10 0 20 0.1 20 1
