20 20 20
0 0 14 5 3 3 0
0 0 17 5 3 3 0
0 2 0 5 3 3 0
0 2 3 5 3 3 0
0 2 8 5 3 3 0
0 2 11 5 3 3 0
0 3 14 5 3 3 0
0 3 17 5 3 3 0
0 5 0 5 3 3 0
0 5 3 5 3 3 0
0 7 8 5 3 3 0
0 7 11 5 3 3 0
0 12 14 5 3 3 0
0 12 17 5 3 3 0
0 17 14 5 3 3 0
0 17 17 5 3 3 0
5 0 14 5 3 3 0
5 0 17 5 3 3 0
5 2 0 5 3 3 0
5 2 3 5 3 3 0
5 2 8 5 3 3 0
5 2 11 5 3 3 0
5 3 14 5 3 3 0
5 3 17 5 3 3 0
5 5 0 5 3 3 0
5 5 3 5 3 3 0
5 7 8 5 3 3 0
5 7 11 5 3 3 0
5 12 14 5 3 3 0
5 12 17 5 3 3 0
5 17 14 5 3 3 0
5 17 17 5 3 3 0
10 0 2 5 3 3 0
10 0 5 5 3 3 0
10 0 8 5 3 3 0
10 0 11 5 3 3 0
10 0 14 5 3 3 0
10 0 17 5 3 3 0
10 7 2 5 3 3 0
10 7 5 5 3 3 0
10 7 8 5 3 3 0
10 7 11 5 3 3 0
10 7 14 5 3 3 0
10 7 17 5 3 3 0
15 0 2 5 3 3 0
15 0 5 5 3 3 0
15 0 8 5 3 3 0
15 0 11 5 3 3 0
15 0 14 5 3 3 0
15 0 17 5 3 3 0
15 7 2 5 3 3 0
15 7 5 5 3 3 0
15 7 8 5 3 3 0
15 7 11 5 3 3 0
15 7 14 5 3 3 0
15 7 17 5 3 3 0
0 12 0 4 8 7 0
3 12 7 4 8 7 0
16 10 6 4 8 7 0
16 10 13 4 8 7 0
0 0 6 5 9 2 0
5 0 6 5 9 2 0
10 0 0 5 9 2 0
15 0 0 5 9 2 0
0 5 8 6 2 3 0
0 5 11 6 2 3 0
0 8 14 6 2 3 0
0 8 17 6 2 3 0
2 0 0 6 2 3 0
2 0 3 6 2 3 0
2 0 8 6 2 3 0
2 0 11 6 2 3 0
2 8 0 6 2 3 0
2 8 3 6 2 3 0
4 6 14 6 2 3 0
4 6 17 6 2 3 0
4 15 14 6 2 3 0
4 15 17 6 2 3 0
12 3 2 6 2 3 0
12 3 5 6 2 3 0
12 5 2 6 2 3 0
12 5 5 6 2 3 0
12 10 0 6 2 3 0
12 10 3 6 2 3 0
0 10 0 3 2 7 0
0 10 7 3 2 7 0
0 12 7 3 2 7 0
0 14 7 3 2 7 0
0 16 7 3 2 7 0
0 18 7 3 2 7 0
3 10 0 3 2 7 0
4 10 13 3 2 7 0
4 12 0 3 2 7 0
4 14 0 3 2 7 0
4 16 0 3 2 7 0
4 18 0 3 2 7 0
7 10 6 3 2 7 0
7 10 13 3 2 7 0
7 12 0 3 2 7 0
7 12 7 3 2 7 0
7 14 0 3 2 7 0
7 14 7 3 2 7 0
7 16 0 3 2 7 0
7 16 7 3 2 7 0
7 18 0 3 2 7 0
7 18 7 3 2 7 0
10 10 6 3 2 7 0
10 10 13 3 2 7 0
10 12 0 3 2 7 0
10 12 7 3 2 7 0
10 14 0 3 2 7 0
10 14 7 3 2 7 0
10 16 0 3 2 7 0
10 16 7 3 2 7 0
10 18 0 3 2 7 0
10 18 7 3 2 7 0
13 10 6 3 2 7 0
13 10 13 3 2 7 0
13 12 0 3 2 7 0
13 12 7 3 2 7 0
13 14 0 3 2 7 0
13 14 7 3 2 7 0
13 16 0 3 2 7 0
13 16 7 3 2 7 0
13 18 0 3 2 7 0
14 18 13 3 2 7 0
17 18 6 3 2 7 0
17 18 13 3 2 7 0
0 0 0 2 2 6 0
0 0 8 2 2 6 0
0 6 14 2 2 6 0
0 8 0 2 2 6 0
0 10 14 2 2 6 0
0 15 14 2 2 6 0
2 6 14 2 2 6 0
2 10 14 2 2 6 0
2 15 14 2 2 6 0
3 10 7 2 2 6 0
5 10 7 2 2 6 0
6 5 8 2 2 6 0
6 8 14 2 2 6 0
6 10 0 2 2 6 0
8 0 0 2 2 6 0
8 0 8 2 2 6 0
8 5 8 2 2 6 0
8 8 0 2 2 6 0
8 8 14 2 2 6 0
8 10 0 2 2 6 0
10 3 2 2 2 6 0
10 3 8 2 2 6 0
10 3 14 2 2 6 0
10 5 2 2 2 6 0
10 5 8 2 2 6 0
10 5 14 2 2 6 0
10 10 0 2 2 6 0
10 12 14 2 2 6 0
10 14 14 2 2 6 0
10 16 14 2 2 6 0
10 18 14 2 2 6 0
12 3 8 2 2 6 0
12 3 14 2 2 6 0
12 5 8 2 2 6 0
12 5 14 2 2 6 0
12 12 14 2 2 6 0
12 14 14 2 2 6 0
12 16 14 2 2 6 0
12 18 14 2 2 6 0
13 18 7 2 2 6 0
14 3 8 2 2 6 0
14 3 14 2 2 6 0
14 5 8 2 2 6 0
14 5 14 2 2 6 0
14 12 14 2 2 6 0
14 14 14 2 2 6 0
14 16 14 2 2 6 0
15 18 7 2 2 6 0
16 3 8 2 2 6 0
16 3 14 2 2 6 0
16 5 8 2 2 6 0
16 5 14 2 2 6 0
16 12 0 2 2 6 0
16 14 0 2 2 6 0
16 16 0 2 2 6 0
16 18 0 2 2 6 0
18 3 2 2 2 6 0
18 3 8 2 2 6 0
18 3 14 2 2 6 0
18 5 2 2 2 6 0
18 5 8 2 2 6 0
18 5 14 2 2 6 0
18 10 0 2 2 6 0
18 12 0 2 2 6 0
18 14 0 2 2 6 0
18 16 0 2 2 6 0
18 18 0 2 2 6 0
10 0 0 0.1 20 20 1
0 10 0 20 0.1 20 1
10 10 0 20 0.1 20 1
