20 20 20
0 0 16 5 4 4 0
0 6 0 5 4 4 0
0 10 8 5 4 4 0
0 16 0 5 4 4 0
0 16 12 5 4 4 0
0 16 16 5 4 4 0
5 0 16 5 4 4 0
5 6 0 5 4 4 0
5 10 8 5 4 4 0
5 16 0 5 4 4 0
5 16 12 5 4 4 0
5 16 16 5 4 4 0
10 0 8 5 4 4 0
10 10 16 5 4 4 0
10 16 0 5 4 4 0
15 0 8 5 4 4 0
15 10 16 5 4 4 0
15 16 0 5 4 4 0
10 0 14 5 9 6 0
15 0 14 5 9 6 0
10 4 7 9 3 7 0
11 4 0 9 3 7 0
11 7 0 9 3 7 0
11 7 7 9 3 7 0
0 0 4 2 4 8 0
0 6 4 2 4 8 0
0 6 12 2 4 8 0
0 10 0 2 4 8 0
0 10 12 2 4 8 0
0 16 4 2 4 8 0
2 0 4 2 4 8 0
4 0 4 2 4 8 0
6 0 4 2 4 8 0
8 0 0 2 4 8 0
8 0 8 2 4 8 0
10 0 0 2 4 8 0
10 10 0 2 4 8 0
10 10 8 2 4 8 0
10 16 4 2 4 8 0
10 16 12 2 4 8 0
12 0 0 2 4 8 0
12 10 4 2 4 8 0
14 0 0 2 4 8 0
14 10 4 2 4 8 0
16 0 0 2 4 8 0
16 10 4 2 4 8 0
18 0 0 2 4 8 0
18 10 4 2 4 8 0
0 0 0 8 6 4 0
0 0 12 8 6 4 0
2 4 4 8 6 4 0
2 4 8 8 6 4 0
2 4 16 8 6 4 0
2 10 0 8 6 4 0
2 10 12 8 6 4 0
2 10 16 8 6 4 0
2 14 8 8 6 4 0
12 10 0 8 6 4 0
12 14 4 8 6 4 0
12 14 8 8 6 4 0
12 14 12 8 6 4 0
12 14 16 8 6 4 0
2 11 4 8 9 4 0
3 6 12 7 4 2 0
3 6 14 7 4 2 0
13 0 12 7 4 2 0
13 10 12 7 4 2 0
13 10 14 7 4 2 0
10 0 0 0.1 20 20 1
0 10 0 20 0.1 20 1
10 10 0 20 0.1 20 1
