20 20 20
0 7 0 4 3 4 0
0 7 4 4 3 4 0
0 10 4 4 3 4 0
0 10 8 4 3 4 0
0 10 12 4 3 4 0
0 10 16 4 3 4 0
0 13 4 4 3 4 0
0 13 8 4 3 4 0
0 13 12 4 3 4 0
0 13 16 4 3 4 0
0 17 0 4 3 4 0
2 0 0 4 3 4 0
4 7 4 4 3 4 0
6 0 0 4 3 4 0
6 0 4 4 3 4 0
6 0 8 4 3 4 0
6 7 12 4 3 4 0
6 7 16 4 3 4 0
10 7 0 4 3 4 0
10 7 16 4 3 4 0
10 14 16 4 3 4 0
10 17 16 4 3 4 0
12 0 16 4 3 4 0
16 0 4 4 3 4 0
16 0 8 4 3 4 0
16 0 12 4 3 4 0
16 0 16 4 3 4 0
16 3 4 4 3 4 0
16 3 8 4 3 4 0
16 3 12 4 3 4 0
16 3 16 4 3 4 0
16 10 4 4 3 4 0
16 14 0 4 3 4 0
16 17 0 4 3 4 0
16 17 8 4 3 4 0
16 17 12 4 3 4 0
0 16 4 2 4 2 0
0 16 6 2 4 2 0
2 3 0 2 4 2 0
2 3 2 2 4 2 0
2 16 4 2 4 2 0
2 16 6 2 4 2 0
4 12 8 2 4 2 0
4 12 10 2 4 2 0
4 12 12 2 4 2 0
6 3 4 2 4 2 0
6 3 6 2 4 2 0
6 12 8 2 4 2 0
6 12 10 2 4 2 0
6 12 12 2 4 2 0
6 16 8 2 4 2 0
6 16 10 2 4 2 0
6 16 12 2 4 2 0
6 16 14 2 4 2 0
6 16 16 2 4 2 0
6 16 18 2 4 2 0
8 12 8 2 4 2 0
8 12 10 2 4 2 0
8 12 12 2 4 2 0
8 16 8 2 4 2 0
8 16 10 2 4 2 0
8 16 12 2 4 2 0
8 16 14 2 4 2 0
8 16 16 2 4 2 0
8 16 18 2 4 2 0
10 0 4 2 4 2 0
10 0 6 2 4 2 0
10 0 8 2 4 2 0
10 2 10 2 4 2 0
10 2 12 2 4 2 0
10 2 14 2 4 2 0
10 4 4 2 4 2 0
10 4 6 2 4 2 0
10 4 8 2 4 2 0
10 6 10 2 4 2 0
10 6 12 2 4 2 0
10 6 14 2 4 2 0
10 10 16 2 4 2 0
10 10 18 2 4 2 0
12 0 4 2 4 2 0
12 0 6 2 4 2 0
12 0 8 2 4 2 0
12 2 10 2 4 2 0
12 2 12 2 4 2 0
12 2 14 2 4 2 0
12 3 16 2 4 2 0
12 3 18 2 4 2 0
12 4 4 2 4 2 0
12 4 6 2 4 2 0
12 4 8 2 4 2 0
12 6 10 2 4 2 0
12 6 12 2 4 2 0
12 6 14 2 4 2 0
12 10 16 2 4 2 0
12 10 18 2 4 2 0
14 0 4 2 4 2 0
14 0 6 2 4 2 0
14 0 8 2 4 2 0
14 2 10 2 4 2 0
14 2 12 2 4 2 0
14 2 14 2 4 2 0
14 4 4 2 4 2 0
14 4 6 2 4 2 0
14 4 8 2 4 2 0
14 6 10 2 4 2 0
14 6 12 2 4 2 0
14 6 14 2 4 2 0
16 6 4 2 4 2 0
16 6 6 2 4 2 0
16 6 8 2 4 2 0
16 6 10 2 4 2 0
16 6 12 2 4 2 0
16 6 14 2 4 2 0
16 6 16 2 4 2 0
16 6 18 2 4 2 0
16 10 0 2 4 2 0
16 10 2 2 4 2 0
18 6 4 2 4 2 0
18 6 6 2 4 2 0
18 6 8 2 4 2 0
18 6 10 2 4 2 0
18 6 12 2 4 2 0
18 6 14 2 4 2 0
18 6 16 2 4 2 0
18 6 18 2 4 2 0
18 10 0 2 4 2 0
18 10 2 2 4 2 0
0 0 8 6 5 4 0
0 0 12 6 5 4 0
0 0 16 6 5 4 0
0 5 8 6 5 4 0
0 5 12 6 5 4 0
0 5 16 6 5 4 0
4 10 0 6 5 4 0
4 10 4 6 5 4 0
4 15 0 6 5 4 0
4 15 4 6 5 4 0
10 10 0 6 5 4 0
10 10 4 6 5 4 0
10 10 8 6 5 4 0
10 10 12 6 5 4 0
10 15 0 6 5 4 0
10 15 4 6 5 4 0
10 15 8 6 5 4 0
10 15 12 6 5 4 0
14 0 0 6 5 4 0
14 5 0 6 5 4 0
14 10 16 6 5 4 0
14 15 16 6 5 4 0
0 0 4 3 7 4 0
3 0 4 3 7 4 0
4 3 0 3 7 4 0
7 3 0 3 7 4 0
0 16 8 6 2 6 0
0 16 14 6 2 6 0
0 18 8 6 2 6 0
0 18 14 6 2 6 0
4 10 8 6 2 6 0
4 10 14 6 2 6 0
4 12 14 6 2 6 0
4 14 14 6 2 6 0
10 0 10 6 2 6 0
10 8 4 6 2 6 0
0 0 0 2 7 4 0
0 10 0 2 7 4 0
2 10 0 2 7 4 0
6 0 12 2 7 4 0
6 0 16 2 7 4 0
6 3 8 2 7 4 0
8 0 12 2 7 4 0
8 0 16 2 7 4 0
8 3 4 2 7 4 0
8 3 8 2 7 4 0
10 0 0 2 7 4 0
10 0 16 2 7 4 0
12 0 0 2 7 4 0
14 3 16 2 7 4 0
16 10 8 2 7 4 0
16 10 12 2 7 4 0
16 13 4 2 7 4 0
18 10 8 2 7 4 0
18 10 12 2 7 4 0
18 13 4 2 7 4 0
10 0 0 0.1 20 20 1
0 10 0 20 0.1 20 1
10 10 0 20 0.1 20 1
