4
5 5 10
5 5 10
5 5 10
5 5 10
0 0 0 4 1 4 0 1 0
0 0 4 4 1 4 0 1 0
0 0 8 4 3 1 1 1 0
0 0 9 4 3 1 1 1 0
0 3 8 3 2 2 2 2 0
0 1 4 4 4 2 3 2 0
0 1 6 4 4 2 3 2 0
0 1 0 4 4 4 4 7 0
6 0 0 4 1 4 0 1 1
6 0 4 4 1 4 0 1 1
6 0 8 4 3 1 1 1 1
6 0 9 4 3 1 1 1 1
7 3 8 3 2 2 2 2 1
6 1 0 4 4 2 3 2 1
6 1 2 4 4 2 3 2 1
6 1 4 4 4 2 3 2 1
6 1 6 4 4 2 3 2 1
0 5 2 4 1 4 0 1 2
0 5 6 4 1 4 0 1 2
0 6 2 4 1 4 0 1 2
0 6 6 4 1 4 0 1 2
0 7 2 4 1 4 0 1 2
0 7 6 4 1 4 0 1 2
0 8 2 4 1 4 0 1 2
0 8 6 4 1 4 0 1 2
0 9 0 4 1 4 0 1 2
0 9 4 4 1 4 0 1 2
0 5 0 4 4 2 3 2 2
6 5 2 4 1 4 0 1 3
6 5 6 4 1 4 0 1 3
6 6 6 4 1 4 0 1 3
6 7 6 4 1 4 0 1 3
6 8 6 4 1 4 0 1 3
6 9 0 4 1 4 0 1 3
6 9 4 4 1 4 0 1 3
6 6 2 4 3 1 1 1 3
6 6 3 4 3 1 1 1 3
6 6 4 4 3 1 1 1 3
6 6 5 4 3 1 1 1 3
6 5 0 4 4 2 3 2 3
