4
10 10 10
10 10 10
10 10 10
10 10 10
0 0 0 4 4 3 4 2 0
0 0 3 4 4 3 4 2 0
0 0 6 4 4 3 4 2 0
0 4 0 4 4 3 4 2 0
4 0 0 4 4 3 4 2 0
14 0 0 3 4 3 2 1 1
14 0 3 3 4 3 2 1 1
14 0 6 3 4 3 2 1 1
17 0 0 3 4 3 2 1 1
17 0 3 3 4 3 2 1 1
17 0 6 3 4 3 2 1 1
10 0 0 4 4 3 4 2 1
10 0 3 4 4 3 4 2 1
10 0 6 4 4 3 4 2 1
10 4 0 4 4 3 4 2 1
10 4 3 4 4 3 4 2 1
0 10 0 3 3 2 1 0 2
0 13 0 3 3 2 1 0 2
0 16 0 3 3 2 1 0 2
3 10 0 3 3 2 1 0 2
10 13 6 3 4 3 2 1 3
10 16 0 3 4 3 2 1 3
10 16 3 3 4 3 2 1 3
14 10 2 3 4 3 2 1 3
10 10 0 4 3 2 3 1 3
10 10 2 4 3 2 3 1 3
10 10 4 4 3 2 3 1 3
10 10 6 4 3 2 3 1 3
10 10 8 4 3 2 3 1 3
10 13 0 4 3 2 3 1 3
10 13 2 4 3 2 3 1 3
10 13 4 4 3 2 3 1 3
14 10 0 4 3 2 3 1 3
14 13 0 4 3 2 3 1 3
