4
15 15 30
15 15 30
15 15 30
15 15 30
0 0 0 8 11 10 1 9 0
0 0 10 8 11 10 1 9 0
0 0 20 8 11 10 1 9 0
8 0 0 7 9 10 4 14 0
8 0 10 7 9 10 4 14 0
8 0 20 7 9 10 4 14 0
22 0 0 8 11 10 1 9 1
22 0 10 8 11 10 1 9 1
22 0 20 8 11 10 1 9 1
15 0 0 7 9 10 4 14 1
15 0 10 7 9 10 4 14 1
15 0 20 7 9 10 4 14 1
0 15 0 8 11 10 1 9 2
0 15 10 8 11 10 1 9 2
0 15 20 8 11 10 1 9 2
8 15 0 7 9 10 4 14 2
8 15 10 7 9 10 4 14 2
8 15 20 7 9 10 4 14 2
22 15 0 8 11 10 1 9 3
22 15 10 8 11 10 1 9 3
22 15 20 8 11 10 1 9 3
15 15 0 7 9 10 4 14 3
15 15 10 7 9 10 4 14 3
15 15 20 7 9 10 4 14 3
