4
15 15 30
15 15 30
15 15 30
15 15 30
0 0 0 5 8 10 1 7 0
0 0 10 5 8 10 1 7 0
0 0 20 5 8 10 1 7 0
5 0 0 5 8 10 1 7 0
5 0 10 5 8 10 1 7 0
5 0 20 5 8 10 1 7 0
10 0 0 5 8 10 1 7 0
10 0 10 5 8 10 1 7 0
10 0 20 5 8 10 1 7 0
16 0 0 14 3 11 2 9 1
16 0 11 14 3 11 2 9 1
16 3 0 14 3 11 2 9 1
16 3 11 14 3 11 2 9 1
16 6 0 14 3 11 2 9 1
16 6 11 14 3 11 2 9 1
16 9 0 14 3 11 2 9 1
16 9 11 14 3 11 2 9 1
16 12 0 14 3 11 2 9 1
16 12 11 14 3 11 2 9 1
0 15 0 14 3 11 2 9 2
0 15 11 14 3 11 2 9 2
0 18 0 14 3 11 2 9 2
0 18 11 14 3 11 2 9 2
0 21 0 14 3 11 2 9 2
0 21 11 14 3 11 2 9 2
0 24 0 14 3 11 2 9 2
0 24 11 14 3 11 2 9 2
0 27 0 14 3 11 2 9 2
0 27 11 14 3 11 2 9 2
16 15 0 14 3 11 2 9 3
16 15 11 14 3 11 2 9 3
16 18 0 14 3 11 2 9 3
16 18 11 14 3 11 2 9 3
16 21 0 14 3 11 2 9 3
16 21 11 14 3 11 2 9 3
16 24 0 14 3 11 2 9 3
16 24 11 14 3 11 2 9 3
16 27 0 14 3 11 2 9 3
16 27 11 14 3 11 2 9 3
