4
15 15 30
15 15 30
15 15 30
15 15 30
0 0 0 6 7 14 3 26 0
0 0 14 6 7 14 3 26 0
0 7 0 6 7 14 3 26 0
0 7 14 6 7 14 3 26 0
6 0 0 6 7 14 3 26 0
6 0 14 6 7 14 3 26 0
6 7 0 6 7 14 3 26 0
6 7 14 6 7 14 3 26 0
24 0 0 6 7 14 3 26 1
24 0 14 6 7 14 3 26 1
24 7 0 6 7 14 3 26 1
24 7 14 6 7 14 3 26 1
18 0 0 6 7 14 3 26 1
18 0 14 6 7 14 3 26 1
18 7 0 6 7 14 3 26 1
18 7 14 6 7 14 3 26 1
0 15 0 6 7 14 3 26 2
0 15 14 6 7 14 3 26 2
0 22 0 6 7 14 3 26 2
0 22 14 6 7 14 3 26 2
6 15 0 6 7 14 3 26 2
6 15 14 6 7 14 3 26 2
6 22 0 6 7 14 3 26 2
6 22 14 6 7 14 3 26 2
26 15 0 4 12 14 1 7 3
26 15 14 4 12 14 1 7 3
22 15 0 4 12 14 1 7 3
22 15 14 4 12 14 1 7 3
18 15 0 4 12 14 1 7 3
18 15 14 4 12 14 1 7 3
