4
10 10 20
10 10 20
10 10 20
10 10 20
0 0 16 3 6 4 1 2 0
0 0 0 5 9 8 3 11 0
0 0 8 5 9 8 3 11 0
5 0 0 5 9 8 3 11 0
5 0 8 5 9 8 3 11 0
11 0 0 9 9 2 0 1 1
11 0 2 9 9 2 0 1 1
11 0 4 9 9 2 0 1 1
11 0 6 9 9 2 0 1 1
11 0 8 9 9 2 0 1 1
11 0 10 9 9 2 0 1 1
11 0 12 9 9 2 0 1 1
11 0 14 9 9 2 0 1 1
11 0 16 9 9 2 0 1 1
11 0 18 9 9 2 0 1 1
0 10 0 9 8 4 2 9 2
0 10 4 9 8 4 2 9 2
0 10 8 9 8 4 2 9 2
0 10 12 9 8 4 2 9 2
0 10 16 9 8 4 2 9 2
17 10 16 3 6 4 1 2 3
15 10 0 5 9 8 3 11 3
15 10 8 5 9 8 3 11 3
10 10 0 5 9 8 3 11 3
10 10 8 5 9 8 3 11 3
