4
10 10 20
10 10 20
10 10 20
10 10 20
0 0 0 7 5 8 0 0 0
0 0 8 7 5 8 0 0 0
0 5 0 7 5 8 0 0 0
0 5 8 7 5 8 0 0 0
13 0 0 7 3 4 1 7 1
13 0 4 7 3 4 1 7 1
13 0 8 7 3 4 1 7 1
13 0 12 7 3 4 1 7 1
13 0 16 7 3 4 1 7 1
13 3 0 7 3 4 1 7 1
13 3 4 7 3 4 1 7 1
13 3 8 7 3 4 1 7 1
13 3 12 7 3 4 1 7 1
13 3 16 7 3 4 1 7 1
13 6 0 7 3 4 1 7 1
13 6 4 7 3 4 1 7 1
13 6 8 7 3 4 1 7 1
13 6 12 7 3 4 1 7 1
13 6 16 7 3 4 1 7 1
0 10 0 7 3 4 1 7 2
0 10 4 7 3 4 1 7 2
0 10 8 7 3 4 1 7 2
0 10 12 7 3 4 1 7 2
0 10 16 7 3 4 1 7 2
0 13 0 7 3 4 1 7 2
0 13 4 7 3 4 1 7 2
0 13 8 7 3 4 1 7 2
0 13 12 7 3 4 1 7 2
0 13 16 7 3 4 1 7 2
0 16 0 7 3 4 1 7 2
0 16 4 7 3 4 1 7 2
0 16 8 7 3 4 1 7 2
0 16 12 7 3 4 1 7 2
0 16 16 7 3 4 1 7 2
13 10 0 7 5 8 0 0 3
13 10 8 7 5 8 0 0 3
13 15 0 7 5 8 0 0 3
13 15 8 7 5 8 0 0 3
