4
10 10 20
10 10 20
10 10 20
10 10 20
0 0 0 3 5 5 2 6 0
0 0 5 3 5 5 2 6 0
0 0 10 3 5 5 2 6 0
0 0 15 3 5 5 2 6 0
0 5 0 3 5 5 2 6 0
0 5 5 3 5 5 2 6 0
0 5 10 3 5 5 2 6 0
0 5 15 3 5 5 2 6 0
3 0 0 3 5 5 2 6 0
3 0 5 3 5 5 2 6 0
3 0 10 3 5 5 2 6 0
3 0 15 3 5 5 2 6 0
3 5 0 3 5 5 2 6 0
3 5 5 3 5 5 2 6 0
3 5 10 3 5 5 2 6 0
3 5 15 3 5 5 2 6 0
6 0 0 3 5 5 2 6 0
6 0 5 3 5 5 2 6 0
6 0 10 3 5 5 2 6 0
6 0 15 3 5 5 2 6 0
6 5 0 3 5 5 2 6 0
6 5 5 3 5 5 2 6 0
6 5 10 3 5 5 2 6 0
6 5 15 3 5 5 2 6 0
11 0 0 9 2 2 0 1 1
11 0 2 9 2 2 0 1 1
11 0 4 9 2 2 0 1 1
11 0 6 9 2 2 0 1 1
11 0 8 9 2 2 0 1 1
11 0 10 9 2 2 0 1 1
11 0 12 9 2 2 0 1 1
11 0 14 9 2 2 0 1 1
11 0 16 9 2 2 0 1 1
11 0 18 9 2 2 0 1 1
11 2 0 9 2 2 0 1 1
11 2 2 9 2 2 0 1 1
11 2 4 9 2 2 0 1 1
11 2 6 9 2 2 0 1 1
11 2 8 9 2 2 0 1 1
11 2 10 9 2 2 0 1 1
11 2 12 9 2 2 0 1 1
11 2 14 9 2 2 0 1 1
11 2 16 9 2 2 0 1 1
11 2 18 9 2 2 0 1 1
11 4 0 9 2 2 0 1 1
11 4 2 9 2 2 0 1 1
11 4 4 9 2 2 0 1 1
11 4 6 9 2 2 0 1 1
11 4 8 9 2 2 0 1 1
11 4 10 9 2 2 0 1 1
11 4 12 9 2 2 0 1 1
11 4 14 9 2 2 0 1 1
11 4 16 9 2 2 0 1 1
11 4 18 9 2 2 0 1 1
11 6 0 9 2 2 0 1 1
11 6 2 9 2 2 0 1 1
11 6 4 9 2 2 0 1 1
11 6 6 9 2 2 0 1 1
11 6 8 9 2 2 0 1 1
11 6 10 9 2 2 0 1 1
11 6 12 9 2 2 0 1 1
11 6 14 9 2 2 0 1 1
11 6 16 9 2 2 0 1 1
11 6 18 9 2 2 0 1 1
11 8 0 9 2 2 0 1 1
11 8 2 9 2 2 0 1 1
11 8 4 9 2 2 0 1 1
11 8 6 9 2 2 0 1 1
11 8 8 9 2 2 0 1 1
11 8 10 9 2 2 0 1 1
11 8 12 9 2 2 0 1 1
11 8 14 9 2 2 0 1 1
11 8 16 9 2 2 0 1 1
11 8 18 9 2 2 0 1 1
0 10 0 5 9 2 1 4 2
0 10 2 5 9 2 1 4 2
0 10 4 5 9 2 1 4 2
0 10 6 5 9 2 1 4 2
0 10 8 5 9 2 1 4 2
0 10 10 5 9 2 1 4 2
0 10 12 5 9 2 1 4 2
0 10 14 5 9 2 1 4 2
0 10 16 5 9 2 1 4 2
0 10 18 5 9 2 1 4 2
5 10 0 5 9 2 1 4 2
5 10 2 5 9 2 1 4 2
5 10 4 5 9 2 1 4 2
5 10 6 5 9 2 1 4 2
5 10 8 5 9 2 1 4 2
5 10 10 5 9 2 1 4 2
5 10 12 5 9 2 1 4 2
5 10 14 5 9 2 1 4 2
5 10 16 5 9 2 1 4 2
5 10 18 5 9 2 1 4 2
17 10 0 3 5 5 2 6 3
17 10 5 3 5 5 2 6 3
17 10 10 3 5 5 2 6 3
17 10 15 3 5 5 2 6 3
17 15 0 3 5 5 2 6 3
17 15 5 3 5 5 2 6 3
17 15 10 3 5 5 2 6 3
17 15 15 3 5 5 2 6 3
11 10 0 6 2 4 3 8 3
11 10 4 6 2 4 3 8 3
11 10 8 6 2 4 3 8 3
11 10 12 6 2 4 3 8 3
11 10 16 6 2 4 3 8 3
11 12 0 6 2 4 3 8 3
11 12 4 6 2 4 3 8 3
11 12 8 6 2 4 3 8 3
11 12 12 6 2 4 3 8 3
11 12 16 6 2 4 3 8 3
11 14 0 6 2 4 3 8 3
11 14 4 6 2 4 3 8 3
11 14 8 6 2 4 3 8 3
11 14 12 6 2 4 3 8 3
11 14 16 6 2 4 3 8 3
11 16 0 6 2 4 3 8 3
11 16 4 6 2 4 3 8 3
11 16 8 6 2 4 3 8 3
11 16 12 6 2 4 3 8 3
11 16 16 6 2 4 3 8 3
11 18 0 6 2 4 3 8 3
11 18 4 6 2 4 3 8 3
11 18 8 6 2 4 3 8 3
11 18 12 6 2 4 3 8 3
11 18 16 6 2 4 3 8 3
