4
10 10 20
10 10 20
10 10 20
10 10 20
0 0 0 8 2 4 2 1 0
0 0 4 8 2 4 2 1 0
0 0 8 8 2 4 2 1 0
0 0 12 8 2 4 2 1 0
0 0 16 8 2 4 2 1 0
0 2 0 8 2 4 2 1 0
0 2 4 8 2 4 2 1 0
0 2 8 8 2 4 2 1 0
0 2 12 8 2 4 2 1 0
0 2 16 8 2 4 2 1 0
0 4 0 8 2 4 2 1 0
0 4 4 8 2 4 2 1 0
0 4 8 8 2 4 2 1 0
0 4 12 8 2 4 2 1 0
0 4 16 8 2 4 2 1 0
0 6 0 8 2 4 2 1 0
0 6 4 8 2 4 2 1 0
0 6 8 8 2 4 2 1 0
0 6 12 8 2 4 2 1 0
0 6 16 8 2 4 2 1 0
0 8 0 8 2 4 2 1 0
0 8 4 8 2 4 2 1 0
0 8 8 8 2 4 2 1 0
0 8 12 8 2 4 2 1 0
0 8 16 8 2 4 2 1 0
12 0 0 8 2 4 2 1 1
12 0 4 8 2 4 2 1 1
12 0 8 8 2 4 2 1 1
12 0 12 8 2 4 2 1 1
12 0 16 8 2 4 2 1 1
12 2 0 8 2 4 2 1 1
12 2 4 8 2 4 2 1 1
12 2 8 8 2 4 2 1 1
12 2 12 8 2 4 2 1 1
12 2 16 8 2 4 2 1 1
12 4 0 8 2 4 2 1 1
12 4 4 8 2 4 2 1 1
12 4 8 8 2 4 2 1 1
12 4 12 8 2 4 2 1 1
12 4 16 8 2 4 2 1 1
12 6 0 8 2 4 2 1 1
12 6 4 8 2 4 2 1 1
12 6 8 8 2 4 2 1 1
12 6 12 8 2 4 2 1 1
12 6 16 8 2 4 2 1 1
12 8 0 8 2 4 2 1 1
12 8 4 8 2 4 2 1 1
12 8 8 8 2 4 2 1 1
12 8 12 8 2 4 2 1 1
12 8 16 8 2 4 2 1 1
0 10 0 7 9 5 0 0 2
0 10 5 7 9 5 0 0 2
0 10 10 7 9 5 0 0 2
0 10 15 7 9 5 0 0 2
7 10 0 2 6 3 1 0 2
7 10 3 2 6 3 1 0 2
7 10 6 2 6 3 1 0 2
7 10 9 2 6 3 1 0 2
7 10 12 2 6 3 1 0 2
7 10 15 2 6 3 1 0 2
18 10 16 2 6 3 1 0 3
16 10 16 2 6 3 1 0 3
12 10 0 8 5 8 3 10 3
12 10 8 8 5 8 3 10 3
12 15 0 8 5 8 3 10 3
12 15 8 8 5 8 3 10 3
