4
10 10 20
10 10 20
10 10 20
10 10 20
0 6 0 2 4 2 0 1 0
0 6 2 2 4 2 0 1 0
0 6 4 2 4 2 0 1 0
0 6 6 2 4 2 0 1 0
0 6 8 2 4 2 0 1 0
0 6 10 2 4 2 0 1 0
0 6 12 2 4 2 0 1 0
0 6 14 2 4 2 0 1 0
0 6 16 2 4 2 0 1 0
0 6 18 2 4 2 0 1 0
2 6 0 2 4 2 0 1 0
2 6 2 2 4 2 0 1 0
2 6 4 2 4 2 0 1 0
2 6 6 2 4 2 0 1 0
2 6 8 2 4 2 0 1 0
2 6 10 2 4 2 0 1 0
2 6 12 2 4 2 0 1 0
2 6 14 2 4 2 0 1 0
2 6 16 2 4 2 0 1 0
2 6 18 2 4 2 0 1 0
0 0 0 8 6 5 2 6 0
0 0 5 8 6 5 2 6 0
0 0 10 8 6 5 2 6 0
0 0 15 8 6 5 2 6 0
4 6 0 2 3 4 3 11 0
4 6 4 2 3 4 3 11 0
4 6 8 2 3 4 3 11 0
4 6 12 2 3 4 3 11 0
4 6 16 2 3 4 3 11 0
8 0 0 2 3 4 3 11 0
8 0 4 2 3 4 3 11 0
8 0 8 2 3 4 3 11 0
8 0 12 2 3 4 3 11 0
8 0 16 2 3 4 3 11 0
8 3 0 2 3 4 3 11 0
8 3 4 2 3 4 3 11 0
8 3 8 2 3 4 3 11 0
8 3 12 2 3 4 3 11 0
8 3 16 2 3 4 3 11 0
6 6 0 4 3 5 4 14 0
6 6 5 4 3 5 4 14 0
6 6 10 4 3 5 4 14 0
6 6 15 4 3 5 4 14 0
18 6 0 2 4 2 0 1 1
18 6 2 2 4 2 0 1 1
18 6 4 2 4 2 0 1 1
18 6 6 2 4 2 0 1 1
18 6 8 2 4 2 0 1 1
18 6 10 2 4 2 0 1 1
18 6 12 2 4 2 0 1 1
18 6 14 2 4 2 0 1 1
18 6 16 2 4 2 0 1 1
18 6 18 2 4 2 0 1 1
16 6 0 2 4 2 0 1 1
16 6 2 2 4 2 0 1 1
16 6 4 2 4 2 0 1 1
16 6 6 2 4 2 0 1 1
16 6 8 2 4 2 0 1 1
16 6 10 2 4 2 0 1 1
16 6 12 2 4 2 0 1 1
16 6 14 2 4 2 0 1 1
16 6 16 2 4 2 0 1 1
16 6 18 2 4 2 0 1 1
12 0 0 8 6 5 2 6 1
12 0 5 8 6 5 2 6 1
12 0 10 8 6 5 2 6 1
12 0 15 8 6 5 2 6 1
14 6 0 2 3 4 3 11 1
14 6 4 2 3 4 3 11 1
14 6 8 2 3 4 3 11 1
14 6 12 2 3 4 3 11 1
14 6 16 2 3 4 3 11 1
10 0 0 2 3 4 3 11 1
10 0 4 2 3 4 3 11 1
10 0 8 2 3 4 3 11 1
10 0 12 2 3 4 3 11 1
10 0 16 2 3 4 3 11 1
10 3 0 2 3 4 3 11 1
10 3 4 2 3 4 3 11 1
10 3 8 2 3 4 3 11 1
10 3 12 2 3 4 3 11 1
10 3 16 2 3 4 3 11 1
10 6 0 4 3 5 4 14 1
10 6 5 4 3 5 4 14 1
10 6 10 4 3 5 4 14 1
10 6 15 4 3 5 4 14 1
0 10 18 2 4 2 0 1 2
0 14 18 2 4 2 0 1 2
2 10 18 2 4 2 0 1 2
2 14 18 2 4 2 0 1 2
0 10 0 5 5 6 1 2 2
0 10 6 5 5 6 1 2 2
0 10 12 5 5 6 1 2 2
0 15 0 5 5 6 1 2 2
0 15 6 5 5 6 1 2 2
0 15 12 5 5 6 1 2 2
5 10 0 5 5 6 1 2 2
5 10 6 5 5 6 1 2 2
5 10 12 5 5 6 1 2 2
5 15 0 5 5 6 1 2 2
5 15 6 5 5 6 1 2 2
5 15 12 5 5 6 1 2 2
18 13 0 2 4 2 0 1 3
18 13 2 2 4 2 0 1 3
18 13 4 2 4 2 0 1 3
18 13 6 2 4 2 0 1 3
18 13 8 2 4 2 0 1 3
18 13 10 2 4 2 0 1 3
18 13 12 2 4 2 0 1 3
18 13 14 2 4 2 0 1 3
18 13 16 2 4 2 0 1 3
18 13 18 2 4 2 0 1 3
16 13 0 2 4 2 0 1 3
16 13 2 2 4 2 0 1 3
16 13 4 2 4 2 0 1 3
16 13 6 2 4 2 0 1 3
16 13 8 2 4 2 0 1 3
16 13 10 2 4 2 0 1 3
16 13 12 2 4 2 0 1 3
16 13 14 2 4 2 0 1 3
16 13 16 2 4 2 0 1 3
16 13 18 2 4 2 0 1 3
18 10 0 2 3 4 3 11 3
18 10 4 2 3 4 3 11 3
18 10 8 2 3 4 3 11 3
18 10 12 2 3 4 3 11 3
18 10 16 2 3 4 3 11 3
18 17 0 2 3 4 3 11 3
18 17 4 2 3 4 3 11 3
18 17 8 2 3 4 3 11 3
18 17 12 2 3 4 3 11 3
18 17 16 2 3 4 3 11 3
16 17 0 2 3 4 3 11 3
16 17 4 2 3 4 3 11 3
16 17 8 2 3 4 3 11 3
16 17 12 2 3 4 3 11 3
16 17 16 2 3 4 3 11 3
14 13 0 2 3 4 3 11 3
14 13 4 2 3 4 3 11 3
14 13 8 2 3 4 3 11 3
14 13 12 2 3 4 3 11 3
14 13 16 2 3 4 3 11 3
14 16 0 2 3 4 3 11 3
14 16 4 2 3 4 3 11 3
14 16 8 2 3 4 3 11 3
14 16 12 2 3 4 3 11 3
14 16 16 2 3 4 3 11 3
14 10 0 4 3 5 4 14 3
14 10 5 4 3 5 4 14 3
14 10 10 4 3 5 4 14 3
14 10 15 4 3 5 4 14 3
10 10 0 4 3 5 4 14 3
10 10 5 4 3 5 4 14 3
10 10 10 4 3 5 4 14 3
10 10 15 4 3 5 4 14 3
10 13 0 4 3 5 4 14 3
10 13 5 4 3 5 4 14 3
10 13 10 4 3 5 4 14 3
10 13 15 4 3 5 4 14 3
10 16 0 4 3 5 4 14 3
10 16 5 4 3 5 4 14 3
10 16 10 4 3 5 4 14 3
10 16 15 4 3 5 4 14 3
