30 30 30
12 0 0 8 11 10 0
12 0 20 8 11 10 0
22 4 10 8 11 10 0
0 0 0 3 4 13 0
0 0 15 3 4 13 0
0 15 0 3 4 13 0
0 26 15 3 4 13 0
3 0 0 3 4 13 0
3 0 15 3 4 13 0
3 15 0 3 4 13 0
3 26 15 3 4 13 0
6 0 0 3 4 13 0
6 15 0 3 4 13 0
6 26 15 3 4 13 0
9 0 0 3 4 13 0
9 15 0 3 4 13 0
9 26 15 3 4 13 0
18 26 0 3 4 13 0
21 15 13 3 4 13 0
21 26 0 3 4 13 0
24 15 13 3 4 13 0
24 26 0 3 4 13 0
27 15 13 3 4 13 0
27 26 0 3 4 13 0
12 6 10 7 9 10 0
12 15 0 7 9 10 0
12 15 10 7 9 10 0
12 21 20 7 9 10 0
23 0 0 7 9 10 0
23 6 20 7 9 10 0
12 0 15 5 6 5 0
12 15 20 5 6 5 0
12 15 25 5 6 5 0
12 24 0 5 6 5 0
12 24 5 5 6 5 0
12 24 10 5 6 5 0
12 24 15 5 6 5 0
17 0 10 5 6 5 0
17 0 15 5 6 5 0
20 0 20 5 6 5 0
20 0 25 5 6 5 0
20 9 0 5 6 5 0
20 9 5 5 6 5 0
25 0 20 5 6 5 0
25 0 25 5 6 5 0
25 9 0 5 6 5 0
25 9 5 5 6 5 0
0 4 0 11 11 13 0
0 4 15 11 11 13 0
0 15 15 11 11 13 0
0 19 0 11 11 13 0
19 15 0 11 11 13 0
19 19 15 11 11 13 0
12 0 0 0.1 30 30 1
0 15 0 30 0.1 30 1
15 15 0 30 0.1 30 1
