30 30 30
0 0 13 7 5 9 0
0 10 13 7 5 9 0
0 15 13 7 5 9 0
0 20 12 7 5 9 0
0 25 12 7 5 9 0
0 0 0 4 14 5 0
0 0 25 4 14 5 0
0 15 25 4 14 5 0
4 0 0 4 14 5 0
4 0 8 4 14 5 0
4 0 25 4 14 5 0
8 0 0 4 14 5 0
8 0 13 4 14 5 0
8 0 20 4 14 5 0
8 0 25 4 14 5 0
8 15 19 4 14 5 0
8 15 25 4 14 5 0
8 16 0 4 14 5 0
8 16 13 4 14 5 0
12 0 0 14 5 3 0
12 0 3 14 5 3 0
12 0 9 14 5 3 0
12 0 12 14 5 3 0
12 0 18 14 5 3 0
12 0 21 14 5 3 0
12 0 24 14 5 3 0
12 5 6 14 5 3 0
12 5 18 14 5 3 0
12 5 21 14 5 3 0
12 5 24 14 5 3 0
12 5 27 14 5 3 0
12 10 0 14 5 3 0
12 10 3 14 5 3 0
12 10 9 14 5 3 0
12 10 15 14 5 3 0
12 10 18 14 5 3 0
12 10 21 14 5 3 0
12 15 3 14 5 3 0
12 15 6 14 5 3 0
12 15 9 14 5 3 0
12 15 12 14 5 3 0
12 15 18 14 5 3 0
12 15 21 14 5 3 0
12 15 24 14 5 3 0
12 20 6 14 5 3 0
12 20 9 14 5 3 0
12 20 12 14 5 3 0
12 20 15 14 5 3 0
12 20 21 14 5 3 0
12 20 24 14 5 3 0
12 25 6 14 5 3 0
12 25 9 14 5 3 0
12 25 12 14 5 3 0
12 25 15 14 5 3 0
12 25 18 14 5 3 0
12 25 21 14 5 3 0
12 25 24 14 5 3 0
12 25 27 14 5 3 0
13 15 15 14 5 3 0
13 20 18 14 5 3 0
13 20 27 14 5 3 0
14 20 3 14 5 3 0
16 0 6 14 5 3 0
16 0 15 14 5 3 0
16 0 27 14 5 3 0
16 5 0 14 5 3 0
16 5 3 14 5 3 0
16 5 9 14 5 3 0
16 5 12 14 5 3 0
16 5 15 14 5 3 0
16 10 6 14 5 3 0
16 10 12 14 5 3 0
16 10 24 14 5 3 0
16 10 27 14 5 3 0
16 15 0 14 5 3 0
16 15 27 14 5 3 0
16 20 0 14 5 3 0
16 25 0 14 5 3 0
16 25 3 14 5 3 0
12 0 0 0.1 30 30 1
0 15 0 30 0.1 30 1
15 15 0 30 0.1 30 1
