30 30 30
27 0 13 3 13 11 0
27 17 0 3 13 11 0
12 0 13 5 9 13 0
12 3 0 5 9 13 0
12 15 0 5 9 13 0
12 15 13 5 9 13 0
17 0 13 5 9 13 0
17 3 0 5 9 13 0
17 15 0 5 9 13 0
17 15 13 5 9 13 0
22 0 13 5 9 13 0
22 3 0 5 9 13 0
22 15 0 5 9 13 0
22 15 13 5 9 13 0
12 0 0 14 3 11 0
12 9 13 14 3 11 0
12 12 0 14 3 11 0
12 12 13 14 3 11 0
12 24 0 14 3 11 0
12 24 13 14 3 11 0
12 27 0 14 3 11 0
12 27 13 14 3 11 0
0 3 20 5 8 10 0
0 6 0 5 8 10 0
0 6 10 5 8 10 0
0 15 0 5 8 10 0
0 21 10 5 8 10 0
0 22 20 5 8 10 0
6 0 10 5 8 10 0
6 6 0 5 8 10 0
6 6 20 5 8 10 0
6 16 10 5 8 10 0
6 17 0 5 8 10 0
6 17 20 5 8 10 0
12 0 0 0.1 30 30 1
0 15 0 30 0.1 30 1
15 15 0 30 0.1 30 1
