30 30 30
12 15 22 14 13 8 0
15 0 11 14 13 8 0
0 0 6 9 3 11 0
0 0 19 9 3 11 0
0 3 19 9 3 11 0
0 6 19 9 3 11 0
0 9 19 9 3 11 0
0 12 19 9 3 11 0
0 15 6 9 3 11 0
0 15 19 9 3 11 0
12 0 0 9 3 11 0
12 0 19 9 3 11 0
12 3 0 9 3 11 0
12 3 19 9 3 11 0
12 6 0 9 3 11 0
12 6 19 9 3 11 0
12 9 0 9 3 11 0
12 9 19 9 3 11 0
12 12 0 9 3 11 0
12 12 19 9 3 11 0
12 15 0 9 3 11 0
12 15 11 9 3 11 0
12 18 0 9 3 11 0
12 18 11 9 3 11 0
12 21 0 9 3 11 0
12 21 11 9 3 11 0
12 24 0 9 3 11 0
12 24 11 9 3 11 0
12 27 0 9 3 11 0
12 27 11 9 3 11 0
21 0 0 9 3 11 0
21 0 19 9 3 11 0
21 3 0 9 3 11 0
21 3 19 9 3 11 0
21 6 0 9 3 11 0
21 6 19 9 3 11 0
21 9 0 9 3 11 0
21 9 19 9 3 11 0
21 12 0 9 3 11 0
21 12 19 9 3 11 0
21 15 0 9 3 11 0
21 15 11 9 3 11 0
21 18 0 9 3 11 0
21 18 11 9 3 11 0
21 21 0 9 3 11 0
21 21 11 9 3 11 0
21 24 0 9 3 11 0
21 24 11 9 3 11 0
21 27 0 9 3 11 0
21 27 11 9 3 11 0
0 16 0 11 13 3 0
0 3 0 5 10 9 0
0 3 9 5 10 9 0
0 19 3 5 10 9 0
0 19 12 5 10 9 0
0 19 21 5 10 9 0
5 3 0 5 10 9 0
5 3 9 5 10 9 0
5 19 3 5 10 9 0
5 19 12 5 10 9 0
5 20 21 5 10 9 0
12 0 0 0.1 30 30 1
0 15 0 30 0.1 30 1
15 15 0 30 0.1 30 1
