30 30 30
0 0 18 5 4 6 0
0 0 24 5 4 6 0
0 11 0 5 4 6 0
0 11 6 5 4 6 0
0 11 12 5 4 6 0
0 15 12 5 4 6 0
0 20 12 5 4 6 0
0 26 0 5 4 6 0
0 26 6 5 4 6 0
0 26 12 5 4 6 0
0 26 18 5 4 6 0
0 26 24 5 4 6 0
5 0 14 5 4 6 0
5 0 24 5 4 6 0
5 11 0 5 4 6 0
5 11 6 5 4 6 0
5 11 12 5 4 6 0
5 15 12 5 4 6 0
5 22 12 5 4 6 0
5 26 0 5 4 6 0
5 26 6 5 4 6 0
5 26 12 5 4 6 0
5 26 18 5 4 6 0
5 26 24 5 4 6 0
12 0 6 5 4 6 0
12 0 18 5 4 6 0
12 4 0 5 4 6 0
12 4 6 5 4 6 0
12 4 18 5 4 6 0
12 11 0 5 4 6 0
12 11 6 5 4 6 0
12 11 12 5 4 6 0
12 11 18 5 4 6 0
12 11 24 5 4 6 0
12 15 12 5 4 6 0
12 15 18 5 4 6 0
12 19 0 5 4 6 0
12 19 6 5 4 6 0
12 19 12 5 4 6 0
12 19 24 5 4 6 0
12 26 0 5 4 6 0
12 26 12 5 4 6 0
14 0 0 5 4 6 0
14 0 12 5 4 6 0
14 4 12 5 4 6 0
14 4 24 5 4 6 0
14 15 0 5 4 6 0
14 15 24 5 4 6 0
14 19 18 5 4 6 0
14 26 6 5 4 6 0
14 26 24 5 4 6 0
15 0 24 5 4 6 0
15 15 6 5 4 6 0
15 26 18 5 4 6 0
17 0 6 5 4 6 0
17 4 6 5 4 6 0
17 11 12 5 4 6 0
17 11 18 5 4 6 0
17 11 24 5 4 6 0
17 15 12 5 4 6 0
17 15 18 5 4 6 0
17 26 0 5 4 6 0
19 0 0 5 4 6 0
19 4 0 5 4 6 0
19 4 18 5 4 6 0
19 11 0 5 4 6 0
19 11 6 5 4 6 0
19 15 0 5 4 6 0
19 15 24 5 4 6 0
19 19 0 5 4 6 0
19 19 6 5 4 6 0
19 19 18 5 4 6 0
20 0 12 5 4 6 0
20 0 18 5 4 6 0
20 0 24 5 4 6 0
20 4 12 5 4 6 0
20 4 24 5 4 6 0
20 15 6 5 4 6 0
20 19 12 5 4 6 0
20 19 24 5 4 6 0
20 26 6 5 4 6 0
20 26 12 5 4 6 0
20 26 18 5 4 6 0
20 26 24 5 4 6 0
22 11 12 5 4 6 0
22 26 0 5 4 6 0
23 0 6 5 4 6 0
23 11 24 5 4 6 0
24 0 0 5 4 6 0
24 4 0 5 4 6 0
24 4 6 5 4 6 0
24 11 18 5 4 6 0
24 15 0 5 4 6 0
24 15 12 5 4 6 0
24 15 24 5 4 6 0
24 19 0 5 4 6 0
24 19 18 5 4 6 0
25 0 12 5 4 6 0
25 0 18 5 4 6 0
25 0 24 5 4 6 0
25 4 12 5 4 6 0
25 4 18 5 4 6 0
25 4 24 5 4 6 0
25 11 0 5 4 6 0
25 11 6 5 4 6 0
25 15 6 5 4 6 0
25 15 18 5 4 6 0
25 19 6 5 4 6 0
25 19 12 5 4 6 0
25 19 24 5 4 6 0
25 26 6 5 4 6 0
25 26 12 5 4 6 0
25 26 18 5 4 6 0
25 26 24 5 4 6 0
0 4 18 11 11 12 0
0 15 0 11 11 12 0
0 15 18 11 11 12 0
14 23 14 14 3 14 0
15 23 0 14 3 14 0
16 8 0 14 3 14 0
16 8 14 14 3 14 0
0 0 0 12 11 14 0
12 0 0 0.1 30 30 1
0 15 0 30 0.1 30 1
15 15 0 30 0.1 30 1
