30 30 30
0 0 12 7 5 5 0
0 0 17 7 5 5 0
0 5 12 7 5 5 0
0 10 8 7 5 5 0
0 10 13 7 5 5 0
0 15 10 7 5 5 0
0 15 15 7 5 5 0
0 15 20 7 5 5 0
0 15 25 7 5 5 0
0 20 20 7 5 5 0
0 20 25 7 5 5 0
0 21 0 7 5 5 0
0 21 5 7 5 5 0
0 25 20 7 5 5 0
0 25 25 7 5 5 0
5 15 0 7 5 5 0
5 15 5 7 5 5 0
5 21 10 7 5 5 0
5 21 15 7 5 5 0
12 0 0 7 5 5 0
12 0 5 7 5 5 0
12 0 10 7 5 5 0
12 0 15 7 5 5 0
12 0 20 7 5 5 0
12 0 25 7 5 5 0
12 5 0 7 5 5 0
12 5 5 7 5 5 0
12 5 20 7 5 5 0
12 5 25 7 5 5 0
12 10 0 7 5 5 0
16 10 5 7 5 5 0
17 5 10 7 5 5 0
17 6 15 7 5 5 0
19 0 10 7 5 5 0
19 0 15 7 5 5 0
19 5 5 7 5 5 0
19 5 20 7 5 5 0
20 0 0 7 5 5 0
20 0 5 7 5 5 0
20 0 20 7 5 5 0
20 0 25 7 5 5 0
20 5 0 7 5 5 0
20 5 25 7 5 5 0
23 10 0 7 5 5 0
23 10 5 7 5 5 0
0 15 0 5 3 10 0
0 18 0 5 3 10 0
0 20 10 5 3 10 0
0 23 10 5 3 10 0
7 0 12 5 3 10 0
7 3 12 5 3 10 0
7 6 12 5 3 10 0
7 9 12 5 3 10 0
7 12 8 5 3 10 0
7 12 20 5 3 10 0
7 15 10 5 3 10 0
7 15 20 5 3 10 0
7 18 10 5 3 10 0
7 18 20 5 3 10 0
7 20 0 5 3 10 0
7 21 20 5 3 10 0
7 23 0 5 3 10 0
7 24 20 5 3 10 0
7 27 20 5 3 10 0
12 5 10 5 3 10 0
12 8 10 5 3 10 0
12 15 0 5 3 10 0
12 15 10 5 3 10 0
12 18 10 5 3 10 0
12 19 0 5 3 10 0
12 19 20 5 3 10 0
12 21 10 5 3 10 0
12 23 20 5 3 10 0
12 24 8 5 3 10 0
12 27 8 5 3 10 0
0 0 0 3 10 12 0
0 5 18 3 10 12 0
3 0 0 3 10 12 0
3 5 18 3 10 12 0
6 0 0 3 10 12 0
9 0 0 3 10 12 0
27 0 0 3 10 12 0
27 0 18 3 10 12 0
17 15 0 13 7 7 0
17 15 7 13 7 7 0
17 19 14 13 7 7 0
17 19 23 13 7 7 0
0 0 22 6 4 4 0
0 0 26 6 4 4 0
0 11 0 6 4 4 0
0 11 4 6 4 4 0
0 26 0 6 4 4 0
0 26 4 6 4 4 0
0 26 8 6 4 4 0
0 26 12 6 4 4 0
0 26 16 6 4 4 0
6 0 22 6 4 4 0
6 0 26 6 4 4 0
6 4 22 6 4 4 0
6 4 26 6 4 4 0
6 8 22 6 4 4 0
6 8 26 6 4 4 0
6 11 0 6 4 4 0
6 11 4 6 4 4 0
6 26 0 6 4 4 0
6 26 4 6 4 4 0
6 26 8 6 4 4 0
6 26 12 6 4 4 0
6 26 16 6 4 4 0
12 11 10 6 4 4 0
12 11 14 6 4 4 0
12 11 18 6 4 4 0
12 11 22 6 4 4 0
12 11 26 6 4 4 0
12 15 22 6 4 4 0
12 15 26 6 4 4 0
12 22 0 6 4 4 0
12 22 4 6 4 4 0
12 26 0 6 4 4 0
12 26 4 6 4 4 0
12 26 18 6 4 4 0
12 26 22 6 4 4 0
12 26 26 6 4 4 0
17 15 14 6 4 4 0
17 15 18 6 4 4 0
17 26 12 6 4 4 0
18 11 10 6 4 4 0
18 11 14 6 4 4 0
18 11 18 6 4 4 0
18 11 22 6 4 4 0
18 11 26 6 4 4 0
18 15 22 6 4 4 0
18 15 26 6 4 4 0
18 22 0 6 4 4 0
18 22 4 6 4 4 0
18 22 10 6 4 4 0
18 26 0 6 4 4 0
18 26 4 6 4 4 0
18 26 8 6 4 4 0
18 26 17 6 4 4 0
18 26 22 6 4 4 0
18 26 26 6 4 4 0
24 7 14 6 4 4 0
24 11 10 6 4 4 0
24 11 14 6 4 4 0
24 11 18 6 4 4 0
24 11 22 6 4 4 0
24 11 26 6 4 4 0
24 15 14 6 4 4 0
24 15 18 6 4 4 0
24 15 22 6 4 4 0
24 15 26 6 4 4 0
24 22 0 6 4 4 0
24 22 4 6 4 4 0
24 22 9 6 4 4 0
24 26 0 6 4 4 0
24 26 4 6 4 4 0
24 26 8 6 4 4 0
24 26 12 6 4 4 0
24 26 17 6 4 4 0
24 26 21 6 4 4 0
24 26 26 6 4 4 0
12 0 0 0.1 30 30 1
0 15 0 30 0.1 30 1
15 15 0 30 0.1 30 1
