30 30 30
4 0 15 11 14 14 0
15 0 18 7 8 6 0
15 0 24 7 8 6 0
15 22 0 7 8 6 0
15 22 6 7 8 6 0
15 22 12 7 8 6 0
15 22 18 7 8 6 0
15 22 24 7 8 6 0
0 0 0 4 12 14 0
0 0 15 4 12 14 0
0 15 0 4 12 14 0
0 15 15 4 12 14 0
4 0 0 4 12 14 0
4 15 0 4 12 14 0
4 15 14 4 12 14 0
22 0 0 4 12 14 0
22 0 15 4 12 14 0
22 18 0 4 12 14 0
22 18 15 4 12 14 0
26 0 0 4 12 14 0
26 0 15 4 12 14 0
26 15 0 4 12 14 0
26 18 15 4 12 14 0
8 0 0 6 7 14 0
8 8 0 6 7 14 0
8 15 0 6 7 14 0
8 15 15 6 7 14 0
8 22 14 6 7 14 0
8 23 0 6 7 14 0
15 0 0 6 7 14 0
15 8 0 6 7 14 0
15 8 15 6 7 14 0
15 15 0 6 7 14 0
15 15 14 6 7 14 0
15 0 0 0.1 30 30 1
0 15 0 30 0.1 30 1
15 15 0 30 0.1 30 1
