30 30 30
12 5 21 5 9 9 0
15 21 14 5 9 9 0
17 5 0 5 9 9 0
20 21 7 5 9 9 0
22 5 21 5 9 9 0
25 21 21 5 9 9 0
12 5 0 5 5 7 0
12 5 7 5 5 7 0
12 5 14 5 5 7 0
12 10 0 5 5 7 0
12 10 7 5 5 7 0
12 10 14 5 5 7 0
15 20 0 5 5 7 0
15 20 7 5 5 7 0
15 20 23 5 5 7 0
15 25 0 5 5 7 0
15 25 7 5 5 7 0
15 25 23 5 5 7 0
17 5 9 5 5 7 0
17 5 16 5 5 7 0
17 5 23 5 5 7 0
17 10 9 5 5 7 0
17 10 16 5 5 7 0
17 10 23 5 5 7 0
20 20 0 5 5 7 0
20 20 16 5 5 7 0
20 20 23 5 5 7 0
20 25 0 5 5 7 0
20 25 16 5 5 7 0
20 25 23 5 5 7 0
22 5 0 5 5 7 0
22 5 7 5 5 7 0
22 5 14 5 5 7 0
22 10 0 5 5 7 0
22 10 7 5 5 7 0
22 10 14 5 5 7 0
25 20 0 5 5 7 0
25 20 7 5 5 7 0
25 20 14 5 5 7 0
25 25 0 5 5 7 0
25 25 7 5 5 7 0
25 25 14 5 5 7 0
0 0 0 3 5 10 0
0 0 10 3 5 10 0
0 0 20 3 5 10 0
0 5 0 3 5 10 0
0 5 10 3 5 10 0
0 5 20 3 5 10 0
0 10 0 3 5 10 0
0 10 10 3 5 10 0
0 10 20 3 5 10 0
0 15 0 3 5 10 0
0 15 10 3 5 10 0
0 15 20 3 5 10 0
0 20 0 3 5 10 0
0 20 10 3 5 10 0
0 20 20 3 5 10 0
0 25 0 3 5 10 0
0 25 10 3 5 10 0
0 25 20 3 5 10 0
3 0 0 3 5 10 0
3 0 10 3 5 10 0
3 0 20 3 5 10 0
3 5 0 3 5 10 0
3 5 10 3 5 10 0
3 5 20 3 5 10 0
3 10 0 3 5 10 0
3 10 10 3 5 10 0
3 10 20 3 5 10 0
3 15 0 3 5 10 0
3 15 10 3 5 10 0
3 15 20 3 5 10 0
3 20 0 3 5 10 0
3 20 10 3 5 10 0
3 20 20 3 5 10 0
3 25 0 3 5 10 0
3 25 10 3 5 10 0
3 25 20 3 5 10 0
6 0 0 3 5 10 0
6 0 10 3 5 10 0
6 0 20 3 5 10 0
6 5 0 3 5 10 0
6 5 10 3 5 10 0
6 5 20 3 5 10 0
6 10 0 3 5 10 0
6 10 10 3 5 10 0
6 10 20 3 5 10 0
6 15 0 3 5 10 0
6 15 10 3 5 10 0
6 15 20 3 5 10 0
6 20 0 3 5 10 0
6 20 10 3 5 10 0
6 20 20 3 5 10 0
6 25 0 3 5 10 0
6 25 10 3 5 10 0
6 25 20 3 5 10 0
9 0 0 3 5 10 0
9 0 10 3 5 10 0
9 0 20 3 5 10 0
9 5 0 3 5 10 0
9 5 10 3 5 10 0
9 5 20 3 5 10 0
9 10 0 3 5 10 0
9 10 10 3 5 10 0
9 10 20 3 5 10 0
9 15 0 3 5 10 0
9 15 10 3 5 10 0
9 15 20 3 5 10 0
9 20 0 3 5 10 0
9 20 10 3 5 10 0
9 20 20 3 5 10 0
9 25 0 3 5 10 0
9 25 10 3 5 10 0
9 25 20 3 5 10 0
12 0 0 3 5 10 0
12 0 10 3 5 10 0
12 0 20 3 5 10 0
12 15 0 3 5 10 0
12 15 10 3 5 10 0
12 15 20 3 5 10 0
12 20 0 3 5 10 0
12 20 10 3 5 10 0
12 20 20 3 5 10 0
12 25 0 3 5 10 0
12 25 10 3 5 10 0
12 25 20 3 5 10 0
15 0 0 3 5 10 0
15 0 10 3 5 10 0
15 0 20 3 5 10 0
15 15 0 3 5 10 0
15 15 10 3 5 10 0
15 15 20 3 5 10 0
18 0 0 3 5 10 0
18 0 10 3 5 10 0
18 0 20 3 5 10 0
18 15 0 3 5 10 0
18 15 10 3 5 10 0
18 15 20 3 5 10 0
21 0 0 3 5 10 0
21 0 10 3 5 10 0
21 0 20 3 5 10 0
21 15 0 3 5 10 0
21 15 10 3 5 10 0
21 15 20 3 5 10 0
24 0 0 3 5 10 0
24 0 10 3 5 10 0
24 0 20 3 5 10 0
24 15 0 3 5 10 0
24 15 10 3 5 10 0
24 15 20 3 5 10 0
27 0 0 3 5 10 0
27 0 10 3 5 10 0
27 0 20 3 5 10 0
27 5 0 3 5 10 0
27 5 10 3 5 10 0
27 5 20 3 5 10 0
27 10 0 3 5 10 0
27 10 10 3 5 10 0
27 10 20 3 5 10 0
27 15 0 3 5 10 0
27 15 10 3 5 10 0
27 15 20 3 5 10 0
12 0 0 0.1 30 30 1
0 15 0 30 0.1 30 1
15 15 0 30 0.1 30 1
