
Gurobi 12.0.2 (win64) logging started Sat Dec  6 21:52:19 2025

Set parameter LogFile to value "resultados DATA_1_n10m05b2d2\instancia_9_log.txt"
Gurobi Optimizer version 12.0.2 build v12.0.2rc0 (win64 - Windows 10.0 (19045.2))

CPU model: Intel(R) Core(TM) i5-6300U CPU @ 2.40GHz, instruction set [SSE2|AVX|AVX2]
Thread count: 2 physical cores, 4 logical processors, using up to 4 threads

Non-default parameters:
TimeLimit  3600

Optimize a model with 7521 rows, 12880 columns and 27462 nonzeros
Model fingerprint: 0xfcbe962c
Variable types: 138 continuous, 12742 integer (12742 binary)
Coefficient statistics:
  Matrix range     [1e+00, 1e+03]
  Objective range  [1e-02, 2e-01]
  Bounds range     [1e+00, 1e+00]
  RHS range        [1e+00, 1e+03]
Found heuristic solution: objective 0.1800000
Presolve removed 119 rows and 6524 columns
Presolve time: 0.38s
Presolved: 7402 rows, 6356 columns, 27148 nonzeros
Variable types: 138 continuous, 6218 integer (6218 binary)

Root relaxation: objective 1.488000e+00, 2039 iterations, 0.05 seconds (0.01 work units)

    Nodes    |    Current Node    |     Objective Bounds      |     Work
 Expl Unexpl |  Obj  Depth IntInf | Incumbent    BestBd   Gap | It/Node Time

     0     0    1.48800    0   40    0.18000    1.48800   727%     -    0s
H    0     0                       0.7260000    1.48800   105%     -    1s
     0     0    1.48800    0  445    0.72600    1.48800   105%     -    1s
     0     0    1.48800    0  362    0.72600    1.48800   105%     -    2s
     0     0    1.48800    0   73    0.72600    1.48800   105%     -    2s
     0     0    1.48800    0  205    0.72600    1.48800   105%     -    3s
     0     0    1.48800    0   58    0.72600    1.48800   105%     -    4s
     0     0    1.48800    0   92    0.72600    1.48800   105%     -    4s
     0     0    1.48800    0   76    0.72600    1.48800   105%     -    5s
     0     0    1.48800    0   23    0.72600    1.48800   105%     -    5s
H    0     0                       0.7380000    1.48800   102%     -    6s
     0     2    1.48800    0   22    0.73800    1.48800   102%     -    6s
   186   183    0.88800   65  144    0.73800    1.48800   102%  40.6   10s
   556   522    0.88800  202   18    0.73800    1.48800   102%  23.6   15s
   894   731    1.30800   77   32    0.73800    1.30800  77.2%  23.2   20s
  1002   814    0.88800   50  104    0.73800    1.30800  77.2%  39.3   25s
  1314   994 infeasible  152         0.73800    1.30800  77.2%  38.8   30s
  1537  1051    1.30800   28  189    0.73800    1.30800  77.2%  36.8   35s
  1725  1113    1.18800   63  175    0.73800    1.30800  77.2%  37.0   40s
  1896  1183    1.18800  107  240    0.73800    1.30800  77.2%  37.6   45s
  2107  1295    1.18800  148  229    0.73800    1.30800  77.2%  38.2   50s
  2362  1460    1.28400   60  344    0.73800    1.30800  77.2%  38.9   55s
  2570  1477 infeasible   96         0.73800    1.30800  77.2%  38.7   60s
  3024  1646    1.18800   58  376    0.73800    1.30800  77.2%  39.7   66s
  3102  1716    1.18800   92  263    0.73800    1.30800  77.2%  39.7   70s
  3464  2179    1.18800  116  241    0.73800    1.30800  77.2%  39.7   76s
  3848  2409    1.18800  221  252    0.73800    1.30800  77.2%  39.1   80s
  4306  2820    1.30800   25  607    0.73800    1.30800  77.2%  38.9   86s
  4617  3150    1.30800   74  438    0.73800    1.30800  77.2%  39.2   91s
  4969  3429    1.30800   54  405    0.73800    1.30800  77.2%  40.1   98s
  5155  3665    1.15800  108  334    0.73800    1.30800  77.2%  40.0  102s
  5405  4052    1.15800  164  340    0.73800    1.30800  77.2%  39.4  105s
H 5820  4319                       0.8580000    1.30800  52.4%  37.5  109s
H 5990  4319                       0.8700000    1.30800  50.3%  36.7  109s
  6089  4826    0.96600  350  290    0.87000    1.30800  50.3%  36.4  112s
  6616  5078    0.91800  626  130    0.87000    1.30800  50.3%  34.4  116s
  6894  5152    1.15800   49  241    0.87000    1.30800  50.3%  33.9  120s
  7106  5285    1.15800   51  234    0.87000    1.30800  50.3%  33.1  126s
  7451  5998    1.03800  188  250    0.87000    1.30800  50.3%  32.4  133s
  8083  6404    1.03800  177  315    0.87000    1.30800  50.3%  31.1  136s
  8532  6637    1.15800   40  267    0.87000    1.30800  50.3%  30.5  140s
  9052  7284    1.00800  193  233    0.87000    1.30800  50.3%  29.9  146s
  9777  7887    1.03800  131  306    0.87000    1.30800  50.3%  28.4  150s
 10410  8478    0.96600  487  103    0.87000    1.30800  50.3%  27.3  156s
 10908  8963    1.30800   76  394    0.87000    1.30800  50.3%  26.7  160s
 11650  9431    1.30800   16  603    0.87000    1.30800  50.3%  25.9  165s
 12109  9961    1.18800   58  300    0.87000    1.30800  50.3%  26.1  170s
 12477 10321    1.18800   66  291    0.87000    1.30800  50.3%  26.0  175s
 13169 10899    1.12800  459  186    0.87000    1.30800  50.3%  25.3  180s
 13740 11376    1.30800   56  439    0.87000    1.30800  50.3%  25.2  185s
 14199 11821    1.30800   68  404    0.87000    1.30800  50.3%  25.2  191s
 14612 12097    1.03800  311  307    0.87000    1.30800  50.3%  24.8  195s
 14717 12304    1.03800  383  190    0.87000    1.30800  50.3%  24.7  262s
 15126 12778    1.30800   22  457    0.87000    1.30800  50.3%  24.5  266s
 15554 12973    1.14600  241  247    0.87000    1.30800  50.3%  24.4  271s
 15897 13282    1.30800   68  242    0.87000    1.30800  50.3%  24.4  275s
 16284 13640    1.18800   24  228    0.87000    1.30800  50.3%  24.4  280s
 16588 14036    1.18800  101  214    0.87000    1.30800  50.3%  24.6  285s
 17154 14515    1.01400  259  176    0.87000    1.30800  50.3%  24.2  290s
 17638 14882    1.05600  267  255    0.87000    1.30800  50.3%  24.0  295s
 17970 15116    1.16400   88  328    0.87000    1.30800  50.3%  24.1  300s
 18541 15711    1.30800   57  461    0.87000    1.30800  50.3%  24.1  307s
 18768 15817    1.15800   31  283    0.87000    1.30800  50.3%  24.1  312s
 18872 16158    1.15800   52  339    0.87000    1.30800  50.3%  24.0  315s
 19552 16518    1.00800   16  449    0.87000    1.30800  50.3%  24.0  322s
 19800 16837    1.00800  125  426    0.87000    1.30800  50.3%  24.0  326s
 20157 17081    1.00800  261  291    0.87000    1.30800  50.3%  24.1  331s
 20537 17504 infeasible  178         0.87000    1.30800  50.3%  24.0  335s
 21035 17926    1.30800   24  450    0.87000    1.30800  50.3%  23.8  340s
 21491 18305 infeasible  140         0.87000    1.30800  50.3%  23.8  345s
 21887 18715    1.06800  238  342    0.87000    1.30800  50.3%  23.7  350s
 22625 19293    1.15800  173  299    0.87000    1.30800  50.3%  23.4  357s
 22993 19634    1.15800   86  314    0.87000    1.30800  50.3%  23.4  362s
 23391 20087    1.15800  183  247    0.87000    1.30800  50.3%  23.2  366s
 23846 20441    1.00800   97  276    0.87000    1.30800  50.3%  23.2  370s
 24407 20993    1.06800  156  231    0.87000    1.30800  50.3%  23.0  377s
 24906 21399    1.06800  123  292    0.87000    1.30800  50.3%  22.8  381s
 25346 21731    1.30800   42  201    0.87000    1.30800  50.3%  22.6  385s
 25985 22341 infeasible  228         0.87000    1.30800  50.3%  22.6  390s
 26656 22947    1.15800   62  268    0.87000    1.30800  50.3%  22.4  396s
 27070 23314    1.15800  108  339    0.87000    1.30800  50.3%  22.4  400s
 27639 23821    1.05600  230  266    0.87000    1.30800  50.3%  22.3  406s
 28039 24244    1.15800  156  233    0.87000    1.30800  50.3%  22.3  410s
 28699 24870    1.00800  277  238    0.87000    1.30800  50.3%  22.3  415s
 29489 25572    1.00800  298  206    0.87000    1.30800  50.3%  22.0  422s
 29965 25892    1.15800   88  351    0.87000    1.30800  50.3%  22.0  426s
 30357 26290    1.15800   92  327    0.87000    1.30800  50.3%  21.9  433s
 30617 26511    1.15800  140  338    0.87000    1.30800  50.3%  21.8  436s
 31046 26850    1.15800   65  234    0.87000    1.30800  50.3%  21.8  440s
 31421 27228    1.15800   55  303    0.87000    1.30800  50.3%  21.8  445s
 32314 27907    1.15800  119  346    0.87000    1.30800  50.3%  21.6  451s
 32881 28453    1.13400  127  296    0.87000    1.30800  50.3%  21.6  457s
 33068 28654    1.15800   76  263    0.87000    1.30800  50.3%  21.6  460s
 33482 29003    1.03800  153  279    0.87000    1.30800  50.3%  21.6  469s
 33658 29180    1.03800  192  218    0.87000    1.30800  50.3%  21.7  471s
 33932 29437 infeasible  261         0.87000    1.30800  50.3%  21.8  476s
 34538 29940    1.14600  134  275    0.87000    1.30800  50.3%  21.6  480s
 35162 30407 infeasible  121         0.87000    1.30800  50.3%  21.5  485s
 35726 31077    1.06800   91  314    0.87000    1.30800  50.3%  21.5  490s
 36467 31655    1.15800  128  358    0.87000    1.30800  50.3%  21.3  495s
 36842 32029    1.18800   73  310    0.87000    1.30800  50.3%  21.2  500s
 37544 32631    1.06800  219  252    0.87000    1.30800  50.3%  21.3  505s
 38133 33175    1.15800  160  353    0.87000    1.30800  50.3%  21.2  510s
 38989 33914    1.15800   67  352    0.87000    1.30800  50.3%  21.1  515s
 39671 34571    1.15800   89  443    0.87000    1.30800  50.3%  21.0  520s
 40638 35307    1.18800   62  241    0.87000    1.30800  50.3%  20.9  526s
 41056 35731    1.00800  160  209    0.87000    1.30800  50.3%  21.0  531s
 41575 36140    1.00800  279  147    0.87000    1.30800  50.3%  21.0  536s
 42058 36663    1.15800   96  288    0.87000    1.30800  50.3%  21.0  541s
 42616 37132    1.15800   71  269    0.87000    1.30800  50.3%  21.0  545s
 43333 37845    1.15800  197  314    0.87000    1.30800  50.3%  20.8  550s
 44133 38567    1.15800  165  308    0.87000    1.30800  50.3%  20.8  555s
 44742 38990 infeasible  280         0.87000    1.30800  50.3%  20.7  560s
 45639 39817    1.03800  129  273    0.87000    1.30800  50.3%  20.6  565s
 46489 40664    1.15800  139  339    0.87000    1.30800  50.3%  20.5  570s
 47312 41300    1.15800  114  415    0.87000    1.30800  50.3%  20.4  575s
 48052 41936    1.15800  142  326    0.87000    1.30800  50.3%  20.4  582s
 48375 42176    1.14600  245  290    0.87000    1.30800  50.3%  20.4  587s
 48727 42562    1.15800  146  221    0.87000    1.30800  50.3%  20.4  591s
 49280 43031    1.18800  114  266    0.87000    1.30800  50.3%  20.4  595s
 49726 43291    1.18800  128  297    0.87000    1.30800  50.3%  20.4  600s
 49791 43446    1.17600  182  289    0.87000    1.30800  50.3%  20.4  606s
 49915 43592    1.16400  227  272    0.87000    1.30800  50.3%  20.4  610s
 50693 44300    1.15800   99  392    0.87000    1.30800  50.3%  20.4  616s
 51101 44690    1.15800  168  260    0.87000    1.30800  50.3%  20.4  620s
