
Gurobi 12.0.2 (win64) logging started Sat Dec  6 17:13:29 2025

Set parameter LogFile to value "resultados DATA_1_n10m05b2d2\instancia_5_log.txt"
Gurobi Optimizer version 12.0.2 build v12.0.2rc0 (win64 - Windows 10.0 (19045.2))

CPU model: Intel(R) Core(TM) i5-6300U CPU @ 2.40GHz, instruction set [SSE2|AVX|AVX2]
Thread count: 2 physical cores, 4 logical processors, using up to 4 threads

Non-default parameters:
TimeLimit  3600

Optimize a model with 8875 rows, 15200 columns and 32450 nonzeros
Model fingerprint: 0x8efc2388
Variable types: 150 continuous, 15050 integer (15050 binary)
Coefficient statistics:
  Matrix range     [1e+00, 1e+03]
  Objective range  [2e-02, 2e-01]
  Bounds range     [1e+00, 1e+00]
  RHS range        [1e+00, 1e+03]
Found heuristic solution: objective 0.0480000
Presolve removed 147 rows and 7734 columns
Presolve time: 0.27s
Presolved: 8728 rows, 7466 columns, 31988 nonzeros
Variable types: 150 continuous, 7316 integer (7316 binary)

Root relaxation: objective 1.890000e+00, 2388 iterations, 0.03 seconds (0.02 work units)

    Nodes    |    Current Node    |     Objective Bounds      |     Work
 Expl Unexpl |  Obj  Depth IntInf | Incumbent    BestBd   Gap | It/Node Time

     0     0    1.89000    0   90    0.04800    1.89000  3838%     -    0s
H    0     0                       0.4800000    1.89000   294%     -    0s
H    0     0                       0.5340000    1.89000   254%     -    0s
     0     0    1.89000    0  654    0.53400    1.89000   254%     -    1s
H    0     0                       0.5520000    1.89000   242%     -    1s
H    0     0                       0.6060000    1.89000   212%     -    1s
H    0     0                       0.6240000    1.89000   203%     -    1s
     0     0    1.89000    0  606    0.62400    1.89000   203%     -    1s
     0     0    1.89000    0  157    0.62400    1.89000   203%     -    2s
H    0     0                       0.6420000    1.89000   194%     -    2s
     0     0    1.89000    0  540    0.64200    1.89000   194%     -    2s
     0     0    1.89000    0  173    0.64200    1.89000   194%     -    3s
     0     0    1.89000    0  172    0.64200    1.89000   194%     -    3s
     0     2    1.89000    0  137    0.64200    1.89000   194%     -    3s
H   33    49                       0.6780000    1.89000   179%   167    5s
H  135   171                       0.7260000    1.89000   160%   153    6s
H  175   171                       0.7500000    1.89000   152%   128    6s
H  201   208                       0.8400000    1.89000   125%   114    7s
H  329   315                       0.8580000    1.89000   120%  78.1    8s
   539   534    1.60200   80  608    0.85800    1.89000   120%  62.7   10s
   784   717    1.60200  181  161    0.85800    1.71000  99.3%  52.1   15s
   793   723    1.71000   29  247    0.85800    1.71000  99.3%  51.5   20s
   805   732    1.60200  117  225    0.85800    1.71000  99.3%   132   25s
   814   738    1.60200  128  134    0.85800    1.71000  99.3%   130   30s
   919   815    1.60200   52  261    0.85800    1.71000  99.3%   180   35s
  1244  1032    1.60200  113  242    0.85800    1.71000  99.3%   143   40s
  1507  1160    1.42200   81  134    0.85800    1.71000  99.3%   130   45s
  1873  1361    1.42200  139  222    0.85800    1.71000  99.3%   111   50s
  2149  1538 infeasible  208         0.85800    1.60200  86.7%   104   55s
  2634  1918    1.60200  144  288    0.85800    1.60200  86.7%  91.6   60s
  3384  2348    1.05600  283  119    0.85800    1.60200  86.7%  75.4   65s
  4038  2834    1.38600  159  313    0.85800    1.60200  86.7%  67.6   70s
  4932  3242 infeasible  192         0.85800    1.60200  86.7%  59.2   75s
  5213  3425    1.45800  159  260    0.85800    1.60200  86.7%  58.3   80s
  6033  4005    1.45800  263  301    0.85800    1.60200  86.7%  54.2   86s
  6784  4487 infeasible  149         0.85800    1.60200  86.7%  52.2   91s
  7244  4684    1.45800  197  242    0.85800    1.60200  86.7%  51.4   96s
  7387  4980    1.60200  199  279    0.85800    1.60200  86.7%  51.8  100s
  8327  5381    1.33800  401  154    0.85800    1.60200  86.7%  49.7  105s
  9012  5922    1.45800  223  342    0.85800    1.60200  86.7%  48.2  110s
  9562  6190 infeasible  238         0.85800    1.60200  86.7%  47.7  115s
 10120  6750    1.45800  219  308    0.85800    1.60200  86.7%  47.1  121s
 10694  7177    1.45800  196  373    0.85800    1.60200  86.7%  45.6  125s
 11358  7441 infeasible  214         0.85800    1.60200  86.7%  44.8  131s
 11685  7705    1.45800  189  291    0.85800    1.60200  86.7%  45.1  135s
 12226  7959    1.33800  212  249    0.85800    1.60200  86.7%  45.2  140s
 12935  8248    1.38600  207  235    0.85800    1.60200  86.7%  44.4  145s
 13199  8642    1.38600  179  278    0.85800    1.60200  86.7%  44.4  151s
 14175  9112    1.45800  165  358    0.85800    1.60200  86.7%  42.6  156s
 14629  9380    1.36200  208  172    0.85800    1.60200  86.7%  42.3  196s
 14634  9383    1.45800  214   99    0.85800    1.60200  86.7%  42.3  200s
 14636  9385    1.45800  248  116    0.85800    1.60200  86.7%  42.3  205s
 14638  9386    1.38600  187  164    0.85800    1.60200  86.7%  42.3  210s
 14640  9387    1.60200  187  100    0.85800    1.60200  86.7%  42.3  217s
 14680  9419    1.12200   45  360    0.85800    1.60200  86.7%  45.1  220s
 14752  9468    0.97800   63  239    0.85800    1.60200  86.7%  45.4  225s
 14813  9498    0.97800   78  303    0.85800    1.60200  86.7%  45.4  230s
 14877  9537 infeasible   93         0.85800    1.60200  86.7%  45.3  235s
 14955  9572    0.97800  105  162    0.85800    1.60200  86.7%  45.3  240s
 15072  9590 infeasible  134         0.85800    1.60200  86.7%  45.3  245s
 15141  9644    1.56600   53  125    0.85800    1.60200  86.7%  46.3  250s
 15260  9724    1.56600   80  347    0.85800    1.60200  86.7%  46.6  256s
 15332  9745    1.56600   90  358    0.85800    1.60200  86.7%  46.7  261s
 15410  9804    1.56600  111  345    0.85800    1.60200  86.7%  46.9  266s
 15494  9850    1.56600  132  385    0.85800    1.60200  86.7%  46.9  270s
 15634  9857    1.56600   44  355    0.85800    1.60200  86.7%  47.6  276s
 15680  9906    1.60200   56  405    0.85800    1.60200  86.7%  48.4  280s
 15729  9922    1.60200   70  376    0.85800    1.60200  86.7%  48.6  286s
 15798  9959    1.60200   96  371    0.85800    1.60200  86.7%  48.8  291s
 15862 10018    1.60200  121  456    0.85800    1.60200  86.7%  49.1  297s
 15919 10045    1.60200  135  387    0.85800    1.60200  86.7%  49.2  300s
 15985 10065    1.60200  151  394    0.85800    1.60200  86.7%  49.3  306s
 16047 10095    1.60200  165  419    0.85800    1.60200  86.7%  49.9  310s
 16170 10152    1.28400  202  167    0.85800    1.60200  86.7%  50.4  318s
 16254 10153 infeasible  226         0.85800    1.60200  86.7%  50.7  322s
 16329 10169    1.60200   44  159    0.85800    1.60200  86.7%  51.5  326s
 16382 10207    1.42200   54  169    0.85800    1.60200  86.7%  52.0  330s
H16433  9720                       0.8700000    1.60200  84.1%  52.1  330s
 16517  9800    1.42200  108  290    0.87000    1.60200  84.1%  52.9  339s
 16605  9820    1.18200  135  259    0.87000    1.60200  84.1%  53.5  343s
 16681  9870    1.42200   62  206    0.87000    1.60200  84.1%  53.8  348s
 16762  9901    1.23000   81  464    0.87000    1.60200  84.1%  54.5  352s
 16856  9933    1.56600   50  428    0.87000    1.60200  84.1%  54.8  358s
 16937  9961    1.37400   70  334    0.87000    1.60200  84.1%  55.2  362s
 17022  9978    0.99300   76  282    0.87000    1.60200  84.1%  55.7  368s
 17108 10012    0.87600  107   36    0.87000    1.60200  84.1%  56.0  373s
 17194 10054    1.02600   69  247    0.87000    1.60200  84.1%  56.2  379s
 17285 10100    1.60200   46  323    0.87000    1.60200  84.1%  57.0  385s
 17371 10068 infeasible   58         0.87000    1.60200  84.1%  58.1  393s
 17380 10112    1.11600   58   36    0.87000    1.60200  84.1%  58.3  399s
 17455 10198    1.60200   57  402    0.87000    1.60200  84.1%  58.8  406s
 17570 10234    1.30200   77  362    0.87000    1.60200  84.1%  58.9  413s
 17712 10296 infeasible   99         0.87000    1.60200  84.1%  59.5  420s
 17867 10295    0.97200   98   53    0.87000    1.60200  84.1%  59.9  426s
 17988 10347    1.46400   66  300    0.87000    1.60200  84.1%  60.6  434s
 18109 10461    1.60200   48  189    0.87000    1.60200  84.1%  61.5  442s
 18281 10531    1.45800   77  275    0.87000    1.60200  84.1%  61.6  451s
 18508 10519    1.45800  118  294    0.87000    1.60200  84.1%  61.9  460s
 18649 10588    1.60200   51  450    0.87000    1.60200  84.1%  62.7  467s
 18796 10630    1.08600   77  236    0.87000    1.60200  84.1%  63.5  476s
 18939 10694    1.03500   87  188    0.87000    1.60200  84.1%  64.2  485s
 19102 10717    1.56600   64  262    0.87000    1.60200  84.1%  65.5  496s
 19227 10829    1.09800   77   62    0.87000    1.60200  84.1%  66.3  505s
 19459 10884    1.04400   68   41    0.87000    1.60200  84.1%  66.9  515s
 19689 10910     cutoff   62         0.87000    1.60200  84.1%  67.3  524s
 19875 11018    1.11600   93   68    0.87000    1.60200  84.1%  68.3  534s
 20098 11109    1.17000   78   78    0.87000    1.60200  84.1%  68.5  544s
 20323 11161    0.95400   78   36    0.87000    1.60200  84.1%  68.6  554s
 20516 11221    1.56600   55  118    0.87000    1.60200  84.1%  69.7  564s
 20707 11298    1.56600   63  378    0.87000    1.60200  84.1%  70.2  574s
 20894 11395    1.23000   95  549    0.87000    1.60200  84.1%  70.8  584s
 21145 11450    1.56600   49  269    0.87000    1.60200  84.1%  71.4  596s
 21304 11543    1.49400   87  326    0.87000    1.60200  84.1%  71.9  608s
 21538 11577    1.60200   44  229    0.87000    1.60200  84.1%  72.5  621s
 21722 11635    0.97200   81   62    0.87000    1.60200  84.1%  73.3  632s
 21911 11713    1.20600   52  321    0.87000    1.60200  84.1%  73.6  642s
 22112 11767     cutoff   61         0.87000    1.60200  84.1%  74.2  652s
 22314 11872    1.33200   56  382    0.87000    1.60200  84.1%  75.1  664s
 22558 11920    1.08000   65   44    0.87000    1.60200  84.1%  76.2  679s
 22773 11922     cutoff   75         0.87000    1.60200  84.1%  76.7  700s
 22883 12008 infeasible   79         0.87000    1.60200  84.1%  77.3  715s
 23073 12082    1.42200   60   96    0.87000    1.60200  84.1%  78.2  733s
 23293 12185    1.56600   48  195    0.87000    1.60200  84.1%  79.0  748s
 23513 12236    1.56600  101  417    0.87000    1.60200  84.1%  79.6  764s
 23733 12282    1.17000   74   97    0.87000    1.60200  84.1%  79.9  775s
 23928 12363    1.49400   50  907    0.87000    1.60200  84.1%  80.1  794s
 24136 12489    0.89400  104   30    0.87000    1.60200  84.1%  80.3  808s
 24369 12595    1.42200  112  270    0.87000    1.60200  84.1%  80.5  823s
 24617 12639    0.99000   64   45    0.87000    1.60200  84.1%  80.5  837s
 24800 12762    1.42200   68  411    0.87000    1.60200  84.1%  80.7  855s
 25043 12822    0.95400   66   64    0.87000    1.60200  84.1%  80.8  869s
 25228 12912    1.49400   55  383    0.87000    1.60200  84.1%  81.0  880s
 25412 13008    1.56600   81  233    0.87000    1.60200  84.1%  81.5  894s
 25653 13066    1.04400   71   79    0.87000    1.60200  84.1%  81.7  907s
 25889 13087    1.09800   63   35    0.87000    1.60200  84.1%  81.8  922s
 26024 13153    1.20600   53  426    0.87000    1.60200  84.1%  81.6  934s
 26186 13234    1.00800   97   72    0.87000    1.60200  84.1%  81.8  945s
 26387 13296    1.56600   53  324    0.87000    1.60200  84.1%  82.1  957s
 26591 13397    1.48200   73  701    0.87000    1.60200  84.1%  82.9  971s
 26830 13459    1.12200   49  273    0.87000    1.60200  84.1%  82.9  985s
 27026 13549    1.32600   68  230    0.87000    1.60200  84.1%  83.2 1000s
 27237 13626    1.37400   98  257    0.87000    1.60200  84.1%  83.3 1012s
 27469 13677    1.23000   58  260    0.87000    1.60200  84.1%  83.7 1025s
 27685 13736 infeasible   72         0.87000    1.60200  84.1%  84.0 1038s
 27882 13797    1.49400   85  528    0.87000    1.60200  84.1%  84.2 1050s
 28075 13928    1.45800   53  591    0.87000    1.60200  84.1%  84.6 1062s
 28334 14012 infeasible  115         0.87000    1.60200  84.1%  84.4 1074s
 28552 14085    1.49400   99  449    0.87000    1.60200  84.1%  84.6 1085s
 28770 14196    1.49400   63  310    0.87000    1.60200  84.1%  85.0 1096s
 29024 14295     cutoff   88         0.87000    1.60200  84.1%  85.1 1107s
 29293 14264    1.08600  128  177    0.87000    1.60200  84.1%  85.2 1122s
 29398 14538    0.96000   98   67    0.87000    1.60200  84.1%  85.2 1142s
 29798 14551 infeasible   94         0.87000    1.60200  84.1%  85.5 1155s
 30030 14649    1.56600   68  349    0.87000    1.60200  84.1%  85.7 1166s
 30246 14722    1.24200   83  195    0.87000    1.60200  84.1%  85.9 1179s
 30485 14763    0.99000   68  102    0.87000    1.60200  84.1%  86.2 1190s
 30669 14835    1.49400   89  381    0.87000    1.60200  84.1%  86.8 1203s
 30885 14926    1.35000   58  156    0.87000    1.60200  84.1%  86.7 1214s
 31121 14987    1.04400   53   40    0.87000    1.60200  84.1%  87.0 1228s
 31356 15022    1.49400   59  257    0.87000    1.60200  84.1%  87.0 1239s
 31552 15104    1.35000   46  351    0.87000    1.60200  84.1%  87.3 1253s
 31761 15187    1.42200   62  531    0.87000    1.60200  84.1%  87.5 1265s
 31954 15258 infeasible  131         0.87000    1.60200  84.1%  88.1 1276s
 32167 15299 infeasible  110         0.87000    1.60200  84.1%  88.2 1286s
 32379 15354    1.42200   70  253    0.87000    1.60200  84.1%  88.5 1297s
 32573 15419    1.39500   94  437    0.87000    1.60200  84.1%  88.6 1308s
 32756 15524    1.56600   43  107    0.87000    1.60200  84.1%  89.1 1321s
 32954 15536    1.06200   71  465    0.87000    1.60200  84.1%  89.2 1332s
 33117 15620    0.91800   64  292    0.87000    1.60200  84.1%  89.9 1343s
 33320 15647    1.53000   47  496    0.87000    1.60200  84.1%  90.1 1354s
 33495 15691    1.42200   63  214    0.87000    1.60200  84.1%  90.6 1365s
 33673 15756    1.18800   59  113    0.87000    1.60200  84.1%  91.2 1377s
 33867 15852    1.42200   50  555    0.87000    1.60200  84.1%  91.5 1387s
 34091 15937 infeasible  110         0.87000    1.60200  84.1%  91.8 1398s
 34300 15966    1.08600  105  303    0.87000    1.60200  84.1%  91.8 1408s
 34499 16045    0.88200   91   50    0.87000    1.60200  84.1%  92.3 1419s
 34706 16107 infeasible   83         0.87000    1.60200  84.1%  92.6 1429s
 34919 16148    1.56600   45  124    0.87000    1.60200  84.1%  92.9 1441s
 35148 16223    1.56600   55  480    0.87000    1.60200  84.1%  93.2 1451s
 35344 16285    1.56600   54  352    0.87000    1.60200  84.1%  93.3 1461s
 35534 16376    1.56600   55  562    0.87000    1.60200  84.1%  93.4 1473s
 35724 16435    1.09800   59   72    0.87000    1.60200  84.1%  93.5 1484s
 35899 16539    1.06200   72   97    0.87000    1.60200  84.1%  93.7 1495s
 36137 16585 infeasible   74         0.87000    1.60200  84.1%  93.7 1506s
 36365 16635     cutoff   71         0.87000    1.60200  84.1%  93.7 1517s
 36545 16696    1.56600   48  789    0.87000    1.60200  84.1%  94.0 1528s
 36760 16726    0.95400   75   38    0.87000    1.60200  84.1%  94.2 1538s
 36932 16810    1.06200   85   48    0.87000    1.60200  84.1%  94.7 1551s
H36968 15622                       0.8880000    1.60200  80.4%  94.6 1551s
 37149 15685    1.42200   60  247    0.88800    1.60200  80.4%  94.5 1563s
 37315 15732    1.13400   53  386    0.88800    1.60200  80.4%  94.7 1575s
 37475 15737    1.15800   56  233    0.88800    1.60200  80.4%  94.9 1588s
 37602 15846 infeasible   55         0.88800    1.60200  80.4%  95.1 1600s
 37805 15892    1.56600   51  524    0.88800    1.60200  80.4%  95.1 1612s
 37998 15914    1.56600   49  356    0.88800    1.60200  80.4%  95.9 1626s
 38148 16024     cutoff   60         0.88800    1.60200  80.4%  96.0 1639s
 38377 16136    1.60200   46  649    0.88800    1.60200  80.4%  96.3 1654s
 38637 16129    1.49400   49  262    0.88800    1.60200  80.4%  96.3 1669s
 38818 16190    1.06200   66  318    0.88800    1.60200  80.4%  96.6 1683s
 38960 16331    1.56600   90  428    0.88800    1.60200  80.4%  96.6 1696s
 39224 16370    0.94200  117   45    0.88800    1.60200  80.4%  96.9 1708s
 39472 16413    0.90000   54   46    0.88800    1.60200  80.4%  96.9 1720s
 39676 16484    1.49400   48  323    0.88800    1.60200  80.4%  96.9 1731s
 39870 16483    0.93600   79   28    0.88800    1.60200  80.4%  97.4 1743s
 39968 16568    1.13400   61   85    0.88800    1.60200  80.4%  97.5 1755s
 40191 16701    1.56600   54  607    0.88800    1.60200  80.4%  97.8 1767s
 40407 16839    1.56600   78  499    0.88800    1.60200  80.4%  97.9 1780s
 40589 16931    1.49400   52  582    0.88800    1.60200  80.4%  98.4 1793s
 40747 17053     cutoff   63         0.88800    1.60200  80.4%  98.8 1805s
 40941 17161    1.13400   56  309    0.88800    1.60200  80.4%  99.2 1818s
 41129 17279    1.08600   69  339    0.88800    1.60200  80.4%   100 1831s
 41336 17432    1.17000   72  199    0.88800    1.60200  80.4%   100 1845s
 41587 17596    1.60200   46  336    0.88800    1.60200  80.4%   101 1857s
 41815 17757    1.12200   45  281    0.88800    1.60200  80.4%   101 1870s
 42024 17960    0.97800  103  177    0.88800    1.60200  80.4%   101 1884s
 42301 18174    1.20600   64  215    0.88800    1.60200  80.4%   100 1896s
 42579 18358    1.13400   79  249    0.88800    1.60200  80.4%   100 1912s
 42853 18462    1.00800  101  166    0.88800    1.60200  80.4%   100 1925s
 43052 18609    1.23000   55  323    0.88800    1.60200  80.4%   100 1936s
 43257 18752 infeasible   90         0.88800    1.60200  80.4%   101 1947s
 43472 18868 infeasible  102         0.88800    1.60200  80.4%   101 1958s
 43664 18986    1.60200   51  571    0.88800    1.60200  80.4%   101 1971s
 43846 19141    0.91800   62  270    0.88800    1.60200  80.4%   101 1984s
 44053 19260    0.95400  107   48    0.88800    1.60200  80.4%   102 1997s
 44272 19375    1.56600   48  476    0.88800    1.60200  80.4%   102 2007s
 44452 19554 infeasible   46         0.88800    1.60200  80.4%   102 2019s
 44651 19674    1.49400   58  429    0.88800    1.60200  80.4%   102 2034s
 44835 19767    1.49400   86  392    0.88800    1.60200  80.4%   103 2046s
 45015 19911    1.56600   69  351    0.88800    1.60200  80.4%   103 2059s
 45234 20036    1.42200   69  284    0.88800    1.60200  80.4%   103 2071s
 45427 20168 infeasible   74         0.88800    1.60200  80.4%   103 2082s
 45641 20312     cutoff   51         0.88800    1.60200  80.4%   103 2094s
 45855 20345 infeasible  109         0.88800    1.60200  80.4%   103 2109s
 45912 20462     cutoff   78         0.88800    1.60200  80.4%   103 2121s
 46137 20578    1.01400   62  380    0.88800    1.60200  80.4%   104 2135s
 46319 20733    1.17000   72  128    0.88800    1.60200  80.4%   104 2149s
 46542 20925    1.23000   53  300    0.88800    1.60200  80.4%   104 2163s
 46826 21070    1.06200   74   42    0.88800    1.60200  80.4%   104 2174s
 47042 21197    1.32600   62  515    0.88800    1.60200  80.4%   104 2186s
 47247 21305 infeasible   99         0.88800    1.60200  80.4%   104 2200s
 47433 21431    1.56600   44  446    0.88800    1.60200  80.4%   104 2216s
 47623 21577    1.49400   53  631    0.88800    1.60200  80.4%   105 2232s
 47850 21714    1.60200   44  143    0.88800    1.60200  80.4%   105 2247s
 48027 21857    1.56600   91  352    0.88800    1.60200  80.4%   105 2261s
 48224 21948    1.30500   50  397    0.88800    1.60200  80.4%   105 2277s
 48413 22065    1.56600   55  555    0.88800    1.60200  80.4%   105 2293s
 48636 22222    1.32600   52  213    0.88800    1.60200  80.4%   105 2311s
 48885 22331     cutoff   58         0.88800    1.60200  80.4%   106 2326s
 49050 22430    1.56600   55  612    0.88800    1.60200  80.4%   106 2341s
 49212 22611    1.56600   46  363    0.88800    1.60200  80.4%   107 2356s
 49440 22734    1.13400   64   66    0.88800    1.60200  80.4%   106 2373s
 49636 22792    0.95400   67   41    0.88800    1.60200  80.4%   107 2388s
 49754 22922    1.49400   49  433    0.88800    1.60200  80.4%   107 2404s
 49956 23126    1.01400   67  196    0.88800    1.60200  80.4%   107 2419s
 50199 23228    1.04400   72   82    0.88800    1.60200  80.4%   107 2434s
 50389 23353    1.13400   54  385    0.88800    1.60200  80.4%   107 2450s
 50604 23494    1.09800   61   97    0.88800    1.60200  80.4%   107 2463s
 50814 23652    1.60200   40  581    0.88800    1.60200  80.4%   107 2478s
 51030 23774    1.60200   60  538    0.88800    1.60200  80.4%   107 2492s
 51217 23892    1.21800   45  383    0.88800    1.60200  80.4%   108 2507s
 51392 24001    1.30200   89  401    0.88800    1.60200  80.4%   108 2525s
 51611 24147    1.35000   82  266    0.88800    1.60200  80.4%   108 2543s
 51853 24298    1.42200   70  208    0.88800    1.60200  80.4%   108 2563s
 52076 24437    1.56600   45  374    0.88800    1.60200  80.4%   109 2578s
 52287 24556    1.49400   55  688    0.88800    1.60200  80.4%   109 2593s
 52489 24653    1.11600   74   56    0.88800    1.60200  80.4%   109 2606s
 52686 24780    0.97200   47   87    0.88800    1.60200  80.4%   109 2620s
 52871 24934    1.20600   80  251    0.88800    1.60200  80.4%   109 2636s
 53089 25065    1.00800   87   57    0.88800    1.60200  80.4%   110 2653s
 53283 25202    1.08000   73   69    0.88800    1.60200  80.4%   110 2668s
 53490 25332    1.17000   76  164    0.88800    1.60200  80.4%   110 2683s
 53686 25482    1.02600   92   64    0.88800    1.60200  80.4%   110 2699s
 53914 25610    0.90000   50   47    0.88800    1.60200  80.4%   110 2714s
 54116 25740    1.49400   75  262    0.88800    1.60200  80.4%   110 2731s
 54308 25852    1.20600   55  380    0.88800    1.60200  80.4%   110 2747s
 54503 25992    1.09800   80   54    0.88800    1.60200  80.4%   110 2764s
 54680 26190    0.99000   76   38    0.88800    1.60200  80.4%   110 2779s
 54928 26329 infeasible  100         0.88800    1.60200  80.4%   110 2794s
 55122 26489    0.97200   74   41    0.88800    1.60200  80.4%   110 2809s
 55358 26661    1.56600   52  520    0.88800    1.60200  80.4%   110 2826s
 55572 26864    1.08000   78   97    0.88800    1.60200  80.4%   110 2844s
 55837 26970    1.18800  112  140    0.88800    1.60200  80.4%   110 2856s
 56032 27092    1.56600   61  730    0.88800    1.60200  80.4%   110 2867s
 56234 27261    1.42200   57  329    0.88800    1.60200  80.4%   110 2877s
 56468 27441    1.08600  131  243    0.88800    1.60200  80.4%   110 2888s
 56740 27573     cutoff   63         0.88800    1.60200  80.4%   110 2898s
 56892 27676    1.32600   90  419    0.88800    1.60200  80.4%   110 2910s
 57051 27807    1.60200   48  429    0.88800    1.60200  80.4%   111 2920s
 57251 27920    0.91800   61   45    0.88800    1.60200  80.4%   111 2929s
 57436 27998    1.25400   69  500    0.88800    1.60200  80.4%   111 2939s
 57638 28105    1.60200   47  338    0.88800    1.60200  80.4%   111 2949s
 57801 28199    1.23000  105  336    0.88800    1.60200  80.4%   111 2960s
 57978 28354    1.06200   64   63    0.88800    1.60200  80.4%   112 2970s
 58199 28446 infeasible   53         0.88800    1.60200  80.4%   112 2980s
 58370 28568    0.91800   66   51    0.88800    1.60200  80.4%   112 2990s
 58560 28668    1.00800   81   64    0.88800    1.60200  80.4%   112 3000s
 58765 28763    1.45800   57  303    0.88800    1.60200  80.4%   112 3010s
 58946 28861    1.03800   84  399    0.88800    1.60200  80.4%   112 3020s
 59133 29063    0.97200   54   69    0.88800    1.60200  80.4%   113 3031s
 59355 29177    1.49400   91  544    0.88800    1.60200  80.4%   112 3043s
 59589 29353 infeasible   98         0.88800    1.60200  80.4%   113 3053s
 59829 29531    1.25400   70  496    0.88800    1.60200  80.4%   113 3065s
 60080 29680    1.13400   87  115    0.88800    1.60200  80.4%   113 3078s
 60297 29845    1.09800   81  127    0.88800    1.60200  80.4%   113 3090s
 60526 29997    0.91800   93   38    0.88800    1.60200  80.4%   113 3099s
 60716 30089    1.21800   61  315    0.88800    1.60200  80.4%   113 3109s
 60908 30219    1.53000   45  390    0.88800    1.60200  80.4%   113 3118s
 61116 30367    1.14600   77  215    0.88800    1.60200  80.4%   113 3128s
 61320 30496    0.90000   69   71    0.88800    1.60200  80.4%   113 3137s
 61527 30632    1.30200   69  307    0.88800    1.60200  80.4%   113 3147s
 61727 30694    1.49400   63  335    0.88800    1.60200  80.4%   113 3158s
 61797 30887 infeasible  109         0.88800    1.60200  80.4%   113 3169s
 62064 31082    1.02600   58   52    0.88800    1.60200  80.4%   113 3179s
 62358 31210 infeasible   71         0.88800    1.60200  80.4%   113 3188s
 62530 31369    1.49400   67  519    0.88800    1.60200  80.4%   113 3198s
 62741 31471    1.00800   91   36    0.88800    1.60200  80.4%   113 3208s
 62915 31602    1.00800   67   70    0.88800    1.60200  80.4%   113 3217s
 63104 31671    1.38600   57  484    0.88800    1.60200  80.4%   113 3226s
 63287 31722    1.42200   51  701    0.88800    1.60200  80.4%   113 3235s
 63428 31870    1.45800   48  213    0.88800    1.60200  80.4%   113 3244s
 63614 32013    1.06200   71   99    0.88800    1.60200  80.4%   113 3253s
 63797 32116    1.00800   60   82    0.88800    1.60200  80.4%   113 3263s
 63974 32200    1.45800   51  201    0.88800    1.60200  80.4%   113 3273s
 64131 32339    1.08000   65  127    0.88800    1.60200  80.4%   114 3282s
 64307 32395    1.38600   67  517    0.88800    1.60200  80.4%   114 3292s
 64483 32497 infeasible   70         0.88800    1.60200  80.4%   114 3302s
 64675 32633    1.49400   56  356    0.88800    1.60200  80.4%   114 3311s
 64848 32764    1.04400   63  101    0.88800    1.60200  80.4%   114 3321s
 65064 32807    1.45800   53  495    0.88800    1.60200  80.4%   114 3333s
 65139 32908    0.90000   60   49    0.88800    1.60200  80.4%   114 3344s
 65342 33010    1.00800   79   72    0.88800    1.60200  80.4%   114 3354s
 65498 33113    1.38600   55  388    0.88800    1.60200  80.4%   114 3364s
 65669 33221    1.12200   69  290    0.88800    1.60200  80.4%   115 3375s
 65839 33375    1.36200   86  393    0.88800    1.60200  80.4%   115 3386s
 66064 33479 infeasible   84         0.88800    1.60200  80.4%   115 3396s
 66240 33572 infeasible  112         0.88800    1.60200  80.4%   115 3406s
 66429 33654     cutoff   57         0.88800    1.60200  80.4%   115 3415s
 66592 33780    1.02000   79  115    0.88800    1.60200  80.4%   115 3426s
 66766 33921    1.38600   59  238    0.88800    1.60200  80.4%   115 3437s
 66975 34070    0.91800   81   56    0.88800    1.60200  80.4%   115 3448s
 67182 34191    1.42200   70  472    0.88800    1.60200  80.4%   115 3460s
 67400 34297     cutoff   59         0.88800    1.60200  80.4%   115 3470s
 67598 34462    1.45800   89  364    0.88800    1.60200  80.4%   116 3482s
 67886 34584 infeasible   53         0.88800    1.60200  80.4%   115 3492s
 68076 34677    1.45800   62  360    0.88800    1.60200  80.4%   116 3503s
 68258 34729    1.33200   49  509    0.88800    1.60200  80.4%   116 3516s
 68320 34898    1.08000   50   55    0.88800    1.60200  80.4%   116 3528s
 68563 35019    1.00800   66   57    0.88800    1.60200  80.4%   115 3539s
 68752 35162 infeasible  100         0.88800    1.60200  80.4%   115 3549s
 68968 35324    1.42200   65  366    0.88800    1.60200  80.4%   115 3561s
 69206 35425    1.26900   69  435    0.88800    1.60200  80.4%   115 3571s
 69381 35566    1.02600   62   73    0.88800    1.60200  80.4%   116 3582s
 69592 35721    1.00800   67   56    0.88800    1.60200  80.4%   115 3592s
 69806 35773 infeasible   81         0.88800    1.60200  80.4%   115 3600s

Cutting planes:
  Learned: 10
  Gomory: 41
  Cover: 1666
  Implied bound: 719
  Clique: 370
  MIR: 45
  Mixing: 8
  Flow cover: 1489
  Inf proof: 27
  Zero half: 10
  RLT: 139
  Relax-and-lift: 303
  BQP: 6
  PSD: 155

Explored 69921 nodes (8100386 simplex iterations) in 3600.04 seconds (3799.00 work units)
Thread count was 4 (of 4 available processors)

Solution count 10: 0.888 0.87 0.858 ... 0.606

Time limit reached
Best objective 8.880000000000e-01, best bound 1.602000000000e+00, gap 80.4054%
