12 32 8 4
0 0 0 6 3 2 1 1 0
0 0 2 6 3 2 1 1 0
0 0 4 6 3 2 1 1 0
0 0 6 6 3 2 1 1 0
0 3 0 6 3 2 1 1 0
0 3 2 6 3 2 1 1 0
0 3 4 6 3 2 1 1 0
0 3 6 6 3 2 1 1 0
6 0 0 6 4 3 2 1 0
6 0 3 6 4 3 2 1 0
6 4 0 6 4 3 2 1 0
6 4 3 6 4 3 2 1 0
6 0 6 4 3 2 4 1 0
6 3 6 4 3 2 4 1 0
0 8 0 6 4 3 2 1 1
0 8 3 6 4 3 2 1 1
0 12 0 6 4 3 2 1 1
0 12 3 6 4 3 2 1 1
6 8 0 6 4 3 2 1 1
6 8 3 6 4 3 2 1 1
0 8 6 8 3 2 3 1 1
0 11 6 8 3 2 3 1 1
6 12 0 4 3 2 4 1 1
6 12 2 4 3 2 4 1 1
6 12 4 4 3 2 4 1 1
8 8 6 4 3 2 4 1 1
0 16 0 8 3 2 3 1 2
0 16 2 8 3 2 3 1 2
0 16 4 8 3 2 3 1 2
0 16 6 8 3 2 3 1 2
0 19 0 8 3 2 3 1 2
0 19 2 8 3 2 3 1 2
0 19 4 8 3 2 3 1 2
0 19 6 8 3 2 3 1 2
8 16 0 4 4 3 5 1 2
8 16 3 4 4 3 5 1 2
8 20 0 4 4 3 5 1 2
8 20 3 4 4 3 5 1 2
0 24 0 4 4 3 5 1 3
0 24 3 4 4 3 5 1 3
0 28 0 4 4 3 5 1 3
0 28 3 4 4 3 5 1 3
