
Gurobi 12.0.2 (win64) logging started Sat Dec  6 15:08:30 2025

Set parameter LogFile to value "resultados DATA_1_n10m05b2d2\instancia_2_log.txt"
Gurobi Optimizer version 12.0.2 build v12.0.2rc0 (win64 - Windows 10.0 (19045.2))

CPU model: Intel(R) Core(TM) i5-6300U CPU @ 2.40GHz, instruction set [SSE2|AVX|AVX2]
Thread count: 2 physical cores, 4 logical processors, using up to 4 threads

Non-default parameters:
TimeLimit  3600

Optimize a model with 14496 rows, 24832 columns and 53184 nonzeros
Model fingerprint: 0xe75e3602
Variable types: 192 continuous, 24640 integer (24640 binary)
Coefficient statistics:
  Matrix range     [1e+00, 1e+03]
  Objective range  [2e-02, 6e-02]
  Bounds range     [1e+00, 1e+00]
  RHS range        [1e+00, 1e+03]
Found heuristic solution: objective 0.0200000
Presolve removed 0 rows and 12480 columns
Presolve time: 0.20s
Presolved: 14496 rows, 12352 columns, 53184 nonzeros
Variable types: 192 continuous, 12160 integer (12160 binary)

Root relaxation: objective 1.614000e+00, 4221 iterations, 0.11 seconds (0.07 work units)

    Nodes    |    Current Node    |     Objective Bounds      |     Work
 Expl Unexpl |  Obj  Depth IntInf | Incumbent    BestBd   Gap | It/Node Time

     0     0    1.61400    0   94    0.02000    1.61400  7970%     -    0s
H    0     0                       0.2310000    1.61400   599%     -    0s
H    0     0                       0.3430000    1.61400   371%     -    0s
H    0     0                       0.3500000    1.61400   361%     -    0s
H    0     0                       0.3530000    1.61400   357%     -    0s
H    0     0                       0.3550000    1.61400   355%     -    0s
     0     0    1.61400    0  947    0.35500    1.61400   355%     -    1s
H    0     0                       0.5310000    1.61400   204%     -    1s
H    0     0                       0.5510000    1.61400   193%     -    1s
     0     0    1.61400    0  781    0.55100    1.61400   193%     -    1s
     0     0    1.61400    0   94    0.55100    1.61400   193%     -    3s
H    0     0                       0.5690000    1.61400   184%     -    3s
     0     0    1.61400    0  126    0.56900    1.61400   184%     -    3s
     0     0    1.61400    0  111    0.56900    1.61400   184%     -    4s
     0     0    1.61400    0  120    0.56900    1.61400   184%     -    4s
     0     0    1.61400    0   88    0.56900    1.61400   184%     -    5s
     0     0    1.61400    0   86    0.56900    1.61400   184%     -    5s
H    0     0                       0.5890000    1.61400   174%     -    5s
H    0     0                       0.6070000    1.61400   166%     -    6s
H    0     0                       0.6090000    1.61400   165%     -    6s
     0     2    1.61400    0   84    0.60900    1.61400   165%     -    6s
H   26    39                       0.6250000    1.61400   158%   312    7s
H   38   146                       0.6270000    1.61400   157%   423    9s
H   52   146                       0.7260000    1.61400   122%   394    9s
H  106   146                       0.7320000    1.61400   120%   281    9s
H  145   362                       0.7770000    1.61400   108%   276   11s
H  365   445                       0.8270000    1.61400  95.2%   213   13s
H  406   445                       0.8310000    1.61400  94.2%   218   13s
   460   560    1.61400  143  159    0.83100    1.61400  94.2%   216   15s
H  532   560                       0.8490000    1.61400  90.1%   202   15s
H  601   698                       0.8510000    1.61400  89.7%   200   16s
   867   864    1.61400  201  156    0.85100    1.61400  89.7%   198   20s
H 1065   864                       0.9050000    1.61400  78.3%   168   20s
  1130   878    1.61400   52  104    0.90500    1.61400  78.3%   187   25s
  1136   882    1.61400  183  107    0.90500    1.61400  78.3%   186   30s
  1142   886    1.61400  146  112    0.90500    1.61400  78.3%   185   35s
  1172   915    1.02900   21  108    0.90500    1.61400  78.3%   254   40s
  1306  1143    1.02900   53  129    0.90500    1.61400  78.3%   247   47s
  1467  1130    1.02900   97   99    0.90500    1.61400  78.3%   234   50s
  1597  1281    1.02900   98  114    0.90500    1.61400  78.3%   237   57s
  1706  1410    1.02900  113  105    0.90500    1.61400  78.3%   237   60s
  2072  1543    1.02900  211  152    0.90500    1.61400  78.3%   220   65s
  2363  1569    1.02900  281  108    0.90500    1.61400  78.3%   216   72s
  2428  1594    1.02900  286  104    0.90500    1.61400  78.3%   216   75s
  2525  1663    1.02900  287   99    0.90500    1.61400  78.3%   222   80s
  2646  1726    1.02900  288   90    0.90500    1.61400  78.3%   223   86s
  2850  1935 infeasible  304         0.90500    1.61400  78.3%   212   92s
  3040  2065 infeasible  200         0.90500    1.61400  78.3%   202   96s
  3452  2208    1.41600  440  278    0.90500    1.61400  78.3%   180  101s
  3803  2421    1.61400  129  208    0.90500    1.61400  78.3%   174  107s
  3966  2492    1.61400  124  256    0.90500    1.61400  78.3%   173  110s
  4222  2826    1.61400  163  209    0.90500    1.61400  78.3%   174  115s
  4463  2965    1.56900  156  365    0.90500    1.61400  78.3%   169  123s
  4622  3122 infeasible  138         0.90500    1.61400  78.3%   169  126s
  4783  3438    1.47900  271  334    0.90500    1.61400  78.3%   164  130s
  5481  4109    1.30500  737  246    0.90500    1.61400  78.3%   149  137s
  5900  4192 infeasible  919         0.90500    1.61400  78.3%   141  140s
  6153  4662    1.47900  205  278    0.90500    1.61400  78.3%   141  148s
  6542  5283    1.47900  277  256    0.90500    1.61400  78.3%   135  152s
  7197  5272    1.47900  397  325    0.90500    1.61400  78.3%   125  155s
H 7217  5272                       0.9210000    1.61400  75.2%   125  155s
  7218  5323    1.61400   65  205    0.92100    1.61400  75.2%   125  160s
  7293  5849    1.61400   82  136    0.92100    1.61400  75.2%   129  173s
  7997  6013    1.61400   47  315    0.92100    1.61400  75.2%   123  176s
  8217  6051    1.47900  129  414    0.92100    1.61400  75.2%   126  180s
  8616  6386    1.45900  402  370    0.92100    1.61400  75.2%   121  189s
  8618  6384 infeasible  403         0.92100    1.61400  75.2%   121  192s
  8624  6386    1.45900  401  352    0.92100    1.61400  75.2%   121  195s
  8626  6386 infeasible  402         0.92100    1.61400  75.2%   121  200s
  8635  6385 infeasible  399         0.92100    1.61400  75.2%   121  207s
  8639  6442    1.61400   88  303    0.92100    1.61400  75.2%   121  210s
  8798  6508    1.61400   90  319    0.92100    1.61400  75.2%   121  218s
  8830  6734    1.47900  116  379    0.92100    1.61400  75.2%   121  222s
  9060  6944    1.41900  343  335    0.92100    1.61400  75.2%   118  227s
  9276  7307    1.38300  555  338    0.92100    1.61400  75.2%   116  231s
  9651  7890    1.29300  727  265    0.92100    1.61400  75.2%   112  235s
 10576  8314    1.40100  389  287    0.92100    1.61400  75.2%   105  240s
 11046  9075    1.47900  208  418    0.92100    1.61400  75.2%   104  246s
 11855  9835    1.47900  212  483    0.92100    1.61400  75.2%  98.7  250s
 12593 10150    1.56900  200  306    0.92100    1.61400  75.2%  95.8  255s
 13187 10573    1.56900   95  436    0.92100    1.61400  75.2%  95.1  261s
 13471 10749    1.47900  155  527    0.92100    1.61400  75.2%  95.7  266s
 13702 10807    1.56900  177  268    0.92100    1.61400  75.2%  97.5  271s
 13724 10809    1.56900  181  291    0.92100    1.61400  75.2%  97.5  275s
 13786 10884    1.56900  182  335    0.92100    1.61400  75.2%  98.7  281s
 13981 11208    1.56900  196  345    0.92100    1.61400  75.2%  99.3  286s
 14415 11609    1.56900  230  346    0.92100    1.61400  75.2%  97.5  290s
 14712 11605    1.61400  125  192    0.92100    1.61400  75.2%  97.4  362s
 14860 11739    1.61400   87  249    0.92100    1.61400  75.2%   101  367s
 15094 11804    1.47900  135  597    0.92100    1.61400  75.2%   103  372s
 15291 12013 infeasible  113         0.92100    1.61400  75.2%   106  377s
 15608 12195    1.61400   82  198    0.92100    1.61400  75.2%   107  382s
 15884 12192    1.61400  107  222    0.92100    1.61400  75.2%   109  386s
 16021 12248    1.61400   80  313    0.92100    1.61400  75.2%   112  390s
 16149 12404 infeasible  156         0.92100    1.61400  75.2%   115  395s
 16654 12629 infeasible  152         0.92100    1.61400  75.2%   117  403s
 16788 12684    1.61400   93  210    0.92100    1.61400  75.2%   120  407s
 16971 12706    1.61400  164  159    0.92100    1.61400  75.2%   122  412s
 17157 13021    1.56900  117  257    0.92100    1.61400  75.2%   124  416s
 17488 13322    1.47900  369  347    0.92100    1.61400  75.2%   124  421s
 18147 13726    1.61400  229  207    0.92100    1.61400  75.2%   123  428s
 18468 13728    1.61400   83  310    0.92100    1.61400  75.2%   123  431s
 18474 13886    1.61400   84  254    0.92100    1.61400  75.2%   123  438s
 18634 13933 infeasible   85         0.92100    1.61400  75.2%   122  442s
 18803 14083 infeasible  253         0.92100    1.61400  75.2%   123  445s
 19390 15083    1.41900  401  308    0.92100    1.61400  75.2%   121  453s
 20091 15294 infeasible  787         0.92100    1.61400  75.2%   118  456s
H20376 15297                       0.9250000    1.61400  74.5%   118  459s
 20379 15453    1.47900  284  399    0.92500    1.61400  74.5%   118  462s
 20541 15641    1.47900  377  546    0.92500    1.61400  74.5%   117  465s
 20882 15673 infeasible   73         0.92500    1.61400  74.5%   119  471s
 21042 15761    1.61400   48  192    0.92500    1.61400  74.5%   122  476s
 21135 16012    1.47900  101  333    0.92500    1.61400  74.5%   124  480s
 21601 16476    1.61400   56  241    0.92500    1.61400  74.5%   122  485s
 22048 16962    1.61400   79  282    0.92500    1.61400  74.5%   120  490s
 23001 17294    1.61400   62  153    0.92500    1.61400  74.5%   119  496s
 23237 17466    1.61400  131  350    0.92500    1.61400  74.5%   120  501s
 23339 17547    1.61400  160  224    0.92500    1.61400  74.5%   121  505s
 23422 17583    1.61400  182  142    0.92500    1.61400  74.5%   122  510s
 23637 17737    1.61400  113  130    0.92500    1.61400  74.5%   124  517s
 23740 17768    1.61400  165  180    0.92500    1.61400  74.5%   125  520s
 23912 17805    1.61400  189  340    0.92500    1.61400  74.5%   128  526s
 24059 17964    1.61400  204  168    0.92500    1.61400  74.5%   131  532s
 24203 18026    1.61400  223  159    0.92500    1.61400  74.5%   131  535s
 24479 18184    1.61400  243  164    0.92500    1.61400  74.5%   134  542s
 24645 18174 infeasible  232         0.92500    1.61400  74.5%   135  546s
 24766 18317 infeasible  231         0.92500    1.61400  74.5%   137  553s
 24920 18393    1.61400   64  212    0.92500    1.61400  74.5%   137  557s
 25084 18484    1.56900  111  200    0.92500    1.61400  74.5%   137  560s
 25448 18778 infeasible   53         0.92500    1.61400  74.5%   138  568s
 25623 18921    1.61400   32  100    0.92500    1.61400  74.5%   138  572s
 25802 19095    1.20400   74  150    0.92500    1.61400  74.5%   138  575s
 26004 19145    1.20400  136  194    0.92500    1.61400  74.5%   137  582s
 26234 19851    1.20400  192  207    0.92500    1.61400  74.5%   136  588s
 26785 19951    1.15900  355  198    0.92500    1.61400  74.5%   134  591s
 27077 20190    1.29400   73  168    0.92500    1.61400  74.5%   134  597s
 27228 20283    1.20400  172  184    0.92500    1.61400  74.5%   135  600s
 27464 20575    1.52400   80  392    0.92500    1.61400  74.5%   137  607s
 27720 21045    1.43400  300  412    0.92500    1.61400  74.5%   137  611s
 28418 21200    1.52400   72  279    0.92500    1.61400  74.5%   136  618s
 28420 21202    1.52400   73  225    0.92500    1.61400  74.5%   136  621s
 28424 21367    1.52400   74  224    0.92500    1.61400  74.5%   136  628s
 28593 21454    1.47900  158  416    0.92500    1.61400  74.5%   135  632s
 28869 21515    1.61400   55  265    0.92500    1.61400  74.5%   136  638s
 28871 21517    1.61400   56  279    0.92500    1.61400  74.5%   136  642s
 28873 21519    1.61400   57  276    0.92500    1.61400  74.5%   136  645s
 28930 21583    1.61400   48  306    0.92500    1.61400  74.5%   136  652s
 29023 21848    1.61400   63  239    0.92500    1.61400  74.5%   137  656s
 29306 22214    1.47900  239  371    0.92500    1.61400  74.5%   136  661s
 30324 22837    1.46100  537  446    0.92500    1.61400  74.5%   133  665s
 31034 23561    1.47900  308  407    0.92500    1.61400  74.5%   131  670s
 31944 24344    1.47900  347  378    0.92500    1.61400  74.5%   128  675s
 32358 24770    1.56900   84  239    0.92500    1.61400  74.5%   127  681s
 33159 25285 infeasible   91         0.92500    1.61400  74.5%   125  685s
 33385 25543    1.61400   93  223    0.92500    1.61400  74.5%   124  690s
 33691 25715 infeasible   97         0.92500    1.61400  74.5%   124  696s
 34009 26075 infeasible   65         0.92500    1.61400  74.5%   123  701s
 34201 26267 infeasible   63         0.92500    1.61400  74.5%   123  705s
 34548 26656    1.56900  172  300    0.92500    1.61400  74.5%   122  710s
 35202 27044 infeasible  365         0.92500    1.61400  74.5%   120  716s
 35559 27532    1.47900  346  368    0.92500    1.61400  74.5%   120  721s
 35995 27961    1.47900  196  522    0.92500    1.61400  74.5%   119  725s
 36586 28761    1.52400  102  340    0.92500    1.61400  74.5%   118  733s
 37238 28859    1.41400  482  346    0.92500    1.61400  74.5%   116  736s
 37402 28987    1.61400   73  124    0.92500    1.61400  74.5%   116  740s
 38021 29569 infeasible  254         0.92500    1.61400  74.5%   115  745s
 38723 30214    1.47900  183  454    0.92500    1.61400  74.5%   114  750s
 39776 31085    1.47900  371  382    0.92500    1.61400  74.5%   111  756s
 40326 31585    1.61400   63  136    0.92500    1.61400  74.5%   111  760s
 41109 32133    1.47900  155  467    0.92500    1.61400  74.5%   110  766s
 41296 32306    1.47900  240  460    0.92500    1.61400  74.5%   110  771s
 41484 32382    1.47900  315  438    0.92500    1.61400  74.5%   110  775s
 41847 32719    1.47900  172  349    0.92500    1.61400  74.5%   110  780s
 42364 33202    1.61400   71  401    0.92500    1.61400  74.5%   110  785s
 43356 34005    1.47900  185  357    0.92500    1.61400  74.5%   108  791s
 43369 34108    1.47900  188  299    0.92500    1.61400  74.5%   108  796s
 43984 35004    1.47900  270  376    0.92500    1.61400  74.5%   107  803s
 44768 35466    1.47900  336  335    0.92500    1.61400  74.5%   105  806s
 45374 36071    1.47900   97  242    0.92500    1.61400  74.5%   104  810s
 46139 36571    1.61400   66  242    0.92500    1.61400  74.5%   103  815s
 46812 37237    1.41900  328  302    0.92500    1.61400  74.5%   103  821s
 47181 37524    1.52400  133  349    0.92500    1.61400  74.5%   103  825s
 47886 38210    1.47900  350  341    0.92500    1.61400  74.5%   103  830s
 48673 38719    1.47900  312  362    0.92500    1.61400  74.5%   101  836s
 48711 38810 infeasible  347         0.92500    1.61400  74.5%   101  840s
 49316 39594    1.47900  385  313    0.92500    1.61400  74.5%   100  845s
 49918 39927    1.61400   78  293    0.92500    1.61400  74.5%   100  850s
 50536 40518    1.47900  419  455    0.92500    1.61400  74.5%  99.4  855s
 51315 41498    1.56900   60  220    0.92500    1.61400  74.5%  98.3  862s
 51860 41545 infeasible  343         0.92500    1.61400  74.5%  97.5  865s
 52092 42150    1.47900  189  346    0.92500    1.61400  74.5%  97.2  870s
 53116 42889    1.41900  242  471    0.92500    1.61400  74.5%  96.0  875s
 53816 43305    1.47900  347  280    0.92500    1.61400  74.5%  95.3  881s
 53920 43458    1.47900  350  277    0.92500    1.61400  74.5%  95.6  885s
 54181 43721    1.47900  353  273    0.92500    1.61400  74.5%  95.4  890s
 54821 44315    1.47900  408  322    0.92500    1.61400  74.5%  94.6  895s
 55371 44837    1.61400   47  196    0.92500    1.61400  74.5%  94.5  900s
 56195 45811    1.52400   76  294    0.92500    1.61400  74.5%  93.5  905s
 57010 46446    1.47900  135  311    0.92500    1.61400  74.5%  93.0  911s
 57707 46990    1.47900  198  322    0.92500    1.61400  74.5%  92.5  916s
 58441 47616 infeasible  336         0.92500    1.61400  74.5%  91.6  920s
 58964 47945    1.47900  131  303    0.92500    1.61400  74.5%  91.2  926s
 58993 47998    1.47900  146  300    0.92500    1.61400  74.5%  91.2  930s
 59102 48241    1.47900  148  292    0.92500    1.61400  74.5%  91.1  935s
 59553 48793    1.47900  149  292    0.92500    1.61400  74.5%  90.5  941s
 60343 49180    1.47900  138  566    0.92500    1.61400  74.5%  89.8  945s
 60466 49735    1.47900  198  567    0.92500    1.61400  74.5%  90.0  951s
 61137 50261    1.41900  196  452    0.92500    1.61400  74.5%  89.3  955s
 61894 50589 infeasible   73         0.92500    1.61400  74.5%  88.7  960s
 62025 50620    1.56900   76  225    0.92500    1.61400  74.5%  89.0  965s
 62031 50626    1.56900   79  221    0.92500    1.61400  74.5%  89.0  970s
 62091 50728    1.52400   82  280    0.92500    1.61400  74.5%  89.0  975s
 62194 50951    1.52400   88  277    0.92500    1.61400  74.5%  88.9  980s
 63020 51667 infeasible  626         0.92500    1.61400  74.5%  88.0  985s
 63494 52246    1.61400   63  132    0.92500    1.61400  74.5%  88.0  991s
 64478 53021    1.41900  491  362    0.92500    1.61400  74.5%  87.0  996s
 64887 53318    1.47900   87  246    0.92500    1.61400  74.5%  86.7 1000s
 65433 53620 infeasible   63         0.92500    1.61400  74.5%  86.9 1006s
 65631 54060    1.52400  181  376    0.92500    1.61400  74.5%  87.0 1010s
 66311 54433    1.61400   74  193    0.92500    1.61400  74.5%  86.5 1015s
 66704 54703    1.47900  283  421    0.92500    1.61400  74.5%  87.1 1022s
 67025 55115    1.47900  113  639    0.92500    1.61400  74.5%  87.4 1027s
 67285 55170    1.61400   94  152    0.92500    1.61400  74.5%  87.3 1032s
 67364 55233 infeasible  123         0.92500    1.61400  74.5%  87.5 1035s
 67685 55726    1.61400  202  126    0.92500    1.61400  74.5%  87.9 1041s
 68050 55740    1.61400  178  177    0.92500    1.61400  74.5%  88.8 1046s
 68337 56087    1.61400  253  184    0.92500    1.61400  74.5%  89.4 1051s
 68699 56370    1.56900  234  300    0.92500    1.61400  74.5%  89.4 1057s
 68896 56413 infeasible  213         0.92500    1.61400  74.5%  89.8 1060s
 69092 56478 infeasible  180         0.92500    1.61400  74.5%  91.0 1066s
 69219 56579    1.61400  264  167    0.92500    1.61400  74.5%  91.5 1073s
 69351 56679 infeasible  176         0.92500    1.61400  74.5%  92.0 1076s
 69647 56742 infeasible  305         0.92500    1.61400  74.5%  92.8 1083s
 69718 56826    1.61400  303  146    0.92500    1.61400  74.5%  93.6 1086s
 69888 56843    1.61400  293  132    0.92500    1.61400  74.5%  93.9 1090s
 69979 56893    1.61400   63  172    0.92500    1.61400  74.5%  94.0 1097s
 70077 56928    1.61400  251  250    0.92500    1.61400  74.5%  94.4 1101s
 70312 57058    1.61400  258  176    0.92500    1.61400  74.5%  95.7 1108s
 70512 57255    1.61400  271  369    0.92500    1.61400  74.5%  96.0 1112s
 70761 57326    1.61400   59  289    0.92500    1.61400  74.5%  96.1 1116s
 70928 57402 infeasible   69         0.92500    1.61400  74.5%  96.4 1120s
 71241 57491    1.47900  200  502    0.92500    1.61400  74.5%  96.9 1127s
 71245 57492 infeasible  199         0.92500    1.61400  74.5%  97.0 1132s
 71248 57494    1.47900  202  496    0.92500    1.61400  74.5%  97.0 1136s
 71302 57723    1.47900  204  495    0.92500    1.61400  74.5%  97.3 1143s
 71525 58018    1.47900  223  456    0.92500    1.61400  74.5%  97.1 1148s
 71860 58160    1.61400  271  428    0.92500    1.61400  74.5%  96.8 1152s
 72092 58220    1.61400   63  130    0.92500    1.61400  74.5%  97.0 1156s
 72292 58436    1.61400   75  252    0.92500    1.61400  74.5%  97.7 1163s
 72498 58696    1.47900  212  258    0.92500    1.61400  74.5%  97.5 1167s
 72766 58901    1.47900  307  295    0.92500    1.61400  74.5%  97.3 1171s
 73050 59019    1.47900  378  272    0.92500    1.61400  74.5%  97.1 1176s
 73216 59236 infeasible  431         0.92500    1.61400  74.5%  97.4 1180s
 73960 59558    1.56900   57  360    0.92500    1.61400  74.5%  97.1 1185s
 74241 59869    1.47900  135  403    0.92500    1.61400  74.5%  98.1 1192s
 74653 60032    1.47900  113  297    0.92500    1.61400  74.5%  98.1 1196s
 74717 60153    1.47900  115  294    0.92500    1.61400  74.5%  98.0 1201s
 75000 60654    1.47900  196  420    0.92500    1.61400  74.5%  97.9 1206s
 75462 60907 infeasible   80         0.92500    1.61400  74.5%  98.0 1211s
 75904 61071 infeasible   72         0.92500    1.61400  74.5%  98.2 1215s
 76038 61383    1.56900   73  171    0.92500    1.61400  74.5%  98.8 1220s
 76529 61722    1.47900  201  462    0.92500    1.61400  74.5%  98.7 1225s
 76834 61809 infeasible   53         0.92500    1.61400  74.5%  99.1 1230s
 77259 62531    1.47900   83  330    0.92500    1.61400  74.5%  99.3 1235s
 77881 62682    1.47900   95  240    0.92500    1.61400  74.5%  99.0 1241s
 77888 62780    1.47900   97  246    0.92500    1.61400  74.5%  99.0 1245s
 78192 63435    1.47900  206  329    0.92500    1.61400  74.5%  98.7 1250s
 78832 63612    1.61400   63  140    0.92500    1.61400  74.5%  98.3 1255s
 79046 63807    1.47900  134  620    0.92500    1.61400  74.5%  98.9 1260s
 79520 64118    1.61400   82  150    0.92500    1.61400  74.5%  99.3 1265s
 79955 64164    1.61400   66  234    0.92500    1.61400  74.5%   100 1270s
 80234 64417    1.47900  163  346    0.92500    1.61400  74.5%   100 1277s
 80480 64432 infeasible  366         0.92500    1.61400  74.5%   100 1280s
 80549 64916    1.61400   69  237    0.92500    1.61400  74.5%   101 1288s
 81255 65149 infeasible   71         0.92500    1.61400  74.5%   101 1291s
 81798 65375    1.43400  323  438    0.92500    1.61400  74.5%   101 1296s
 81838 65377    1.43400  342  426    0.92500    1.61400  74.5%   101 1301s
 81891 65615    1.43400  344  423    0.92500    1.61400  74.5%   101 1307s
 82082 65824    1.43400  363  414    0.92500    1.61400  74.5%   101 1310s
 82313 65894    1.61400   74  183    0.92500    1.61400  74.5%   101 1316s
 82655 66484    1.52400   73  167    0.92500    1.61400  74.5%   101 1322s
 83128 66857 infeasible  355         0.92500    1.61400  74.5%   100 1325s
 83812 67323 infeasible   72         0.92500    1.61400  74.5%   100 1330s
 84534 67873    1.52400  265  428    0.92500    1.61400  74.5%   100 1337s
 85135 68330    1.47900  215  324    0.92500    1.61400  74.5%   100 1342s
 85525 68856    1.47900  224  272    0.92500    1.61400  74.5%   100 1346s
 86248 69472    1.47900  219  518    0.92500    1.61400  74.5%  99.0 1351s
 86818 70008    1.52400   93  304    0.92500    1.61400  74.5%  98.6 1355s
 87701 70812    1.61400   87  243    0.92500    1.61400  74.5%  97.9 1362s
 88219 71017    1.46100  301  314    0.92500    1.61400  74.5%  97.8 1366s
 88671 71402    1.56900  113  152    0.92500    1.61400  74.5%  97.6 1370s
 89450 72025    1.61400   91  322    0.92500    1.61400  74.5%  96.9 1376s
 89978 72634    1.61400   93  157    0.92500    1.61400  74.5%  96.8 1380s
 90531 73019    1.46100  234  369    0.92500    1.61400  74.5%  96.3 1385s
 90701 73105    1.40100  265  359    0.92500    1.61400  74.5%  96.2 1390s
 91303 73737 infeasible  375         0.92500    1.61400  74.5%  95.8 1396s
 91877 74319    1.46100  293  338    0.92500    1.61400  74.5%  95.5 1401s
 92301 74664    1.41600  398  336    0.92500    1.61400  74.5%  95.2 1405s
 93053 75214    1.44300  320  332    0.92500    1.61400  74.5%  94.7 1410s
 93510 75519    1.47900  203  316    0.92500    1.61400  74.5%  94.4 1415s
 93815 75909    1.47900  245  300    0.92500    1.61400  74.5%  94.3 1420s
 94252 76312    1.46100  181  259    0.92500    1.61400  74.5%  93.9 1426s
 94417 76318    1.41600  342  274    0.92500    1.61400  74.5%  93.8 1431s
 94438 76414    1.41600  345  271    0.92500    1.61400  74.5%  93.8 1438s
 94523 76605    1.41600  346  268    0.92500    1.61400  74.5%  93.7 1440s
 95226 77412    1.47900  160  415    0.92500    1.61400  74.5%  93.3 1447s
 95801 77717    1.47900  290  395    0.92500    1.61400  74.5%  93.0 1451s
 96197 78136    1.47900  309  373    0.92500    1.61400  74.5%  92.8 1455s
 97262 79043    1.47900  182  375    0.92500    1.61400  74.5%  92.1 1461s
 97805 79366    1.39900  241  377    0.92500    1.61400  74.5%  91.9 1466s
 98209 79716 infeasible  213         0.92500    1.61400  74.5%  91.9 1470s
 98534 80038    1.43400  314  400    0.92500    1.61400  74.5%  91.8 1476s
 99139 80670    1.39600  302  305    0.92500    1.61400  74.5%  91.5 1481s
 99638 81155    1.61400   66  383    0.92500    1.61400  74.5%  91.1 1485s
 100283 81868    1.47900  416  411    0.92500    1.61400  74.5%  90.8 1490s
 100925 82110    1.47900  174  328    0.92500    1.61400  74.5%  90.4 1495s
 101210 82420 infeasible  375         0.92500    1.61400  74.5%  90.6 1500s
 101806 83248    1.47900  205  288    0.92500    1.61400  74.5%  90.4 1505s
 102324 83423 infeasible   64         0.92500    1.61400  74.5%  90.3 1510s
 102542 83597    1.47900  237  335    0.92500    1.61400  74.5%  90.2 1516s
 102635 84276    1.41600  291  406    0.92500    1.61400  74.5%  90.2 1522s
 103378 84649    1.47900  222  424    0.92500    1.61400  74.5%  89.8 1525s
 104236 85199    1.47900  114  375    0.92500    1.61400  74.5%  89.3 1530s
 105002 85996    1.47900  179  401    0.92500    1.61400  74.5%  88.8 1535s
 105512 86283    1.47900  229  373    0.92500    1.61400  74.5%  88.8 1540s
 106051 86931    1.41600  384  343    0.92500    1.61400  74.5%  88.6 1545s
 106618 87168    1.52400  133  264    0.92500    1.61400  74.5%  88.2 1550s
 106865 87505    1.46100  148  271    0.92500    1.61400  74.5%  88.2 1555s
 107324 88039    1.47900  223  432    0.92500    1.61400  74.5%  88.0 1561s
 108247 88713    1.47900  169  323    0.92500    1.61400  74.5%  87.5 1566s
 109066 89595    1.47900  237  311    0.92500    1.61400  74.5%  87.0 1571s
 109830 90350    1.47900  103  194    0.92500    1.61400  74.5%  86.6 1578s
 110249 90486    1.46100  380  322    0.92500    1.61400  74.5%  86.4 1580s
 110529 90648 infeasible  559         0.92500    1.61400  74.5%  86.2 1585s
 110741 90967    1.50600  129  156    0.92500    1.61400  74.5%  86.1 1590s
H110942 90967                       0.9270000    1.61400  74.1%  86.0 1590s
 111218 91595    1.47900  128  244    0.92700    1.61400  74.1%  85.9 1595s
H111960 91831                       0.9430000    1.61400  71.2%  85.6 1599s
 111962 91833    1.40100  276  387    0.94300    1.61400  71.2%  85.6 1601s
 112032 92062    1.40100  298  392    0.94300    1.61400  71.2%  85.5 1606s
 112530 92538    1.61400   78  162    0.94300    1.61400  71.2%  85.3 1611s
 113020 93050    1.43400  203  277    0.94300    1.61400  71.2%  85.1 1616s
 113675 93627    1.56900  111  186    0.94300    1.61400  71.2%  84.7 1620s
 114342 94178    1.61400  103  138    0.94300    1.61400  71.2%  84.5 1626s
 114846 94561    1.52400  263  339    0.94300    1.61400  71.2%  84.2 1630s
 115090 94782    1.52400  395  374    0.94300    1.61400  71.2%  84.1 1635s
 115345 95158    1.47900  206  334    0.94300    1.61400  71.2%  84.1 1640s
 115903 95577    1.47900  126  174    0.94300    1.61400  71.2%  83.9 1646s
 116343 96028    1.46100  159  348    0.94300    1.61400  71.2%  83.7 1650s
 117127 96688    1.47900  270  409    0.94300    1.61400  71.2%  83.4 1657s
 117328 96885    1.47900  325  377    0.94300    1.61400  71.2%  83.4 1661s
 117974 97524    1.47900  263  346    0.94300    1.61400  71.2%  83.1 1665s
 118549 98033    1.47900  176  427    0.94300    1.61400  71.2%  82.9 1670s
 119050 98216    1.47900  217  350    0.94300    1.61400  71.2%  82.6 1675s
 119406 98716    1.47900  220  351    0.94300    1.61400  71.2%  82.5 1680s
 120273 99529    1.47900  267  343    0.94300    1.61400  71.2%  82.1 1686s
 120708 99735    1.47900  159  284    0.94300    1.61400  71.2%  82.0 1690s
 121364 100342    1.47900  155  318    0.94300    1.61400  71.2%  81.7 1695s
 121581 100366    1.47900  161  254    0.94300    1.61400  71.2%  81.7 1701s
 121816 100721    1.47900  137  392    0.94300    1.61400  71.2%  81.6 1706s
 122097 100865 infeasible  187         0.94300    1.61400  71.2%  81.5 1710s
 122343 101020 infeasible  216         0.94300    1.61400  71.2%  81.4 1716s
 122572 101233    1.45900  306  410    0.94300    1.61400  71.2%  81.3 1720s
 122753 101364 infeasible   63         0.94300    1.61400  71.2%  81.3 1725s
 123243 101813    1.46100  296  362    0.94300    1.61400  71.2%  81.3 1731s
 123674 102105    1.61400   54  356    0.94300    1.61400  71.2%  81.2 1735s
 124263 102631    1.61400   53  201    0.94300    1.61400  71.2%  81.1 1741s
 124740 103114    1.39800  376  315    0.94300    1.61400  71.2%  81.1 1746s
 125127 103427    1.52400  170  537    0.94300    1.61400  71.2%  80.9 1750s
 125824 103833    1.61400   55  126    0.94300    1.61400  71.2%  80.7 1755s
 126276 104252    1.61400   99  210    0.94300    1.61400  71.2%  80.8 1761s
 126675 104595 infeasible  416         0.94300    1.61400  71.2%  80.7 1765s
 127140 105068    1.47900  115  415    0.94300    1.61400  71.2%  80.8 1771s
 127526 105270    1.61400   54  243    0.94300    1.61400  71.2%  80.7 1775s
 127867 105501    1.47900  165  392    0.94300    1.61400  71.2%  80.9 1780s
 128116 105528    1.61400   66  336    0.94300    1.61400  71.2%  81.1 1787s
 128122 105609    1.61400   66  247    0.94300    1.61400  71.2%  81.1 1791s
 128327 105822    1.61400   68  264    0.94300    1.61400  71.2%  81.0 1796s
 128635 106494    1.47900  182  401    0.94300    1.61400  71.2%  80.9 1801s
 129259 106653    1.61400   57  372    0.94300    1.61400  71.2%  80.7 1806s
 129354 106679 infeasible   63         0.94300    1.61400  71.2%  80.9 1810s
 129434 106679 infeasible   63         0.94300    1.61400  71.2%  81.2 1815s
 129715 106858 infeasible   71         0.94300    1.61400  71.2%  81.4 1821s
 129945 107178    1.61400   93  186    0.94300    1.61400  71.2%  81.7 1826s
 130502 107524    1.61400   73  194    0.94300    1.61400  71.2%  81.7 1831s
 130816 108048    1.47900  192  345    0.94300    1.61400  71.2%  81.8 1836s
 131345 108217    1.56900   96  308    0.94300    1.61400  71.2%  81.7 1841s
 131691 108716    1.47900  266  401    0.94300    1.61400  71.2%  81.8 1847s
 132073 108944    1.47900  155  380    0.94300    1.61400  71.2%  81.6 1852s
 132583 109453 infeasible   99         0.94300    1.61400  71.2%  81.4 1856s
 133313 109870 infeasible  419         0.94300    1.61400  71.2%  81.1 1861s
 133466 110059 infeasible  154         0.94300    1.61400  71.2%  81.2 1865s
 133922 110482    1.47900  337  413    0.94300    1.61400  71.2%  81.4 1871s
 134337 110937    1.41900  323  411    0.94300    1.61400  71.2%  81.2 1875s
 134727 111031    1.56900   53  226    0.94300    1.61400  71.2%  81.3 1880s
 134864 111029    1.61400  100  224    0.94300    1.61400  71.2%  81.3 1886s
 134868 111031 infeasible  102         0.94300    1.61400  71.2%  81.4 1890s
 134882 111113    1.61400   78  242    0.94300    1.61400  71.2%  81.4 1895s
 135086 111449    1.41900  272  336    0.94300    1.61400  71.2%  81.3 1900s
 135475 111899    1.47900  141  474    0.94300    1.61400  71.2%  81.2 1905s
 135996 112328    1.52400   84  303    0.94300    1.61400  71.2%  81.1 1910s
 136572 112748    1.61400   63  185    0.94300    1.61400  71.2%  80.9 1915s
 136895 112837    1.61400   44  206    0.94300    1.61400  71.2%  81.3 1920s
 137297 113205    1.47900  160  362    0.94300    1.61400  71.2%  81.5 1926s
 137565 113278    1.61400  131  236    0.94300    1.61400  71.2%  81.8 1930s
 137751 113467    1.52400   96  352    0.94300    1.61400  71.2%  82.0 1935s
 138066 113791    1.47900   92  341    0.94300    1.61400  71.2%  82.2 1940s
 138427 113921    1.47900  168  540    0.94300    1.61400  71.2%  82.3 1946s
 138637 114283    1.47900  204  473    0.94300    1.61400  71.2%  82.6 1951s
 139150 114496    1.56900  133  420    0.94300    1.61400  71.2%  82.5 1958s
 139329 114849 infeasible   61         0.94300    1.61400  71.2%  82.5 1964s
 139792 115123    1.56900  284  508    0.94300    1.61400  71.2%  82.4 1967s
 140201 115280 infeasible  101         0.94300    1.61400  71.2%  82.4 1970s
 140744 115816    1.47900  211  311    0.94300    1.61400  71.2%  82.4 1976s
 141194 116133    1.61400   56  329    0.94300    1.61400  71.2%  82.4 1981s
 141710 116405    1.47900  223  458    0.94300    1.61400  71.2%  82.3 1986s
 141714 116409    1.47900  225  458    0.94300    1.61400  71.2%  82.3 1991s
 141718 116438    1.47900  227  458    0.94300    1.61400  71.2%  82.3 1996s
 141747 116528    1.47900  229  458    0.94300    1.61400  71.2%  82.2 2001s
 141993 116743    1.41900  447  385    0.94300    1.61400  71.2%  82.1 2007s
 142124 116935    1.61400   73  136    0.94300    1.61400  71.2%  82.2 3329s
 142334 117434    1.46100  259  309    0.94300    1.61400  71.2%  82.1 3338s
 142864 117586 infeasible  160         0.94300    1.61400  71.2%  81.9 3344s
 143046 117808    1.56900   74  384    0.94300    1.61400  71.2%  81.8 3347s
 143348 117874 infeasible  166         0.94300    1.61400  71.2%  81.8 3350s
 143448 118150    1.47900  123  388    0.94300    1.61400  71.2%  81.8 3355s
 143802 118231    1.61400   53  200    0.94300    1.61400  71.2%  81.9 3363s
 143921 118465    1.56900   60  362    0.94300    1.61400  71.2%  81.9 3367s
 144253 118570 infeasible   68         0.94300    1.61400  71.2%  81.8 3372s
 144384 118647 infeasible   62         0.94300    1.61400  71.2%  81.9 3376s
 144487 118684 infeasible  132         0.94300    1.61400  71.2%  82.0 3380s
 144697 118909    1.56900  118  514    0.94300    1.61400  71.2%  82.1 3387s
 144915 118925    1.61400   57  223    0.94300    1.61400  71.2%  82.1 3390s
 145131 119161 infeasible   51         0.94300    1.61400  71.2%  82.2 3396s
 145312 119224 infeasible   52         0.94300    1.61400  71.2%  82.2 3400s
 145585 119455 infeasible   96         0.94300    1.61400  71.2%  82.2 3406s
 145729 119724    1.56900   72  292    0.94300    1.61400  71.2%  82.3 3410s
 146329 120099    1.47900  186  472    0.94300    1.61400  71.2%  82.2 3417s
 146510 120124    1.61400   78  186    0.94300    1.61400  71.2%  82.5 3421s
 146613 120601    1.61400   79  462    0.94300    1.61400  71.2%  82.6 3427s
 147169 120776    1.47900  219  342    0.94300    1.61400  71.2%  82.5 3430s
 147580 121297    1.47900  346  363    0.94300    1.61400  71.2%  82.5 3435s
 148014 121303    1.61400   67  404    0.94300    1.61400  71.2%  82.4 3441s
 148062 121403    1.52400   75  327    0.94300    1.61400  71.2%  82.5 3445s
 148437 122087    1.47900  331  420    0.94300    1.61400  71.2%  82.3 3450s
 149483 122534 infeasible  316         0.94300    1.61400  71.2%  81.9 3456s
 149599 122727 infeasible   86         0.94300    1.61400  71.2%  82.1 3460s
 150171 123040    1.61400   73  130    0.94300    1.61400  71.2%  82.0 3466s
 150300 123240    1.61400   78  221    0.94300    1.61400  71.2%  82.2 3471s
 150712 123453    1.61400   60  215    0.94300    1.61400  71.2%  82.2 3476s
 150988 123674    1.47900  207  396    0.94300    1.61400  71.2%  82.3 3480s
 151238 123880    1.52400  110  252    0.94300    1.61400  71.2%  82.4 3485s
 151635 124343    1.52400  211  578    0.94300    1.61400  71.2%  82.4 3490s
 152217 124701    1.52400  375  349    0.94300    1.61400  71.2%  82.2 3495s
 152537 124809    1.47900  111  328    0.94300    1.61400  71.2%  82.3 3501s
 152541 124822    1.47900  113  328    0.94300    1.61400  71.2%  82.3 3505s
 152636 124922    1.47900  115  327    0.94300    1.61400  71.2%  82.3 3511s
 152771 125097    1.47900  117  360    0.94300    1.61400  71.2%  82.3 3518s
 152879 125294    1.47900  118  355    0.94300    1.61400  71.2%  82.2 3522s
 153112 125618    1.41900  254  367    0.94300    1.61400  71.2%  82.2 3526s
 153597 125998    1.56900  134  242    0.94300    1.61400  71.2%  82.2 3532s
 153957 126275    1.56900  268  367    0.94300    1.61400  71.2%  82.1 3535s
 154419 126561    1.56900  134  228    0.94300    1.61400  71.2%  82.3 3542s
 154598 126702    1.56900  229  356    0.94300    1.61400  71.2%  82.4 3545s
 154988 127037    1.61400  163  150    0.94300    1.61400  71.2%  82.3 3550s
 155513 127401    1.61400  169  198    0.94300    1.61400  71.2%  82.4 3557s
 156168 127797 infeasible  172         0.94300    1.61400  71.2%  82.2 3561s
 156568 128154    1.46400  398  322    0.94300    1.61400  71.2%  82.0 3566s
 156736 128155    1.56900  174  170    0.94300    1.61400  71.2%  82.0 3570s
 156740 128158 infeasible  175         0.94300    1.61400  71.2%  82.0 3575s
 156776 128282    1.61400  133  182    0.94300    1.61400  71.2%  82.0 3581s
 156969 128395    1.56900  178  277    0.94300    1.61400  71.2%  82.1 3586s
 157217 128468    1.61400  143  124    0.94300    1.61400  71.2%  82.1 3590s
 157297 128568    1.61400  145  282    0.94300    1.61400  71.2%  82.1 3596s
 157601 128662 infeasible  139         0.94300    1.61400  71.2%  82.1 3600s

Cutting planes:
  Gomory: 38
  Cover: 478
  Implied bound: 72
  Clique: 213
  MIR: 27
  Flow cover: 648
  RLT: 37
  Relax-and-lift: 126
  PSD: 61

Explored 157609 nodes (12974594 simplex iterations) in 3600.10 seconds (1938.41 work units)
Thread count was 4 (of 4 available processors)

Solution count 10: 0.943 0.927 0.925 ... 0.777

Time limit reached
Best objective 9.430000000000e-01, best bound 1.614000000000e+00, gap 71.1559%
