
Gurobi 12.0.2 (win64) logging started Sat Dec  6 19:52:07 2025

Set parameter LogFile to value "resultados DATA_1_n10m05b2d2\instancia_7_log.txt"
Gurobi Optimizer version 12.0.2 build v12.0.2rc0 (win64 - Windows 10.0 (19045.2))

CPU model: Intel(R) Core(TM) i5-6300U CPU @ 2.40GHz, instruction set [SSE2|AVX|AVX2]
Thread count: 2 physical cores, 4 logical processors, using up to 4 threads

Non-default parameters:
TimeLimit  3600

Optimize a model with 18834 rows, 32266 columns and 69204 nonzeros
Model fingerprint: 0xf4348c55
Variable types: 219 continuous, 32047 integer (32047 binary)
Coefficient statistics:
  Matrix range     [1e+00, 1e+03]
  Objective range  [1e-02, 7e-02]
  Bounds range     [1e+00, 1e+00]
  RHS range        [1e+00, 1e+03]
Found heuristic solution: objective 0.0500000
Presolve removed 260 rows and 16466 columns
Presolve time: 0.63s
Presolved: 18574 rows, 15800 columns, 68164 nonzeros
Variable types: 219 continuous, 15581 integer (15581 binary)

Root relaxation: objective 1.930000e+00, 5243 iterations, 0.30 seconds (0.09 work units)

    Nodes    |    Current Node    |     Objective Bounds      |     Work
 Expl Unexpl |  Obj  Depth IntInf | Incumbent    BestBd   Gap | It/Node Time

     0     0    1.93000    0  160    0.05000    1.93000  3760%     -    2s
H    0     0                       0.2200000    1.93000   777%     -    2s
H    0     0                       0.3320000    1.93000   481%     -    2s
H    0     0                       0.4040000    1.93000   378%     -    2s
H    0     0                       0.4540000    1.93000   325%     -    2s
     0     0    1.93000    0 1019    0.45400    1.93000   325%     -    3s
H    0     0                       0.5260000    1.93000   267%     -    4s
H    0     0                       0.5620000    1.93000   243%     -    4s
H    0     0                       0.6620000    1.93000   192%     -    4s
H    0     0                       0.6740000    1.93000   186%     -    4s
     0     0    1.93000    0 1003    0.67400    1.93000   186%     -    5s
     0     0    1.93000    0  151    0.67400    1.93000   186%     -    9s
H    0     0                       0.6860000    1.93000   181%     -    9s
     0     0    1.93000    0  151    0.68600    1.93000   181%     -   10s
     0     0    1.93000    0  173    0.68600    1.93000   181%     -   12s
     0     0    1.93000    0  280    0.68600    1.93000   181%     -   13s
     0     0    1.93000    0  169    0.68600    1.93000   181%     -   15s
     0     0    1.93000    0  149    0.68600    1.93000   181%     -   16s
     0     2    1.93000    0  148    0.68600    1.93000   181%     -   19s
     5    15    1.93000    3  536    0.68600    1.93000   181%  1162   20s
H   52   132                       0.6980000    1.93000   177%   573   24s
   133   309    1.93000   67  284    0.69800    1.93000   177%   303   30s
H  158   309                       0.8100000    1.93000   138%   307   30s
   508   590 infeasible  175         0.81000    1.93000   138%   199   39s
H  509   590                       0.8340000    1.93000   131%   199   39s
   661   795    1.93000  151  204    0.83400    1.93000   131%   183   43s
   914   796    1.93000  187  149    0.83400    1.93000   131%   169   45s
   917   798    1.93000  187  165    0.83400    1.93000   131%   168   51s
   919   799    1.93000  161  191    0.83400    1.93000   131%   168   55s
   922   801    1.93000   74  684    0.83400    1.93000   131%   167   61s
   925   803    1.93000   74  168    0.83400    1.93000   131%   167   67s
   927   805    1.93000  182  190    0.83400    1.93000   131%   166   73s
   929   806    1.93000  136  185    0.83400    1.93000   131%   166   77s
H  930   766                       0.8460000    1.93000   128%   166   82s
   933   768    1.93000   98  209    0.84600    1.93000   128%   165   87s
   938   774    1.93000   14  490    0.84600    1.93000   128%   306   90s
   961   816    1.93000   21  695    0.84600    1.93000   128%   305   96s
   990   918    1.93000   25  287    0.84600    1.93000   128%   334  103s
H  996   877                       0.8580000    1.93000   125%   332  103s
  1101  1016    1.93000   47  180    0.85800    1.93000   125%   323  119s
  1289  1031    1.93000  100  506    0.85800    1.93000   125%   312  127s
  1391  1044    1.93000   28  413    0.85800    1.93000   125%   306  136s
  1438  1128    1.93000   33  156    0.85800    1.93000   125%   314  146s
  1548  1284    1.93000   45  170    0.85800    1.93000   125%   314  156s
  1756  1326    1.93000   95  246    0.85800    1.93000   125%   308  165s
  1884  1320    1.93000  143  183    0.85800    1.93000   125%   310  173s
  1928  1413    1.93000  153  328    0.85800    1.93000   125%   308  185s
  2060  1535    1.84600  196  351    0.85800    1.93000   125%   301  194s
  2238  1647    1.84600  251  333    0.85800    1.93000   125%   288  202s
  2474  1581    1.93000   88  177    0.85800    1.93000   125%   275  211s
  2501  1587    1.93000   88  206    0.85800    1.93000   125%   275  219s
  2528  1632    1.93000   91  158    0.85800    1.93000   125%   281  227s
  2592  1616    1.93000   96  184    0.85800    1.93000   125%   280  239s
  2597  1650    1.87000   96  215    0.85800    1.93000   125%   280  247s
  2641  1721    1.93000   97  168    0.85800    1.93000   125%   280  254s
  2735  1769    1.93000   97  184    0.85800    1.93000   125%   273  262s
  2880  1723    1.93000  107  180    0.85800    1.93000   125%   262  270s
  2882  1748    1.93000  107  202    0.85800    1.93000   125%   262  276s
  2918  1787    1.93000  108  168    0.85800    1.93000   125%   260  283s
  3029  1896    1.93000  118  208    0.85800    1.93000   125%   254  290s
  3238  2021    1.93000  127  262    0.85800    1.93000   125%   248  296s
  3445  2170    1.38000  160  214    0.85800    1.93000   125%   242  302s
  3683  2336    1.68000  133  146    0.85800    1.93000   125%   232  310s
  3863  2379    1.56000  158  460    0.85800    1.93000   125%   226  317s
  3906  2499    1.51000  159  434    0.85800    1.93000   125%   227  325s
  4058  2630    1.57000  125  457    0.85800    1.93000   125%   224  333s
  4249  2739    1.93000   76  198    0.85800    1.93000   125%   220  340s
  4430  2928    1.93000  112  184    0.85800    1.93000   125%   221  346s
  4677  3143 infeasible  141         0.85800    1.93000   125%   219  352s
  4955  3175    1.93000   34  188    0.85800    1.93000   125%   212  359s
  4987  3252    1.87000   65  424    0.85800    1.93000   125%   213  367s
  5079  3460    1.93000   35  152    0.85800    1.93000   125%   210  373s
  5291  3711    1.93000   65  197    0.85800    1.93000   125%   205  378s
  5586  3907 infeasible  104         0.85800    1.93000   125%   201  385s
  5806  4351    1.87000  223  641    0.85800    1.93000   125%   199  392s
  6271  4507 infeasible  371         0.85800    1.93000   125%   188  398s
  6471  4900    1.63000   94  845    0.85800    1.93000   125%   185  404s
  6948  5046 infeasible  403         0.85800    1.93000   125%   180  412s
  7136  5360    1.93000  129  534    0.85800    1.93000   125%   178  418s
  7503  5576    1.87000  100  335    0.85800    1.93000   125%   172  427s
  7754  5904    1.81000  160  203    0.85800    1.93000   125%   168  438s
  8111  5936    1.87000  143  303    0.85800    1.93000   125%   162  444s
  8183  6018    1.31000  178  318    0.85800    1.93000   125%   162  451s
  8285  6066    1.16000  229  256    0.85800    1.93000   125%   161  459s
  8333  6171    1.16000  252  244    0.85800    1.93000   125%   160  466s
  8466  6455    1.70200   41  767    0.85800    1.93000   125%   159  471s
  8764  6800    1.93000   63  218    0.85800    1.93000   125%   156  477s
  9152  6921    1.55200  224  684    0.85800    1.93000   125%   151  482s
  9311  7149    1.93000   48  534    0.85800    1.93000   125%   151  487s
  9541  7358    1.93000   82  186    0.85800    1.93000   125%   152  493s
  9758  7604    1.93000  129  451    0.85800    1.93000   125%   151  499s
 10029  7789 infeasible  154         0.85800    1.93000   125%   152  505s
 10263  7980    1.81000   98  291    0.85800    1.93000   125%   151  510s
 10555  7988 infeasible   73         0.85800    1.93000   125%   149  518s
H10573  7999                       0.8700000    1.93000   122%   149  527s
 10588  8046    1.93000   74  402    0.87000    1.93000   122%   150  532s
 10663  8065    1.93000   94  334    0.87000    1.93000   122%   151  542s
 10692  8118 infeasible  115         0.87000    1.93000   122%   153  552s
 10771  8141    1.93000   73  197    0.87000    1.93000   122%   153  561s
 10828  8175    1.71000   91  682    0.87000    1.93000   122%   155  569s
 10892  8315 infeasible  108         0.87000    1.93000   122%   155  575s
 11053  8450    1.70000  251  334    0.87000    1.93000   122%   153  581s
 11238  8809    1.75000  129  419    0.87000    1.93000   122%   152  586s
H11693  8821                       0.8820000    1.93000   119%   149  591s
 11705  8908    1.81000   62  266    0.88200    1.93000   119%   150  596s
 11814  9107    1.81000   97  491    0.88200    1.93000   119%   150  601s
 12088  9258    1.87000  111  437    0.88200    1.93000   119%   149  605s
 12640  9788    1.59200  242  702    0.88200    1.93000   119%   144  615s
 12987 10037 infeasible  118         0.88200    1.93000   119%   142  623s
 13225 10433    1.69000   88  584    0.88200    1.93000   119%   140  628s
 13627 10428 infeasible  349         0.88200    1.93000   119%   136  633s
 13636 10430    1.93000  121  227    0.88200    1.93000   119%   136  638s
 13638 10517    1.93000  122  226    0.88200    1.93000   119%   136  643s
 13725 10659    1.93000  123  259    0.88200    1.93000   119%   135  648s
 13889 10844    1.75000  175  298    0.88200    1.93000   119%   134  652s
 14124 11080    1.93000   72  192    0.88200    1.93000   119%   134  656s
 14489 11154    1.93000   28 1807    0.88200    1.93000   119%   135  663s
 14547 11189    1.93000   34  444    0.88200    1.93000   119%   136  667s
 14606 11279    1.93000   36  660    0.88200    1.93000   119%   136  672s
 14742 11598    1.88000   47  682    0.88200    1.93000   119%   137  840s
 15206 11730 infeasible  143         0.88200    1.93000   119%   134  849s
 15296 11823    1.71200  132  312    0.88200    1.93000   119%   134  855s
 15411 11891    1.81000   80  537    0.88200    1.93000   119%   133  862s
 15491 12073    1.93000   85  270    0.88200    1.93000   119%   133  868s
 15677 12302    1.05200  268  412    0.88200    1.93000   119%   132  875s
 15907 12502    1.04000  497  296    0.88200    1.93000   119%   130  881s
 16109 12675    1.01600  690  236    0.88200    1.93000   119%   129  888s
 16352 12765    1.76000  104  480    0.88200    1.93000   119%   129  894s
 16502 12888    1.08000   33  113    0.88200    1.93000   119%   130  899s
 16654 13111    1.08000  106  264    0.88200    1.93000   119%   130  904s
 16894 13302    1.05600  230  374    0.88200    1.93000   119%   129  911s
 17107 13484    1.05600  355  314    0.88200    1.93000   119%   129  917s
 17315 13687    1.01700  490  250    0.88200    1.93000   119%   129  925s
 17553 14013    0.90000  626  178    0.88200    1.93000   119%   129  935s
 17944 14240    1.75000  123  259    0.88200    1.93000   119%   127  940s
 18505 14727    1.05000  338  276    0.88200    1.93000   119%   124  949s
 18762 14965    1.00200  457  195    0.88200    1.93000   119%   123  954s
 19048 15058 infeasible   96         0.88200    1.93000   119%   122  960s
 19216 15134    1.93000   93  238    0.88200    1.93000   119%   123  967s
 19356 15339    1.93000  163  320    0.88200    1.93000   119%   123  971s
 19623 15602    1.93000  101  292    0.88200    1.93000   119%   123  977s
 19942 16118    1.69800  275  432    0.88200    1.93000   119%   122  983s
 20527 16291    1.56000  113  270    0.88200    1.93000   119%   119  989s
 20740 16346    1.31000  160  272    0.88200    1.93000   119%   118  994s
 20825 16610    1.31000  161  274    0.88200    1.93000   119%   118 1001s
 21097 17022    1.26200  236  340    0.88200    1.93000   119%   118 1005s
 21787 17367    1.00200  553  202    0.88200    1.93000   119%   115 1013s
 22016 17477    1.93000   43  152    0.88200    1.93000   119%   115 1026s
 22208 17571    1.93000   47  405    0.88200    1.93000   119%   115 1031s
 22349 17727    1.93000   62  388    0.88200    1.93000   119%   115 1037s
 22553 17728    1.81000   53  284    0.88200    1.93000   119%   116 1048s
 22556 17757    1.81000   54  282    0.88200    1.93000   119%   116 1057s
H22557 17677                       0.8940000    1.93000   116%   116 1057s
 22597 17913    1.81000   55  300    0.89400    1.93000   116%   116 1063s
 22856 18761    1.70200  167  516    0.89400    1.93000   116%   116 1072s
 23758 18795    1.60200  496  596    0.89400    1.93000   116%   112 1076s
 23838 18797    1.75000   65  416    0.89400    1.93000   116%   112 1084s
 23840 18800    1.75000   66  416    0.89400    1.93000   116%   112 1089s
 23849 18826    1.75000   67  411    0.89400    1.93000   116%   112 1092s
 23897 18907    1.55000   84  370    0.89400    1.93000   116%   112 1095s
 24234 19206    1.75000   57  287    0.89400    1.93000   116%   112 1104s
 24418 19474 infeasible  113         0.89400    1.93000   116%   112 1109s
 24766 19558    1.93000  126  214    0.89400    1.93000   116%   111 1113s
 24885 19694    1.15000  150  165    0.89400    1.93000   116%   112 1118s
 25045 19696    1.15000  186  454    0.89400    1.93000   116%   112 1126s
 25047 19698    1.15000  187  392    0.89400    1.93000   116%   112 1130s
 25049 19700    1.15000  185  429    0.89400    1.93000   116%   112 1135s
 25051 19709    1.15000  187  433    0.89400    1.93000   116%   112 1140s
 25060 19812    1.10000  187  376    0.89400    1.93000   116%   112 1145s
 25221 19913    1.10000  221  304    0.89400    1.93000   116%   112 1151s
 25394 20095    1.69000  104  400    0.89400    1.93000   116%   112 1157s
 25608 20603    1.60200  241  261    0.89400    1.93000   116%   112 1162s
 26169 20885    1.65000  286  394    0.89400    1.93000   116%   110 1166s
 26503 21027    1.55200  202  421    0.89400    1.93000   116%   109 1170s
 26904 21309    1.93000   64  274    0.89400    1.93000   116%   109 1177s
 27039 21449    1.93000   79  358    0.89400    1.93000   116%   109 1180s
 27361 21774    1.93000   96  222    0.89400    1.93000   116%   109 1186s
 27542 21946    1.88000  100  615    0.89400    1.93000   116%   108 1190s
 27858 22101    1.66200  111  526    0.89400    1.93000   116%   108 1198s
 28005 22334    1.27200  150  321    0.89400    1.93000   116%   108 1202s
 28477 22761    1.65000  175  410    0.89400    1.93000   116%   107 1207s
 28711 22806    1.93000   84  170    0.89400    1.93000   116%   106 1211s
 28758 22804 infeasible   97         0.89400    1.93000   116%   106 1215s
 28882 22982    1.93000   96  301    0.89400    1.93000   116%   106 1225s
 29108 23120 infeasible  151         0.89400    1.93000   116%   107 1233s
 29213 23297    1.82000  104  538    0.89400    1.93000   116%   107 1236s
 29470 23568    1.33000  132  272    0.89400    1.93000   116%   107 1242s
 29768 23804    0.98000  349  263    0.89400    1.93000   116%   107 1245s
 30247 24217    0.95600  689  204    0.89400    1.93000   116%   106 1251s
 30507 24495    1.93000  117  218    0.89400    1.93000   116%   105 1255s
 31180 25055 infeasible  593         0.89400    1.93000   116%   103 1262s
 31391 25057    1.61400  236  453    0.89400    1.93000   116%   102 1268s
 31393 25059    1.61400  237  452    0.89400    1.93000   116%   102 1271s
 31395 25061    1.61400  238  451    0.89400    1.93000   116%   102 1275s
 31397 25063    1.61400  239  451    0.89400    1.93000   116%   102 1280s
 31399 25065    1.61400  240  450    0.89400    1.93000   116%   102 1287s
 31401 25114    1.61400  241  447    0.89400    1.93000   116%   102 1290s
 31542 25316    1.61400  300  391    0.89400    1.93000   116%   103 1298s
 31678 25618    1.60200  420  375    0.89400    1.93000   116%   102 1302s
 32008 25669 infeasible   83         0.89400    1.93000   116%   102 1305s
 32097 25814    1.81000   99  764    0.89400    1.93000   116%   102 1310s
 32723 26244    1.93000  126  188    0.89400    1.93000   116%   101 1319s
 32877 26504    1.93000  104  349    0.89400    1.93000   116%   101 1323s
 33194 26530 infeasible  297         0.89400    1.93000   116%   100 1326s
 33254 26560    1.93000   63  244    0.89400    1.93000   116%   101 1330s
 33402 26683 infeasible  124         0.89400    1.93000   116%   102 1339s
 33450 26685    1.93000   60  311    0.89400    1.93000   116%   102 1344s
 33452 26687    1.88000   61  334    0.89400    1.93000   116%   102 1349s
 33454 26688    1.88000   62  332    0.89400    1.93000   116%   102 1354s
 33457 26739 infeasible   63         0.89400    1.93000   116%   102 1358s
 33516 26788 infeasible   63         0.89400    1.93000   116%   102 1363s
 33597 26844    1.88000   69  363    0.89400    1.93000   116%   102 1367s
 33695 26899    1.88000   83  544    0.89400    1.93000   116%   102 1372s
 33804 27027    1.81100  104  802    0.89400    1.93000   116%   102 1375s
 34080 27352    1.75000  112  343    0.89400    1.93000   116%   102 1380s
 34482 27621    1.16000  134  253    0.89400    1.93000   116%   101 1386s
 34707 27808    1.10000  257  276    0.89400    1.93000   116%   101 1390s
 35111 28096    1.60500   48  559    0.89400    1.93000   116%   101 1398s
 35228 28098    1.02600   90  277    0.89400    1.93000   116%   101 1403s
 35230 28099    1.02600   91  288    0.89400    1.93000   116%   101 1406s
 35233 28093    1.02600   92  290    0.89400    1.93000   116%   101 1410s
 35299 28222    1.02600   94  290    0.89400    1.93000   116%   101 1416s
 35476 28483    1.01400  104  274    0.89400    1.93000   116%   100 1421s
 35866 28680    1.01400  295  272    0.89400    1.93000   116%  99.4 1428s
 35878 28714    1.01400  296  270    0.89400    1.93000   116%  99.4 1431s
 35920 28777    1.01400  297  271    0.89400    1.93000   116%  99.4 1435s
 36039 28865    1.01400  299  268    0.89400    1.93000   116%  99.1 1441s
 36259 29213    1.01400  397  236    0.89400    1.93000   116%  98.8 1446s
 36507 29310    1.93000   77  309    0.89400    1.93000   116%  98.4 1450s
 36756 29500    1.87000   47  450    0.89400    1.93000   116%  98.9 1460s
 36964 29905    1.69000  116  701    0.89400    1.93000   116%  99.0 1466s
 37525 30381    1.64000  378  705    0.89400    1.93000   116%  98.5 1472s
 37971 30498 infeasible  552         0.89400    1.93000   116%  97.6 1475s
 38538 30926    1.93000   54  279    0.89400    1.93000   116%  97.6 1481s
 38664 31073    1.45000   70  416    0.89400    1.93000   116%  98.3 1485s
 38918 31201    1.40200  115  581    0.89400    1.93000   116%  98.6 1493s
 38949 31203    1.40200  117  584    0.89400    1.93000   116%  98.6 1496s
 38953 31207    1.40200  117  574    0.89400    1.93000   116%  98.6 1502s
 38955 31209    1.40200  116  572    0.89400    1.93000   116%  98.6 1505s
 38959 31213    1.40200  117  574    0.89400    1.93000   116%  98.6 1512s
 38961 31220    1.40200  114  605    0.89400    1.93000   116%  98.6 1515s
 39019 31281    1.40200  117  572    0.89400    1.93000   116%  98.6 1522s
 39109 31338    1.40200  122  563    0.89400    1.93000   116%  98.7 1526s
 39224 31539    1.56400  144  410    0.89400    1.93000   116%  98.9 1531s
 39437 31711    1.51400  288  429    0.89400    1.93000   116%  98.6 1535s
 39956 31987 infeasible   96         0.89400    1.93000   116%  98.3 1541s
 40033 32174    1.75000   81  348    0.89400    1.93000   116%  98.4 1545s
 40361 32363    1.93000   72  379    0.89400    1.93000   116%  98.2 1550s
 40727 32690 infeasible   66         0.89400    1.93000   116%  97.7 1555s
 41032 32857    1.05000  180  401    0.89400    1.93000   116%  97.6 1562s
 41117 32859    1.05000  241  391    0.89400    1.93000   116%  97.7 1566s
 41119 32873    1.05000  242  390    0.89400    1.93000   116%  97.7 1570s
 41235 33002    1.93000   75  332    0.89400    1.93000   116%  98.0 1576s
 41332 33196    1.93000  106  178    0.89400    1.93000   116%  98.2 1580s
 41628 33457    1.82000  127  302    0.89400    1.93000   116%  98.4 1585s
 41926 33777    1.83000   92  348    0.89400    1.93000   116%  98.1 1590s
 42465 34029    1.81000   90  573    0.89400    1.93000   116%  97.6 1597s
 42773 34317    1.93000   52  387    0.89400    1.93000   116%  97.4 1602s
 42961 34388    1.81000  111  449    0.89400    1.93000   116%  97.6 1607s
 43092 34707    1.64000  121  446    0.89400    1.93000   116%  97.5 1611s
 43574 34952    1.06200  113  271    0.89400    1.93000   116%  96.9 1616s
 43745 35075    1.05000  230  238    0.89400    1.93000   116%  96.7 1620s
 44034 35342    1.03800  443  250    0.89400    1.93000   116%  96.7 1629s
 44216 35527    1.00200  566  167    0.89400    1.93000   116%  97.0 1634s
 44502 35694    1.69000   87  274    0.89400    1.93000   116%  97.0 1637s
 44671 35990    1.69000  160  468    0.89400    1.93000   116%  97.1 1643s
 45007 36035 infeasible  242         0.89400    1.93000   116%  97.1 1650s
 45144 36351    1.93000  103  182    0.89400    1.93000   116%  97.3 1656s
 45486 36744    1.28800  394  320    0.89400    1.93000   116%  97.0 1662s
 45961 36873    1.93000   54  352    0.89400    1.93000   116%  96.3 1665s
 46468 37351 infeasible  260         0.89400    1.93000   116%  95.8 1671s
 46842 37684    1.05000  177  369    0.89400    1.93000   116%  95.3 1677s
 47011 37686    1.05000  196  315    0.89400    1.93000   116%  95.1 1683s
 47013 37685    1.05000  194  377    0.89400    1.93000   116%  95.1 1689s
 47018 37687    1.05000  193  347    0.89400    1.93000   116%  95.1 1694s
 47020 37708    1.05000  194  353    0.89400    1.93000   116%  95.1 1699s
 47047 37860    1.05000  195  338    0.89400    1.93000   116%  95.1 1703s
 47203 37904    1.05000  195  344    0.89400    1.93000   116%  94.8 1708s
 47271 37995    1.05000  196  345    0.89400    1.93000   116%  94.9 1713s
 47374 38091 infeasible  205         0.89400    1.93000   116%  94.8 1717s
 47510 38198    1.05000  229  337    0.89400    1.93000   116%  94.9 1720s
 47795 38475    1.05000  261  235    0.89400    1.93000   116%  94.6 1727s
 47955 38532 infeasible  280         0.89400    1.93000   116%  94.4 1730s
 48190 38710    1.92040   91  388    0.89400    1.93000   116%  94.6 1736s
 48343 38807    1.31400  133  188    0.89400    1.93000   116%  95.0 1744s
 48387 38856    1.31400  134  187    0.89400    1.93000   116%  95.0 1748s
 48448 38967    1.31400  141  211    0.89400    1.93000   116%  95.0 1750s
 48695 39115    1.31400  217  190    0.89400    1.93000   116%  94.9 1756s
 48796 39226 infeasible   81         0.89400    1.93000   116%  95.0 1760s
 49206 39457    1.31000  140  304    0.89400    1.93000   116%  94.6 1770s
 49208 39459    1.31000  141  280    0.89400    1.93000   116%  94.6 1775s
 49210 39461    1.31000  142  279    0.89400    1.93000   116%  94.6 1781s
 49212 39510    1.31000  143  255    0.89400    1.93000   116%  94.6 1787s
 49261 39704    1.31000  144  283    0.89400    1.93000   116%  94.6 1794s
 49457 39946    1.31000  236  268    0.89400    1.93000   116%  94.2 1801s
 49703 40264    1.15200  368  301    0.89400    1.93000   116%  93.8 1805s
 50044 40588    1.04000  551  189    0.89400    1.93000   116%  93.3 1813s
 50454 40846    0.97800  668  106    0.89400    1.93000   116%  92.8 1823s
 50750 41220    1.19000  289  354    0.89400    1.93000   116%  92.5 1829s
 51177 41376 infeasible   94         0.89400    1.93000   116%  92.0 1838s
 51369 41686    1.93000   84  262    0.89400    1.93000   116%  91.9 1847s
 51705 41846    1.61200  126  366    0.89400    1.93000   116%  91.6 1853s
 51874 42153    1.60000  221  564    0.89400    1.93000   116%  91.5 1858s
 52247 42184 infeasible  102         0.89400    1.93000   116%  91.0 1863s
 52308 42245 infeasible   87         0.89400    1.93000   116%  91.1 1866s
 52405 42274    1.87000   77  384    0.89400    1.93000   116%  91.2 1870s
 52468 42361    1.91000   55  388    0.89400    1.93000   116%  91.4 1875s
 52696 42663    1.65000  137  511    0.89400    1.93000   116%  91.3 1883s
 52919 42717    1.69000   56  371    0.89400    1.93000   116%  91.1 1889s
 52990 42719    1.64000   97  456    0.89400    1.93000   116%  91.1 1897s
 52992 42721    1.64000   98  456    0.89400    1.93000   116%  91.1 1904s
 52994 42780    1.64000   99  477    0.89400    1.93000   116%  91.1 1908s
 53061 42920    1.64000  134  484    0.89400    1.93000   116%  91.0 1911s
 53224 43028    1.34400  226  399    0.89400    1.93000   116%  90.8 1916s
 53366 43081    1.75000   86  429    0.89400    1.93000   116%  90.9 1922s
 53496 43192    1.70000  103  550    0.89400    1.93000   116%  90.9 1929s
 53673 43269    1.93000   63  196    0.89400    1.93000   116%  91.0 1934s
 53768 43497    1.75000   63  397    0.89400    1.93000   116%  91.2 1938s
 54000 43625    1.60200  140  443    0.89400    1.93000   116%  90.9 1946s
 54184 43861    1.50200  232  476    0.89400    1.93000   116%  90.9 1956s
 54465 43925    1.44000  344  388    0.89400    1.93000   116%  90.8 1964s
 54555 43989    1.44000  345  387    0.89400    1.93000   116%  90.8 1970s
 54629 44068    1.44000  346  386    0.89400    1.93000   116%  90.7 1976s
 54725 44214    1.44000  362  370    0.89400    1.93000   116%  90.7 1982s
 54929 44295    1.93000   97  198    0.89400    1.93000   116%  90.7 1989s
 55098 44476    1.93000   42  338    0.89400    1.93000   116%  91.0 1995s
 55327 44695    1.21000  186  323    0.89400    1.93000   116%  91.1 2003s
 55606 44772    1.93000   76  408    0.89400    1.93000   116%  90.8 2008s
 55738 44919    1.75000   77  449    0.89400    1.93000   116%  91.1 2013s
 55945 45062    1.59000  134  657    0.89400    1.93000   116%  91.1 2021s
 56174 45109    1.36000  137  210    0.89400    1.93000   116%  91.2 2029s
 56231 45135    1.36000  140  248    0.89400    1.93000   116%  91.4 2035s
 56277 45254    1.36000  141  297    0.89400    1.93000   116%  91.4 2042s
 56414 45580    1.36000  141  262    0.89400    1.93000   116%  91.3 2050s
 56750 45989    1.31000  213  384    0.89400    1.93000   116%  90.9 2057s
 57330 46115 infeasible  132         0.89400    1.93000   116%  90.6 2062s
 57478 46523    1.10800  176  281    0.89400    1.93000   116%  90.6 2066s
 57944 46621    0.97600  431  203    0.89400    1.93000   116%  90.1 2071s
 58088 46865    1.75000   45  484    0.89400    1.93000   116%  90.1 2076s
 58406 47047    1.28200  144  538    0.89400    1.93000   116%  89.8 2082s
 58611 47279    1.93000   73  179    0.89400    1.93000   116%  89.7 2087s
 58876 47388 infeasible   85         0.89400    1.93000   116%  89.5 2092s
 59013 47480    1.87000   94  431    0.89400    1.93000   116%  89.5 2098s
 59191 47561    1.93000   73  328    0.89400    1.93000   116%  89.7 2104s
 59297 47563    1.93000   98  247    0.89400    1.93000   116%  89.9 2113s
 59299 47593    1.93000   99  339    0.89400    1.93000   116%  89.9 2121s
 59329 47645    1.93000  115  323    0.89400    1.93000   116%  89.9 2129s
 59393 47780    1.55200  172  414    0.89400    1.93000   116%  89.9 2136s
 59533 48163    1.40200  286  415    0.89400    1.93000   116%  89.7 2143s
 59977 48244    1.93000   96  278    0.89400    1.93000   116%  89.3 2148s
 60084 48320    1.75000   91  418    0.89400    1.93000   116%  89.4 2159s
 60207 48387 infeasible   92         0.89400    1.93000   116%  89.3 2169s
 60294 48464    1.75000   74  291    0.89400    1.93000   116%  89.3 2177s
 60377 48493    1.60000   75  383    0.89400    1.93000   116%  89.3 2185s
 60425 48618    1.75000   76  277    0.89400    1.93000   116%  89.3 2192s
 60584 48770    1.65000  144  420    0.89400    1.93000   116%  89.4 2199s
 60776 48966 infeasible   77         0.89400    1.93000   116%  89.6 2208s
 61020 49141    1.93000   60  506    0.89400    1.93000   116%  89.5 2214s
 61259 49254 infeasible  105         0.89400    1.93000   116%  89.7 2220s
 61398 49598    1.52800  117  445    0.89400    1.93000   116%  90.0 2230s
 61815 49905    1.16200  179  298    0.89400    1.93000   116%  89.7 2239s
 62159 50214    1.73000  117  212    0.89400    1.93000   116%  89.5 2249s
 62541 50438    1.65000  168  319    0.89400    1.93000   116%  89.3 2257s
 62829 50543    1.81000   70  367    0.89400    1.93000   116%  89.4 2264s
 62963 50574    1.81000   96  473    0.89400    1.93000   116%  89.9 2272s
 63004 50576    1.93000  102  146    0.89400    1.93000   116%  90.2 2281s
 63006 50616    1.81000  103  313    0.89400    1.93000   116%  90.2 2288s
 63050 50618    1.93000  114  318    0.89400    1.93000   116%  90.2 2302s
 63052 50620    1.93000  115  318    0.89400    1.93000   116%  90.2 2311s
 63054 50622    1.93000  116  318    0.89400    1.93000   116%  90.2 2319s
 63056 50640    1.93000  117  318    0.89400    1.93000   116%  90.2 2328s
 63078 50687    1.93000  133  461    0.89400    1.93000   116%  90.2 2335s
 63153 50750 infeasible  161         0.89400    1.93000   116%  90.3 2342s
 63242 50776    1.81000  171  581    0.89400    1.93000   116%  90.6 2350s
 63310 50885 infeasible  180         0.89400    1.93000   116%  91.1 2357s
 63478 51133    1.49000  245  366    0.89400    1.93000   116%  91.2 2364s
 63766 51323    1.37800  144  443    0.89400    1.93000   116%  91.0 2371s
 64001 51455    1.75000   94  673    0.89400    1.93000   116%  91.0 2377s
 64182 51562    1.76000   56  685    0.89400    1.93000   116%  91.1 2383s
 64322 51662    1.70000   82  494    0.89400    1.93000   116%  91.2 2389s
 64489 51790    1.70000   73  345    0.89400    1.93000   116%  91.6 2397s
 64685 52027    1.81000  145  240    0.89400    1.93000   116%  91.8 2403s
 64971 52140    1.93000  117  499    0.89400    1.93000   116%  91.8 2411s
 65115 52288    1.75000  135  369    0.89400    1.93000   116%  92.2 2416s
 65322 52432    1.81000  128  293    0.89400    1.93000   116%  92.1 2421s
 65523 52550    1.76000  145  338    0.89400    1.93000   116%  92.2 2427s
 65728 52613    1.93000   67  272    0.89400    1.93000   116%  92.3 2435s
 65857 52615    1.93000  107  243    0.89400    1.93000   116%  92.9 2450s
 65859 53876    1.93000  108  261    0.89400    1.93000   116%  93.0 2569s
 67689 54264    1.72000  125  740    0.89400    1.93000   116%  94.5 2585s
 68157 54312 infeasible  411         0.89400    1.93000   116%  94.1 2598s
 68249 54480    1.93000  134  181    0.89400    1.93000   116%  94.6 2606s
 68501 54650 infeasible   56         0.89400    1.93000   116%  94.6 2616s
 68749 54756    1.56200  132  398    0.89400    1.93000   116%  94.6 2632s
 68894 54835    1.56200  133  394    0.89400    1.93000   116%  94.6 2643s
 69011 54960    1.51200  149  394    0.89400    1.93000   116%  94.8 2656s
 69234 55155    1.93000   53  198    0.89400    1.93000   116%  95.1 2666s
 69504 55227    1.72200   68  344    0.89400    1.93000   116%  95.3 2676s
 69646 55421    1.93000   93  337    0.89400    1.93000   116%  95.7 2690s
 70124 55778    1.93000  106  172    0.89400    1.93000   116%  96.1 2704s
 70541 55780    1.93000  113  165    0.89400    1.93000   116%  95.9 2719s
 70543 55780 infeasible  114         0.89400    1.93000   116%  95.9 2737s
 70575 55816    1.93000  115  244    0.89400    1.93000   116%  96.1 2750s
 70643 55880 infeasible  116         0.89400    1.93000   116%  96.1 2762s
 70767 56074 infeasible  114         0.89400    1.93000   116%  96.2 2772s
 71000 56304    1.45000   64  412    0.89400    1.93000   116%  96.1 2783s
 71312 56510    1.93000  153  324    0.89400    1.93000   116%  96.0 2795s
 71574 56756    1.93000  232  259    0.89400    1.93000   116%  96.5 2804s
 71925 56995    1.76000   92  316    0.89400    1.93000   116%  96.5 2815s
 72238 57174    1.15200  117  183    0.89400    1.93000   116%  96.6 2823s
 72462 57296    1.93000   99  266    0.89400    1.93000   116%  96.8 2830s
 72639 57481 infeasible  156         0.89400    1.93000   116%  97.1 2837s
 72886 57914    1.39000  151  412    0.89400    1.93000   116%  97.1 2848s
 73366 58047    1.22800  505  264    0.89400    1.93000   116%  96.8 2855s
 73544 58151    1.93000  135  209    0.89400    1.93000   116%  97.0 2865s
 73650 58217    1.59000  188  401    0.89400    1.93000   116%  96.9 2877s
 73716 59007    1.54000  227  431    0.89400    1.93000   116%  96.9 2892s
 74519 59286    1.15800  705  323    0.89400    1.93000   116%  96.0 2897s
 74864 59410    1.93000   71  386    0.89400    1.93000   116%  95.7 2902s
 74988 59675    1.60200  110  301    0.89400    1.93000   116%  95.8 2911s
 75299 59774 infeasible   68         0.89400    1.93000   116%  95.6 2915s
 75595 60180    1.64000  169  512    0.89400    1.93000   116%  95.5 2924s
 75835 60432    1.39000  288  527    0.89400    1.93000   116%  95.3 2934s
 76090 60427 infeasible  415         0.89400    1.93000   116%  95.0 2941s
 76099 60432    1.93000   64  197    0.89400    1.93000   116%  95.0 2947s
 76104 60558    1.93000   65  250    0.89400    1.93000   116%  95.0 2954s
 76232 60750    1.93000   66  240    0.89400    1.93000   116%  94.9 2959s
 76434 61039    1.93000   94  340    0.89400    1.93000   116%  94.7 2963s
 76809 61163 infeasible  160         0.89400    1.93000   116%  94.7 2968s
 76965 61323    1.44000  192  435    0.89400    1.93000   116%  94.8 2972s
 77154 61390    1.70000  125  380    0.89400    1.93000   116%  95.0 2975s
 77654 61882    1.60400   86  319    0.89400    1.93000   116%  94.8 2982s
 77787 62043    1.60400  192  468    0.89400    1.93000   116%  94.8 2985s
 77997 62247    1.87000  129  533    0.89400    1.93000   116%  94.9 2991s
 78413 62524    1.93000  110  537    0.89400    1.93000   116%  94.7 2999s
 78529 62680    1.87000  127  403    0.89400    1.93000   116%  94.9 3002s
 78750 62787    1.71000   86  452    0.89400    1.93000   116%  94.8 3008s
 78887 62925 infeasible  151         0.89400    1.93000   116%  94.9 3012s
 79053 63037    1.93000   72  399    0.89400    1.93000   116%  94.9 3015s
 79311 63200 infeasible   66         0.89400    1.93000   116%  94.9 3022s
 79549 63351    1.64000  120  298    0.89400    1.93000   116%  94.9 3029s
 79666 63476 infeasible  155         0.89400    1.93000   116%  95.0 3032s
 79793 63609    1.93000  125  235    0.89400    1.93000   116%  95.1 3036s
 79943 63808    1.77000  187  558    0.89400    1.93000   116%  95.0 3041s
 80145 63822    1.77000  188  560    0.89400    1.93000   116%  94.8 3049s
 80159 63947    1.45400  201  433    0.89400    1.93000   116%  94.8 3054s
 80294 63949    1.39200  268  410    0.89400    1.93000   116%  94.7 3064s
 80296 63951    1.39200  269  410    0.89400    1.93000   116%  94.6 3071s
 80298 63967    1.39200  270  410    0.89400    1.93000   116%  94.6 3079s
 80314 64011 infeasible  285         0.89400    1.93000   116%  94.6 3086s
 80400 64061    1.87000  106  451    0.89400    1.93000   116%  94.7 3090s
 80721 64498    1.87000  121  478    0.89400    1.93000   116%  94.6 3102s
 80994 64769    1.59000  209  447    0.89400    1.93000   116%  94.4 3107s
 81299 64902    1.88200  145  647    0.89400    1.93000   116%  94.2 3113s
 81434 65127    1.34400  278  416    0.89400    1.93000   116%  94.1 3118s
 81659 65259    1.29400  502  423    0.89400    1.93000   116%  93.9 3125s
 81818 65332    1.39000   87  309    0.89400    1.93000   116%  93.8 3130s
 81891 65537    1.39000  111  392    0.89400    1.93000   116%  93.8 3136s
 82116 65881    1.93000   87  544    0.89400    1.93000   116%  93.7 3142s
 82525 66007    1.65000   95  248    0.89400    1.93000   116%  93.5 3147s
 82690 66337    1.82000   92  188    0.89400    1.93000   116%  93.5 3151s
 83089 66366 infeasible  324         0.89400    1.93000   116%  93.2 3155s
 83374 66609    1.69000   89  638    0.89400    1.93000   116%  93.2 3163s
 83510 66747    1.59200  116  400    0.89400    1.93000   116%  93.2 3166s
 83804 67077    1.88000  112  482    0.89400    1.93000   116%  93.2 3173s
 84026 67329    1.45400  235  378    0.89400    1.93000   116%  93.0 3178s
 84286 67622    1.38000  404  372    0.89400    1.93000   116%  92.8 3182s
 84610 67778    1.87000  141  361    0.89400    1.93000   116%  92.6 3187s
 84777 67829    1.87000  233  444    0.89400    1.93000   116%  92.6 3194s
 84863 67954    1.64000  108  285    0.89400    1.93000   116%  92.6 3200s
 85055 68025    1.64000   78  434    0.89400    1.93000   116%  92.7 3208s
 85101 68175    1.81000  103  381    0.89400    1.93000   116%  92.8 3211s
 85253 68414    1.44200  167  424    0.89400    1.93000   116%  92.7 3217s
 85507 68705    1.39200  339  382    0.89400    1.93000   116%  92.6 3223s
 85846 68818    1.93000  104  289    0.89400    1.93000   116%  92.4 3226s
 85973 69216    1.54400  152  366    0.89400    1.93000   116%  92.3 3231s
 86526 69512    1.93000  145  284    0.89400    1.93000   116%  91.9 3237s
 86738 69606    1.93000   95  223    0.89400    1.93000   116%  92.0 3242s
 86838 69801    1.64000  116  328    0.89400    1.93000   116%  92.1 3248s
 87035 69791 infeasible  193         0.89400    1.93000   116%  91.9 3255s
 87049 69793    1.93000   66  267    0.89400    1.93000   116%  91.9 3261s
 87051 69814    1.93000   67  267    0.89400    1.93000   116%  91.9 3267s
 87072 69853    1.93000   87  313    0.89400    1.93000   116%  91.9 3273s
 87113 69930    1.64000  126  479    0.89400    1.93000   116%  91.9 3279s
 87190 70202    1.59000  176  449    0.89400    1.93000   116%  91.9 3285s
 87478 70377    1.93000  100  253    0.89400    1.93000   116%  91.8 3290s
 87685 70506    1.70000  103  222    0.89400    1.93000   116%  91.8 3295s
 87853 70652    1.93000   98  338    0.89400    1.93000   116%  91.7 3300s
 88020 71045    1.59000  151  344    0.89400    1.93000   116%  91.8 3308s
 88451 71216    1.93000  111  189    0.89400    1.93000   116%  91.5 3313s
 88641 71366    1.93000   84  177    0.89400    1.93000   116%  91.3 3317s
 88816 71466    1.54400  136  442    0.89400    1.93000   116%  91.3 3321s
 88950 71543    1.44000  120  356    0.89400    1.93000   116%  91.4 3326s
 89053 71723    1.34000  162  435    0.89400    1.93000   116%  91.4 3331s
 89263 71725    1.88000  101  268    0.89400    1.93000   116%  91.3 3346s
 89265 71727    1.88000  102  268    0.89400    1.93000   116%  91.3 3356s
 89267 71729    1.83200  103  269    0.89400    1.93000   116%  91.3 3364s
 89269 71731    1.83200  104  269    0.89400    1.93000   116%  91.3 3376s
 89271 71766    1.83200  105  292    0.89400    1.93000   116%  91.3 3385s
 89306 71813    1.83200  121  331    0.89400    1.93000   116%  91.3 3391s
 89361 71884    1.39200  159  373    0.89400    1.93000   116%  91.4 3397s
 89452 72168    1.34400  222  328    0.89400    1.93000   116%  91.4 3403s
 89786 72325    1.93000  101  187    0.89400    1.93000   116%  91.3 3408s
 89945 72694    1.82000  180  396    0.89400    1.93000   116%  91.2 3413s
 90374 72799    1.93000  106  341    0.89400    1.93000   116%  90.9 3418s
 90501 73122    1.93000  110  447    0.89400    1.93000   116%  90.9 3424s
 90862 73163 infeasible  153         0.89400    1.93000   116%  90.7 3428s
 90925 73309    1.50000   75  349    0.89400    1.93000   116%  90.7 3432s
 91095 73337 infeasible  172         0.89400    1.93000   116%  90.6 3437s
 91139 73376    1.93000   81  194    0.89400    1.93000   116%  90.7 3441s
 91178 73446    1.93000   82  210    0.89400    1.93000   116%  90.7 3445s
 91250 73531    1.93000   83  206    0.89400    1.93000   116%  90.7 3450s
 91339 73819    1.78000  104  451    0.89400    1.93000   116%  90.6 3456s
 91651 74097    1.45200  165  499    0.89400    1.93000   116%  90.4 3463s
 91956 74209    1.93000  128  363    0.89400    1.93000   116%  90.2 3467s
 92101 74352    1.44400  183  315    0.89400    1.93000   116%  90.1 3473s
 92266 74451    1.64000  131  261    0.89400    1.93000   116%  90.1 3478s
 92411 74559    1.88000  127  350    0.89400    1.93000   116%  90.0 3482s
 92528 74735    1.44200  183  401    0.89400    1.93000   116%  90.0 3486s
 92712 74947    1.34200  291  408    0.89400    1.93000   116%  89.8 3492s
 92940 75003    1.49200  153  297    0.89400    1.93000   116%  89.7 3499s
 93060 75040    1.34200  201  437    0.89400    1.93000   116%  89.7 3504s
 93115 75109    1.88000  133  334    0.89400    1.93000   116%  89.7 3509s
 93209 75217    1.88000  134  328    0.89400    1.93000   116%  89.6 3514s
 93329 75441    1.71000  142  313    0.89400    1.93000   116%  89.6 3521s
 93591 75598    1.45200  235  336    0.89400    1.93000   116%  89.5 3526s
 93787 75709    1.61200  158  440    0.89400    1.93000   116%  89.4 3531s
 93940 75795    1.93000   62  220    0.89400    1.93000   116%  89.4 3536s
 94052 76041    1.93000  113  272    0.89400    1.93000   116%  89.5 3542s
 94362 76108    1.09800  212  330    0.89400    1.93000   116%  89.5 3551s
 94435 76110    1.09800  249  375    0.89400    1.93000   116%  89.4 3560s
 94437 76112    1.09800  250  368    0.89400    1.93000   116%  89.4 3567s
 94439 76135    1.09800  251  367    0.89400    1.93000   116%  89.4 3573s
 94462 76241    1.09800  273  361    0.89400    1.93000   116%  89.4 3582s
 94590 76295 infeasible  314         0.89400    1.93000   116%  89.4 3591s
 94730 76319    1.93000  149  455    0.89400    1.93000   116%  89.4 3597s
 94794 76356    1.93000   82  182    0.89400    1.93000   116%  89.7 3600s

Cutting planes:
  Learned: 1
  Gomory: 38
  Cover: 177
  Implied bound: 130
  Clique: 37
  MIR: 6
  Flow cover: 842
  Zero half: 2
  RLT: 39
  Relax-and-lift: 217
  BQP: 24
  PSD: 94

Explored 94857 nodes (8575051 simplex iterations) in 3600.25 seconds (2736.04 work units)
Thread count was 4 (of 4 available processors)

Solution count 10: 0.894 0.882 0.87 ... 0.674

Time limit reached
Best objective 8.940000000000e-01, best bound 1.930000000000e+00, gap 115.8837%
