10 10 10
4.0 4.0 0.0 6 2 4 1 1
4.0 8.0 0.0 6 2 4 1 1
4.0 2.0 0.0 6 2 4 1 1
4.0 0.0 4.0 6 2 4 1 1
4.0 6.0 0.0 6 2 4 1 1
5.0 2.0 7.0 5 2 3 2 1
5.0 0.0 0.0 5 2 3 2 1
5.0 2.0 4.0 5 2 3 2 1
0.0 4.0 6.0 4 2 2 3 1
0.0 4.0 2.0 4 2 2 3 1
0.0 2.0 6.0 4 2 2 3 1
0.0 8.0 2.0 4 2 2 3 1
0.0 2.0 0.0 4 2 2 3 1
0.0 4.0 8.0 4 2 2 3 1
6.0 0.0 8.0 4 2 2 3 1
0.0 8.0 0.0 4 2 2 3 1
0.0 0.0 2.0 4 2 2 3 1
0.0 2.0 4.0 4 2 2 3 1
0.0 4.0 0.0 4 2 2 3 1
0.0 4.0 4.0 4 2 2 3 1
0.0 6.0 6.0 4 2 2 3 1
0.0 8.0 8.0 4 2 2 3 1
0.0 2.0 8.0 4 2 2 3 1
0.0 8.0 4.0 4 2 2 3 1
0.0 8.0 6.0 4 2 2 3 1
0.0 6.0 8.0 4 2 2 3 1
0.0 6.0 2.0 4 2 2 3 1
0.0 0.0 4.0 4 2 2 3 1
0.0 0.0 6.0 4 2 2 3 1
0.0 2.0 2.0 4 2 2 3 1
0.0 0.0 0.0 4 2 2 3 1
0.0 0.0 8.0 4 2 2 3 1
0.0 6.0 0.0 4 2 2 3 1
0.0 6.0 4.0 4 2 2 3 1
6.0 5.0 4.0 2 5 6 5 1
4.0 5.0 4.0 2 5 6 5 1
8.0 5.0 4.0 2 5 6 5 1
