
Gurobi 12.0.2 (win64) logging started Sat Dec  6 20:52:14 2025

Set parameter LogFile to value "resultados DATA_1_n10m05b2d2\instancia_8_log.txt"
Gurobi Optimizer version 12.0.2 build v12.0.2rc0 (win64 - Windows 10.0 (19045.2))

CPU model: Intel(R) Core(TM) i5-6300U CPU @ 2.40GHz, instruction set [SSE2|AVX|AVX2]
Thread count: 2 physical cores, 4 logical processors, using up to 4 threads

Non-default parameters:
TimeLimit  3600

Optimize a model with 721 rows, 1232 columns and 2534 nonzeros
Model fingerprint: 0xd69bc261
Variable types: 42 continuous, 1190 integer (1190 binary)
Coefficient statistics:
  Matrix range     [1e+00, 1e+03]
  Objective range  [5e-02, 1e-01]
  Bounds range     [1e+00, 1e+00]
  RHS range        [1e+00, 1e+03]
Found heuristic solution: objective 0.0900000
Presolve removed 134 rows and 722 columns
Presolve time: 0.03s
Presolved: 587 rows, 510 columns, 2082 nonzeros
Variable types: 42 continuous, 468 integer (468 binary)

Root relaxation: objective 1.030000e+00, 188 iterations, 0.00 seconds (0.00 work units)

    Nodes    |    Current Node    |     Objective Bounds      |     Work
 Expl Unexpl |  Obj  Depth IntInf | Incumbent    BestBd   Gap | It/Node Time

     0     0    1.03000    0   13    0.09000    1.03000  1044%     -    0s
H    0     0                       0.6740000    1.03000  52.8%     -    0s
     0     0    1.03000    0   38    0.67400    1.03000  52.8%     -    0s
     0     0    1.03000    0   47    0.67400    1.03000  52.8%     -    0s
     0     0    1.03000    0   10    0.67400    1.03000  52.8%     -    0s
H    0     0                       0.6820000    1.03000  51.0%     -    0s
     0     0    1.03000    0   14    0.68200    1.03000  51.0%     -    0s
H    0     0                       0.7540000    1.03000  36.6%     -    0s
     0     0    1.03000    0   14    0.75400    1.03000  36.6%     -    0s
     0     0    1.03000    0   13    0.75400    1.03000  36.6%     -    0s
     0     0    1.03000    0   12    0.75400    1.03000  36.6%     -    0s
H    0     0                       0.7720000    1.03000  33.4%     -    0s
     0     2    1.03000    0   12    0.77200    1.03000  33.4%     -    0s
  1944   828    0.88600   27   20    0.77200    1.03000  33.4%  21.5    5s
  4394  1570 infeasible   28         0.77200    1.03000  33.4%  19.8   10s
  7961  2958    0.88000   35   12    0.77200    1.03000  33.4%  18.4   15s
 11703  4230    0.80800   33    8    0.77200    1.03000  33.4%  17.1   20s
 14590  5196    0.88000   35   21    0.77200    1.03000  33.4%  16.9   25s
 19109  6646    0.88000   47   13    0.77200    1.03000  33.4%  16.6   30s
 20903  7008    0.95800   21   22    0.77200    1.03000  33.4%  16.3   40s
 25228  8160    0.88600   41   16    0.77200    1.03000  33.4%  16.3   45s
 28214  9049    0.88000   25   33    0.77200    1.03000  33.4%  16.4   50s
 33703 10284 infeasible   39         0.77200    0.95800  24.1%  15.8   55s
 40708 11627 infeasible   42         0.77200    0.95800  24.1%  15.4   60s
 47616 12960    0.88600   28   18    0.77200    0.95800  24.1%  15.1   65s
 54717 14457 infeasible   39         0.77200    0.95800  24.1%  14.6   70s
 59735 15731    0.94000   27   36    0.77200    0.94000  21.8%  14.6   75s
 63788 16966    0.86800   31   31    0.77200    0.94000  21.8%  14.6   80s
 66955 17802    0.85000   37   22    0.77200    0.94000  21.8%  14.8   85s
 71373 18497    0.88600   32   20    0.77200    0.88600  14.8%  14.8   90s
 74985 18700 infeasible   35         0.77200    0.88600  14.8%  15.1   95s
 78679 18807 infeasible   40         0.77200    0.88600  14.8%  15.3  100s
 81935 18782     cutoff   35         0.77200    0.88600  14.8%  15.5  105s
 85527 18823     cutoff   23         0.77200    0.88600  14.8%  15.7  110s
 89115 18970    0.88000   25   18    0.77200    0.88600  14.8%  15.9  115s
 102173 21067 infeasible   39         0.77200    0.88000  14.0%  14.8  120s
 108626 21654 infeasible   27         0.77200    0.88000  14.0%  14.4  125s
 116940 22729    0.80800   34   33    0.77200    0.88000  14.0%  14.1  130s
 130483 24441 infeasible   36         0.77200    0.88000  14.0%  13.4  135s
 140790 25498    0.80800   42   17    0.77200    0.88000  14.0%  13.0  140s
 151467 26519 infeasible   38         0.77200    0.88000  14.0%  12.7  145s
 162938 27605    0.88000   34   25    0.77200    0.88000  14.0%  12.3  150s
 177201 28803    0.88000   56   21    0.77200    0.88000  14.0%  11.9  155s
 190038 29895     cutoff   35         0.77200    0.88000  14.0%  11.7  160s
 204367 31769    0.88000   34   23    0.77200    0.88000  14.0%  11.4  165s
 226166 33773    0.80800   41    6    0.77200    0.88000  14.0%  10.8  170s
 246066 35887    0.80800   35   14    0.77200    0.88000  14.0%  10.4  175s
 260910 37528    0.88000   41   12    0.77200    0.88000  14.0%  10.3  180s
 275184 38493    0.88000   38   26    0.77200    0.88000  14.0%  10.1  185s
 292195 39548 infeasible   37         0.77200    0.88000  14.0%   9.9  190s
 301180 40493    0.88000   42   19    0.77200    0.88000  14.0%  10.0  195s
 312560 41332     cutoff   28         0.77200    0.88000  14.0%   9.9  200s
 322322 42043    0.88000   37   26    0.77200    0.88000  14.0%   9.9  205s
 333305 42568    0.80800   32   14    0.77200    0.88000  14.0%   9.8  210s
 343434 43105    0.88000   30   28    0.77200    0.88000  14.0%   9.8  215s
 354074 44254 infeasible   42         0.77200    0.88000  14.0%   9.7  220s
 369000 45673    0.88000   46   16    0.77200    0.88000  14.0%   9.6  225s
 382419 46596 infeasible   34         0.77200    0.88000  14.0%   9.5  230s
 394750 47808 infeasible   36         0.77200    0.88000  14.0%   9.4  235s
 406526 48572    0.80000   38   14    0.77200    0.88000  14.0%   9.4  240s
 418411 49609    0.82600   30    6    0.77200    0.88000  14.0%   9.3  245s
 434654 51162    0.88000   30   12    0.77200    0.88000  14.0%   9.2  250s
 442936 52062    0.88000   30   35    0.77200    0.88000  14.0%   9.3  255s
 453605 53157    0.88000   49   24    0.77200    0.88000  14.0%   9.3  260s
 464375 54254 infeasible   46         0.77200    0.88000  14.0%   9.3  265s
 480887 56005 infeasible   46         0.77200    0.88000  14.0%   9.2  270s
 500626 57473 infeasible   49         0.77200    0.88000  14.0%   9.1  275s
 518583 58502    0.88000   63   13    0.77200    0.88000  14.0%   9.0  280s
 534696 59769    0.88000   29   14    0.77200    0.88000  14.0%   8.9  285s
 555133 61181 infeasible   46         0.77200    0.88000  14.0%   8.8  290s
 569789 62347 infeasible   42         0.77200    0.88000  14.0%   8.8  295s
 582252 63560    0.88000   36   24    0.77200    0.88000  14.0%   8.8  300s
 594546 64471 infeasible   41         0.77200    0.88000  14.0%   8.8  305s
 606357 65794    0.88000   34   31    0.77200    0.88000  14.0%   8.8  310s
 618368 67061     cutoff   35         0.77200    0.88000  14.0%   8.8  315s
 629737 68251 infeasible   49         0.77200    0.88000  14.0%   8.7  320s
 639477 68855     cutoff   41         0.77200    0.88000  14.0%   8.7  325s
 651898 69697    0.88000   44   18    0.77200    0.88000  14.0%   8.7  330s
 662616 70554    0.79100   48    7    0.77200    0.88000  14.0%   8.7  335s
 673405 70986    0.80000   38   14    0.77200    0.88000  14.0%   8.8  340s
 685371 71755     cutoff   40         0.77200    0.88000  14.0%   8.8  345s
 695763 72656     cutoff   37         0.77200    0.88000  14.0%   8.8  350s
 706358 73399    0.88000   38   16    0.77200    0.88000  14.0%   8.8  355s
 717451 74063 infeasible   24         0.77200    0.88000  14.0%   8.8  360s
 724727 74776 infeasible   46         0.77200    0.88000  14.0%   8.8  365s
 734908 75378 infeasible   46         0.77200    0.88000  14.0%   8.8  370s
 746367 75912 infeasible   38         0.77200    0.88000  14.0%   8.8  375s
 753175 76344 infeasible   45         0.77200    0.88000  14.0%   8.8  380s
 764647 76954    0.88000   32   23    0.77200    0.88000  14.0%   8.8  385s
 775574 77564    0.80800   37    8    0.77200    0.88000  14.0%   8.8  390s
 787145 78162    0.88000   44   22    0.77200    0.88000  14.0%   8.8  395s
 797475 78896    0.88000   37   22    0.77200    0.88000  14.0%   8.8  400s
 808806 79642    0.79000   38   14    0.77200    0.88000  14.0%   8.8  405s
 818622 80291 infeasible   36         0.77200    0.88000  14.0%   8.8  410s
 827933 80699     cutoff   37         0.77200    0.88000  14.0%   8.9  415s
 839555 81795 infeasible   42         0.77200    0.88000  14.0%   8.9  420s
 851771 82487    0.88000   33   14    0.77200    0.88000  14.0%   8.9  425s
 861427 83045    0.88000   26   63    0.77200    0.88000  14.0%   8.9  430s
 870730 83623    0.88000   38   26    0.77200    0.88000  14.0%   8.9  435s
 880040 84213    0.88000   32   17    0.77200    0.88000  14.0%   8.9  440s
 889079 84931    0.80800   40   26    0.77200    0.88000  14.0%   8.9  445s
 900686 85553 infeasible   35         0.77200    0.88000  14.0%   8.9  450s
 911233 85880    0.88000   54    4    0.77200    0.88000  14.0%   8.9  455s
 921889 86325 infeasible   54         0.77200    0.88000  14.0%   8.9  460s
 933464 87244    0.88000   52   12    0.77200    0.88000  14.0%   8.9  465s
 940814 87666    0.88000   43   20    0.77200    0.88000  14.0%   8.9  470s
 952110 88304    0.88000   43   20    0.77200    0.88000  14.0%   8.9  475s
 963555 89043    0.88000   38   24    0.77200    0.88000  14.0%   8.9  480s
 974753 90133    0.88000   28   33    0.77200    0.88000  14.0%   8.9  485s
 986720 91161     cutoff   34         0.77200    0.88000  14.0%   8.9  490s
 999398 91666 infeasible   50         0.77200    0.88000  14.0%   8.9  495s
 1011336 92666    0.88000   32   21    0.77200    0.88000  14.0%   8.9  500s
 1024612 93616    0.88000   42   26    0.77200    0.88000  14.0%   8.9  505s
 1035105 94842    0.88000   52   14    0.77200    0.88000  14.0%   8.9  510s
 1047943 95568    0.88000   35   10    0.77200    0.88000  14.0%   8.9  515s
 1059713 96448 infeasible   53         0.77200    0.88000  14.0%   8.9  520s
 1072871 97070    0.80800   37    4    0.77200    0.88000  14.0%   9.0  525s
 1087043 98170 infeasible   36         0.77200    0.88000  14.0%   9.0  530s
 1101219 99406 infeasible   39         0.77200    0.88000  14.0%   9.0  535s
 1111763 100120    0.80800   40    2    0.77200    0.88000  14.0%   9.0  540s
 1120853 100567    0.88000   37   18    0.77200    0.88000  14.0%   9.0  545s
 1133054 101238 infeasible   38         0.77200    0.88000  14.0%   9.0  550s
 1145716 101939    0.88000   36   26    0.77200    0.88000  14.0%   9.0  555s
 1152139 101961    0.88000   37   18    0.77200    0.88000  14.0%   9.0  560s
 1163124 102623    0.88000   35   31    0.77200    0.88000  14.0%   9.0  565s
 1174839 103607 infeasible   36         0.77200    0.88000  14.0%   9.0  570s
 1186808 104407 infeasible   44         0.77200    0.88000  14.0%   9.0  575s
 1197610 104842     cutoff   44         0.77200    0.88000  14.0%   9.0  580s
 1206004 105643 infeasible   45         0.77200    0.88000  14.0%   9.0  585s
 1214965 106155    0.88000   35   14    0.77200    0.88000  14.0%   9.0  590s
 1225773 106843    0.88000   45   13    0.77200    0.88000  14.0%   9.0  595s
 1237410 107668 infeasible   45         0.77200    0.88000  14.0%   9.0  600s
 1245141 108172     cutoff   39         0.77200    0.88000  14.0%   9.0  605s
 1250108 108580 infeasible   30         0.77200    0.88000  14.0%   9.0  611s
 1253204 109011    0.88000   43   26    0.77200    0.88000  14.0%   9.0  615s
 1260873 109784 infeasible   34         0.77200    0.88000  14.0%   9.0  620s
 1268839 110534    0.86560   32   24    0.77200    0.88000  14.0%   9.0  625s
 1277277 111260    0.88000   44   18    0.77200    0.88000  14.0%   9.0  630s
 1284776 111774    0.80800   38   14    0.77200    0.88000  14.0%   9.0  635s
 1292381 112334    0.88000   45   32    0.77200    0.88000  14.0%   9.0  640s
 1300731 112610 infeasible   47         0.77200    0.88000  14.0%   9.0  645s
 1308184 113061     cutoff   23         0.77200    0.88000  14.0%   9.0  650s
 1315200 113437    0.88000   22   10    0.77200    0.88000  14.0%   9.0  655s
 1321136 113649    0.88000   39   31    0.77200    0.88000  14.0%   9.0  660s
 1327131 114122    0.82600   46   12    0.77200    0.88000  14.0%   9.0  665s
 1334574 114609 infeasible   31         0.77200    0.88000  14.0%   9.0  670s
 1341471 114875     cutoff   33         0.77200    0.88000  14.0%   9.0  675s
 1349636 115171    0.82600   30    8    0.77200    0.88000  14.0%   9.0  680s
 1358993 115455    0.88000   31   29    0.77200    0.88000  14.0%   9.0  685s
 1367315 115688    0.88000   28   27    0.77200    0.88000  14.0%   9.0  690s
 1378209 116441 infeasible   42         0.77200    0.88000  14.0%   9.0  695s
 1386723 116917    0.88000   35   26    0.77200    0.88000  14.0%   9.0  700s
 1396938 117244    0.88000   39   20    0.77200    0.88000  14.0%   9.0  705s
 1406605 118055    0.88000   33   12    0.77200    0.88000  14.0%   9.0  710s
 1416123 118714    0.80800   37   12    0.77200    0.88000  14.0%   9.0  715s
 1422832 119012    0.82600   36   12    0.77200    0.88000  14.0%   9.0  720s
 1430794 119340 infeasible   39         0.77200    0.88000  14.0%   9.0  725s
 1438242 119714 infeasible   41         0.77200    0.88000  14.0%   9.0  730s
 1447216 119978 infeasible   36         0.77200    0.88000  14.0%   9.0  735s
 1454403 120262    0.88000   49   18    0.77200    0.88000  14.0%   9.0  740s
 1462303 120716 infeasible   41         0.77200    0.88000  14.0%   9.0  745s
 1469525 121132    0.88000   31   14    0.77200    0.88000  14.0%   9.0  750s
 1474716 121375 infeasible   31         0.77200    0.88000  14.0%   9.0  755s
 1482054 121879    0.82600   26   20    0.77200    0.88000  14.0%   9.0  760s
 1491532 122490 infeasible   34         0.77200    0.88000  14.0%   9.0  765s
 1499750 122872 infeasible   27         0.77200    0.88000  14.0%   9.0  770s
 1507771 123225 infeasible   38         0.77200    0.88000  14.0%   9.0  775s
 1515580 123620    0.80000   34   18    0.77200    0.88000  14.0%   9.0  780s
 1525432 124109 infeasible   45         0.77200    0.88000  14.0%   9.0  785s
 1534521 124351    0.80000   43    6    0.77200    0.88000  14.0%   9.0  790s
 1541589 124767    0.88000   30   32    0.77200    0.88000  14.0%   9.0  795s
 1551244 125320 infeasible   44         0.77200    0.88000  14.0%   9.0  800s
 1559926 125853    0.80800   44   20    0.77200    0.88000  14.0%   9.0  805s
 1568153 126360 infeasible   39         0.77200    0.88000  14.0%   9.0  810s
 1573146 126554    0.88000   37   20    0.77200    0.88000  14.0%   9.0  815s
 1581470 127145    0.80800   33   18    0.77200    0.88000  14.0%   9.0  820s
 1590344 127681    0.88000   39   16    0.77200    0.88000  14.0%   9.0  825s
 1597659 128333    0.88000   38   24    0.77200    0.88000  14.0%   9.0  830s
 1607929 129187 infeasible   39         0.77200    0.88000  14.0%   9.0  835s
 1616295 129729    0.88000   34   26    0.77200    0.88000  14.0%   9.0  840s
 1621764 130067 infeasible   52         0.77200    0.88000  14.0%   9.0  845s
 1628402 130305    0.88000   35   16    0.77200    0.88000  14.0%   9.0  850s
 1635418 130727    0.80800   52   22    0.77200    0.88000  14.0%   9.0  855s
 1641851 131035    0.88000   34   24    0.77200    0.88000  14.0%   9.0  860s
 1646379 131284 infeasible   34         0.77200    0.88000  14.0%   9.0  865s
 1653682 131613    0.88000   41    8    0.77200    0.88000  14.0%   9.0  870s
 1659661 132066    0.88000   27   29    0.77200    0.88000  14.0%   9.0  875s
 1667490 132686 infeasible   33         0.77200    0.88000  14.0%   9.0  880s
 1676492 133124     cutoff   33         0.77200    0.88000  14.0%   9.0  885s
 1683599 133573    0.88000   40   16    0.77200    0.88000  14.0%   9.0  890s
 1689346 133873    0.80000   38    9    0.77200    0.88000  14.0%   9.0  895s
 1697249 134529    0.82600   61    8    0.77200    0.88000  14.0%   9.0  900s
 1705282 134927 infeasible   47         0.77200    0.88000  14.0%   9.0  905s
 1714003 135549     cutoff   37         0.77200    0.88000  14.0%   9.0  910s
 1723412 136283    0.80800   42   16    0.77200    0.88000  14.0%   9.0  915s
 1733155 137163    0.80000   40   10    0.77200    0.88000  14.0%   9.0  920s
 1740109 137856    0.80000   35   11    0.77200    0.88000  14.0%   9.0  925s
 1751569 138584    0.88000   27   14    0.77200    0.88000  14.0%   9.0  930s
 1761021 139080    0.88000   28   32    0.77200    0.88000  14.0%   9.0  935s
 1769856 139699 infeasible   41         0.77200    0.88000  14.0%   8.9  940s
 1777604 140212 infeasible   36         0.77200    0.88000  14.0%   8.9  945s
 1787857 140980    0.88000   40   47    0.77200    0.88000  14.0%   8.9  950s
 1798825 141668    0.88000   23   28    0.77200    0.88000  14.0%   8.9  955s
 1806701 142252    0.88000   29   20    0.77200    0.88000  14.0%   8.9  960s
 1814821 142557    0.88000   37   10    0.77200    0.88000  14.0%   8.9  965s
 1825266 143370    0.79000   49   14    0.77200    0.88000  14.0%   8.9  970s
 1832113 143905     cutoff   35         0.77200    0.88000  14.0%   8.9  975s
 1840406 144556    0.88000   44   24    0.77200    0.88000  14.0%   8.9  980s
 1849036 145406    0.79900   51   24    0.77200    0.88000  14.0%   8.9  985s
 1859920 146421    0.86560   43   27    0.77200    0.88000  14.0%   8.9  990s
 1867832 147221 infeasible   53         0.77200    0.88000  14.0%   8.9  995s
 1876274 148234 infeasible   29         0.77200    0.88000  14.0%   8.9 1000s
 1884613 149181    0.87520   37   16    0.77200    0.88000  14.0%   8.9 1005s
 1890871 149611    0.88000   31   17    0.77200    0.88000  14.0%   8.9 1010s
 1898548 150337    0.88000   34   12    0.77200    0.88000  14.0%   8.9 1015s
 1905183 150738     cutoff   33         0.77200    0.88000  14.0%   8.9 1020s
 1912388 151535     cutoff   34         0.77200    0.88000  14.0%   8.9 1025s
 1919186 152458 infeasible   43         0.77200    0.88000  14.0%   8.9 1030s
 1929107 153021    0.88000   46   22    0.77200    0.88000  14.0%   8.9 1035s
 1938635 153507    0.88000   29   35    0.77200    0.88000  14.0%   8.9 1040s
 1946336 153909     cutoff   41         0.77200    0.88000  14.0%   8.9 1045s
 1955893 154186     cutoff   41         0.77200    0.88000  14.0%   8.9 1050s
 1963285 154297 infeasible   45         0.77200    0.88000  14.0%   8.9 1055s
 1972145 154743 infeasible   28         0.77200    0.88000  14.0%   8.9 1060s
 1982028 155157    0.88000   36   18    0.77200    0.88000  14.0%   8.9 1065s
 1991109 155561 infeasible   35         0.77200    0.88000  14.0%   8.9 1070s
 1997707 155634    0.88000   37   16    0.77200    0.88000  14.0%   8.9 1075s
 2006594 156085 infeasible   33         0.77200    0.88000  14.0%   8.9 1080s
 2016151 156493     cutoff   35         0.77200    0.88000  14.0%   8.9 1085s
 2023670 157032 infeasible   38         0.77200    0.88000  14.0%   8.9 1090s
 2031931 157548 infeasible   33         0.77200    0.88000  14.0%   8.9 1095s
 2039741 157949    0.88000   39   29    0.77200    0.88000  14.0%   8.9 1100s
 2047484 158472    0.88000   39   25    0.77200    0.88000  14.0%   8.9 1105s
 2059162 159258    0.79000   25   12    0.77200    0.88000  14.0%   8.9 1110s
 2068043 159912    0.88000   42   18    0.77200    0.88000  14.0%   8.9 1115s
 2075507 160354 infeasible   34         0.77200    0.88000  14.0%   8.9 1120s
 2081454 160930    0.79000   46   18    0.77200    0.88000  14.0%   8.9 1125s
 2088866 161586    0.88000   45   25    0.77200    0.88000  14.0%   8.9 1130s
 2096677 161916    0.80800   36   22    0.77200    0.88000  14.0%   8.9 1135s
 2105098 162571    0.88000   48   12    0.77200    0.88000  14.0%   8.9 1140s
 2114035 163149 infeasible   64         0.77200    0.88000  14.0%   8.9 1145s
 2122555 163757    0.88000   38   34    0.77200    0.88000  14.0%   8.9 1150s
 2130581 164382    0.88000   33   32    0.77200    0.88000  14.0%   8.9 1155s
 2139373 165285 infeasible   45         0.77200    0.88000  14.0%   8.9 1160s
 2148572 166015    0.88000   41    8    0.77200    0.88000  14.0%   8.9 1165s
 2157765 166709 infeasible   47         0.77200    0.88000  14.0%   8.9 1170s
 2167106 167113    0.80800   32    5    0.77200    0.88000  14.0%   8.9 1175s
 2176394 167649    0.88000   31   20    0.77200    0.88000  14.0%   8.9 1180s
 2183886 168219    0.85840   46   27    0.77200    0.88000  14.0%   8.9 1185s
 2193659 168737 infeasible   38         0.77200    0.88000  14.0%   8.9 1190s
 2200063 168982 infeasible   38         0.77200    0.88000  14.0%   8.9 1195s
 2208245 169540 infeasible   43         0.77200    0.88000  14.0%   8.9 1200s
 2216080 169818    0.88000   30   21    0.77200    0.88000  14.0%   8.9 1205s
 2224412 170191    0.80000   37   12    0.77200    0.88000  14.0%   8.9 1210s
 2235280 171019    0.82600   40   12    0.77200    0.88000  14.0%   8.9 1215s
 2242427 171426    0.88000   52   30    0.77200    0.88000  14.0%   8.9 1220s
 2248988 172305     cutoff   36         0.77200    0.88000  14.0%   8.9 1225s
 2255873 172823    0.88000   37   20    0.77200    0.88000  14.0%   8.9 1230s
 2267573 173415 infeasible   46         0.77200    0.88000  14.0%   8.9 1235s
 2278827 173857    0.88000   36   22    0.77200    0.88000  14.0%   8.9 1240s
 2288177 174367     cutoff   34         0.77200    0.88000  14.0%   8.9 1245s
 2295899 175082 infeasible   38         0.77200    0.88000  14.0%   8.9 1250s
 2303858 175551    0.80800   53   10    0.77200    0.88000  14.0%   8.9 1255s
 2312826 176073 infeasible   37         0.77200    0.88000  14.0%   8.9 1260s
 2319785 176493 infeasible   36         0.77200    0.88000  14.0%   8.9 1265s
 2329853 177491    0.88000   57   14    0.77200    0.88000  14.0%   8.9 1270s
 2339408 178028    0.88000   39   32    0.77200    0.88000  14.0%   8.9 1275s
 2349315 178828    0.88000   40   24    0.77200    0.88000  14.0%   8.9 1280s
 2358135 179211    0.82600   35   10    0.77200    0.88000  14.0%   8.9 1285s
 2368216 179519 infeasible   38         0.77200    0.88000  14.0%   8.9 1290s
 2378197 180424    0.88000   40   30    0.77200    0.88000  14.0%   8.9 1295s
 2387767 181474    0.85600   43   21    0.77200    0.88000  14.0%   8.9 1300s
 2392093 181830    0.80800   28   18    0.77200    0.88000  14.0%   8.9 1305s
 2398392 182481     cutoff   37         0.77200    0.88000  14.0%   8.9 1310s
 2402463 182978    0.80800   39    4    0.77200    0.88000  14.0%   8.9 1315s
 2410307 183744    0.88000   33   12    0.77200    0.88000  14.0%   8.9 1320s
 2419266 184424    0.88000   39   20    0.77200    0.88000  14.0%   8.9 1325s
 2430208 185386    0.88000   34   13    0.77200    0.88000  14.0%   8.9 1330s
 2438986 185954    0.88000   41   17    0.77200    0.88000  14.0%   8.9 1335s
 2448668 186455    0.88000   28   21    0.77200    0.88000  14.0%   8.9 1340s
 2453906 187129 infeasible   32         0.77200    0.88000  14.0%   8.9 1345s
 2464047 187974    0.88000   40   14    0.77200    0.88000  14.0%   8.9 1350s
 2472850 188600 infeasible   40         0.77200    0.88000  14.0%   8.9 1355s
 2482327 189413    0.88000   42   10    0.77200    0.88000  14.0%   8.9 1360s
 2491443 190079    0.88000   42   16    0.77200    0.88000  14.0%   8.9 1365s
 2498126 190621 infeasible   42         0.77200    0.88000  14.0%   8.9 1370s
 2505505 191152    0.80800   40    9    0.77200    0.88000  14.0%   8.9 1375s
 2513877 191598    0.82600   38    8    0.77200    0.88000  14.0%   8.9 1380s
 2521239 192074    0.88000   33   45    0.77200    0.88000  14.0%   8.9 1385s
 2529395 192880    0.82600   37    8    0.77200    0.88000  14.0%   8.9 1390s
 2540742 193711    0.79000   44    9    0.77200    0.88000  14.0%   8.9 1395s
 2548853 194255     cutoff   30         0.77200    0.88000  14.0%   8.9 1400s
 2557907 194917 infeasible   40         0.77200    0.88000  14.0%   8.9 1405s
 2565341 195410    0.88000   36   12    0.77200    0.88000  14.0%   8.9 1410s
 2574071 196183    0.88000   31   20    0.77200    0.88000  14.0%   8.9 1415s
 2582093 196989 infeasible   43         0.77200    0.88000  14.0%   8.9 1420s
 2591159 197817 infeasible   50         0.77200    0.88000  14.0%   8.9 1425s
 2598975 198557 infeasible   43         0.77200    0.88000  14.0%   8.9 1430s
 2608119 199271    0.88000   31   24    0.77200    0.88000  14.0%   8.9 1435s
 2614732 199608    0.88000   41   27    0.77200    0.88000  14.0%   8.9 1440s
 2623411 200212    0.88000   36    9    0.77200    0.88000  14.0%   8.9 1445s
 2631089 200796    0.88000   33   14    0.77200    0.88000  14.0%   8.9 1450s
 2641255 201397    0.88000   35   12    0.77200    0.88000  14.0%   8.9 1455s
 2652466 201944    0.82600   39   16    0.77200    0.88000  14.0%   8.9 1460s
 2661911 202712    0.82600   39   18    0.77200    0.88000  14.0%   8.9 1465s
 2671089 203746 infeasible   45         0.77200    0.88000  14.0%   8.9 1470s
 2675750 204152    0.88000   34   12    0.77200    0.88000  14.0%   8.9 1475s
 2684198 205359    0.79000   42   36    0.77200    0.88000  14.0%   8.9 1480s
 2694878 206526     cutoff   44         0.77200    0.88000  14.0%   8.9 1485s
 2703867 207582 infeasible   42         0.77200    0.88000  14.0%   8.9 1490s
 2713316 208542 infeasible   43         0.77200    0.88000  14.0%   8.9 1495s
 2722014 208987    0.88000   41   14    0.77200    0.88000  14.0%   8.9 1500s
 2731827 210065    0.86200   44   31    0.77200    0.88000  14.0%   8.9 1505s
 2739422 210723 infeasible   37         0.77200    0.88000  14.0%   8.9 1510s
 2747516 211190    0.80800   37    7    0.77200    0.88000  14.0%   8.9 1515s
 2758076 212207    0.79000   49   11    0.77200    0.88000  14.0%   8.9 1520s
 2769041 212884 infeasible   56         0.77200    0.88000  14.0%   8.9 1525s
 2778025 213413    0.80000   42    8    0.77200    0.88000  14.0%   8.9 1530s
 2787885 213978    0.88000   46   22    0.77200    0.88000  14.0%   8.9 1535s
 2795264 214249    0.80800   38   12    0.77200    0.88000  14.0%   8.9 1540s
 2804779 214659    0.80800   48    8    0.77200    0.88000  14.0%   8.9 1545s
 2813062 215020 infeasible   44         0.77200    0.88000  14.0%   8.9 1550s
 2821626 215481    0.88000   36   18    0.77200    0.88000  14.0%   8.9 1555s
 2825413 215444 infeasible   41         0.77200    0.88000  14.0%   9.0 1560s
 2832729 215822    0.88000   44   18    0.77200    0.88000  14.0%   9.0 1565s
 2841928 216241 infeasible   36         0.77200    0.88000  14.0%   9.0 1570s
 2850703 216577 infeasible   35         0.77200    0.88000  14.0%   9.0 1575s
 2860881 217355 infeasible   39         0.77200    0.88000  14.0%   9.0 1580s
 2869494 217975    0.88000   57   16    0.77200    0.88000  14.0%   9.0 1585s
 2874053 218256 infeasible   46         0.77200    0.88000  14.0%   9.0 1590s
 2883899 219218     cutoff   43         0.77200    0.88000  14.0%   8.9 1595s
 2894473 219985 infeasible   56         0.77200    0.88000  14.0%   8.9 1600s
 2904472 221148    0.80000   43   27    0.77200    0.88000  14.0%   8.9 1605s
 2914251 221841     cutoff   47         0.77200    0.88000  14.0%   8.9 1610s
 2924422 222379    0.79000   33   18    0.77200    0.88000  14.0%   8.9 1615s
 2933084 222958    0.88000   43   16    0.77200    0.88000  14.0%   8.9 1620s
 2942964 223484    0.88000   41   10    0.77200    0.88000  14.0%   8.9 1625s
 2951296 223923    0.88000   35   30    0.77200    0.88000  14.0%   8.9 1630s
 2960353 224700    0.88000   32   23    0.77200    0.88000  14.0%   8.9 1635s
 2968990 225285    0.88000   40   19    0.77200    0.88000  14.0%   8.9 1640s
 2978094 225721    0.88000   46   26    0.77200    0.88000  14.0%   8.9 1645s
 2987924 226293 infeasible   44         0.77200    0.88000  14.0%   8.9 1650s
 2997755 226779    0.88000   32   20    0.77200    0.88000  14.0%   8.9 1655s
 3006796 227251     cutoff   38         0.77200    0.88000  14.0%   8.9 1660s
 3017020 227917    0.88000   35   14    0.77200    0.88000  14.0%   8.9 1665s
 3026155 228456    0.80800   35   12    0.77200    0.88000  14.0%   8.9 1670s
 3035665 229032 infeasible   48         0.77200    0.88000  14.0%   8.9 1675s
 3045360 229495    0.80800   35   18    0.77200    0.88000  14.0%   8.9 1680s
 3051489 229812     cutoff   33         0.77200    0.88000  14.0%   8.9 1685s
 3058296 230282 infeasible   46         0.77200    0.88000  14.0%   9.0 1690s
 3067069 230645     cutoff   41         0.77200    0.88000  14.0%   9.0 1695s
 3075316 231418    0.80800   41   13    0.77200    0.88000  14.0%   9.0 1700s
 3084522 232057    0.88000   39   24    0.77200    0.88000  14.0%   9.0 1705s
 3094585 232682    0.88000   42   18    0.77200    0.88000  14.0%   9.0 1710s
 3104942 233484 infeasible   40         0.77200    0.88000  14.0%   9.0 1715s
 3115731 233980 infeasible   31         0.77200    0.88000  14.0%   9.0 1720s
 3126833 234963    0.88000   55   12    0.77200    0.88000  14.0%   9.0 1725s
 3137325 235710    0.80800   44   13    0.77200    0.88000  14.0%   9.0 1730s
 3147157 236301 infeasible   56         0.77200    0.88000  14.0%   9.0 1735s
 3156323 236858 infeasible   41         0.77200    0.88000  14.0%   9.0 1740s
 3164383 237456    0.88000   30   28    0.77200    0.88000  14.0%   9.0 1745s
 3170825 237669    0.80800   33   28    0.77200    0.88000  14.0%   9.0 1750s
 3181466 238253    0.80800   47    4    0.77200    0.88000  14.0%   9.0 1755s
 3190866 238779     cutoff   28         0.77200    0.88000  14.0%   9.0 1760s
 3200618 239745 infeasible   55         0.77200    0.88000  14.0%   9.0 1765s
 3211381 240403 infeasible   51         0.77200    0.88000  14.0%   9.0 1770s
 3220472 240609    0.88000   31   14    0.77200    0.88000  14.0%   9.0 1775s
 3231389 241957    0.79900   33   17    0.77200    0.88000  14.0%   9.0 1780s
 3242166 243013    0.88000   40   27    0.77200    0.88000  14.0%   9.0 1785s
 3252239 243539    0.80800   31   20    0.77200    0.88000  14.0%   9.0 1790s
 3262109 244362    0.88000   32   34    0.77200    0.88000  14.0%   9.0 1795s
 3272249 245642 infeasible   57         0.77200    0.88000  14.0%   9.0 1800s
 3283673 246728 infeasible   39         0.77200    0.88000  14.0%   9.0 1805s
 3294749 247585 infeasible   49         0.77200    0.88000  14.0%   9.0 1810s
 3305293 248373     cutoff   45         0.77200    0.88000  14.0%   9.0 1815s
 3314884 249293 infeasible   40         0.77200    0.88000  14.0%   9.0 1820s
 3325248 250233 infeasible   38         0.77200    0.88000  14.0%   9.0 1825s
 3334582 250866    0.80000   38    4    0.77200    0.88000  14.0%   9.0 1830s
 3343974 251712 infeasible   34         0.77200    0.88000  14.0%   9.0 1835s
 3352545 252539 infeasible   29         0.77200    0.88000  14.0%   9.0 1840s
 3361936 252962    0.88000   39   16    0.77200    0.88000  14.0%   9.0 1845s
 3370814 253303 infeasible   38         0.77200    0.88000  14.0%   9.0 1850s
 3380726 253735    0.88000   35   22    0.77200    0.88000  14.0%   9.0 1855s
 3390561 254384 infeasible   26         0.77200    0.88000  14.0%   9.0 1860s
 3401389 255211    0.88000   42   32    0.77200    0.88000  14.0%   9.0 1865s
 3411430 255742    0.88000   39   20    0.77200    0.88000  14.0%   9.0 1870s
 3419604 256140 infeasible   37         0.77200    0.88000  14.0%   9.0 1875s
 3425298 256350 infeasible   47         0.77200    0.88000  14.0%   9.0 1880s
 3433830 256640     cutoff   41         0.77200    0.88000  14.0%   9.0 1885s
 3443556 257255    0.88000   28   24    0.77200    0.88000  14.0%   9.0 1890s
 3452472 257496 infeasible   37         0.77200    0.88000  14.0%   9.0 1895s
 3462867 258300    0.88000   27   30    0.77200    0.88000  14.0%   9.0 1900s
 3472512 259114    0.88000   33   30    0.77200    0.88000  14.0%   9.0 1905s
 3483270 260103    0.88000   33   14    0.77200    0.88000  14.0%   9.0 1910s
 3490635 260872    0.88000   31   28    0.77200    0.88000  14.0%   9.0 1915s
 3500188 261631    0.80800   39   22    0.77200    0.88000  14.0%   9.0 1920s
 3510641 262399    0.88000   36   16    0.77200    0.88000  14.0%   9.0 1925s
 3520536 262658 infeasible   42         0.77200    0.88000  14.0%   9.0 1930s
 3529813 263542    0.88000   29   27    0.77200    0.88000  14.0%   9.0 1935s
 3535475 264058     cutoff   41         0.77200    0.88000  14.0%   9.0 1940s
 3544795 264932 infeasible   50         0.77200    0.88000  14.0%   9.0 1945s
 3553163 265411    0.80800   28   32    0.77200    0.88000  14.0%   9.0 1950s
 3563527 266196 infeasible   38         0.77200    0.88000  14.0%   9.0 1955s
 3573272 266873 infeasible   40         0.77200    0.88000  14.0%   9.0 1960s
 3584007 267574    0.88000   36   25    0.77200    0.88000  14.0%   9.0 1965s
 3593136 268172 infeasible   36         0.77200    0.88000  14.0%   9.0 1970s
 3603479 268811    0.86200   47   16    0.77200    0.88000  14.0%   9.0 1975s
 3612291 269316 infeasible   31         0.77200    0.88000  14.0%   9.0 1980s
 3621258 269935    0.88000   49   18    0.77200    0.88000  14.0%   9.0 1985s
 3630926 270604    0.79900   32   29    0.77200    0.88000  14.0%   9.0 1990s
 3640609 271014    0.88000   46   12    0.77200    0.88000  14.0%   9.0 1995s
 3651270 271604     cutoff   31         0.77200    0.88000  14.0%   9.0 2000s
 3659540 272044 infeasible   46         0.77200    0.88000  14.0%   9.0 2005s
 3665998 272191    0.88000   49   22    0.77200    0.88000  14.0%   9.0 2010s
 3673547 272507    0.88000   33   24    0.77200    0.88000  14.0%   9.1 2015s
 3683875 272977 infeasible   28         0.77200    0.88000  14.0%   9.1 2020s
 3693381 273472 infeasible   31         0.77200    0.88000  14.0%   9.1 2025s
 3701972 273701     cutoff   33         0.77200    0.88000  14.0%   9.1 2030s
 3709861 274527    0.88000   45   12    0.77200    0.88000  14.0%   9.1 2035s
 3717922 275077    0.88000   30   18    0.77200    0.88000  14.0%   9.1 2040s
 3723993 275557 infeasible   43         0.77200    0.88000  14.0%   9.1 2045s
 3731682 275886    0.82600   40    8    0.77200    0.88000  14.0%   9.1 2050s
 3741710 276290    0.88000   31   16    0.77200    0.88000  14.0%   9.1 2055s
 3750931 276746    0.88000   50   26    0.77200    0.88000  14.0%   9.1 2060s
 3760267 277155 infeasible   54         0.77200    0.88000  14.0%   9.1 2065s
 3768220 277169    0.88000   31   18    0.77200    0.88000  14.0%   9.1 2070s
 3776234 277623    0.88000   32   22    0.77200    0.88000  14.0%   9.1 2075s
 3782503 277679    0.80000   39    4    0.77200    0.88000  14.0%   9.1 2080s
 3793131 277947 infeasible   36         0.77200    0.88000  14.0%   9.1 2085s
 3802979 278626    0.88000   41   21    0.77200    0.88000  14.0%   9.1 2090s
 3812059 279020    0.88000   40   24    0.77200    0.88000  14.0%   9.1 2095s
 3820886 279545     cutoff   57         0.77200    0.88000  14.0%   9.1 2100s
 3829294 280329 infeasible   44         0.77200    0.88000  14.0%   9.1 2105s
 3836551 280730    0.88000   30   18    0.77200    0.88000  14.0%   9.1 2110s
 3842745 281062    0.80800   45   14    0.77200    0.88000  14.0%   9.1 2115s
 3852058 281602    0.80000   34   14    0.77200    0.88000  14.0%   9.1 2120s
 3861794 282188 infeasible   41         0.77200    0.88000  14.0%   9.1 2125s
 3870739 283296    0.88000   33   16    0.77200    0.88000  14.0%   9.1 2130s
 3879963 284174    0.87800   54   21    0.77200    0.88000  14.0%   9.1 2135s
 3888928 285034 infeasible   53         0.77200    0.88000  14.0%   9.1 2140s
 3898916 285843 infeasible   57         0.77200    0.88000  14.0%   9.1 2145s
 3906776 286355 infeasible   37         0.77200    0.88000  14.0%   9.1 2150s
 3915883 287017    0.82600   31    4    0.77200    0.88000  14.0%   9.1 2155s
 3924425 287457    0.79900   44   20    0.77200    0.88000  14.0%   9.1 2160s
 3933585 287849    0.88000   39   15    0.77200    0.88000  14.0%   9.1 2165s
 3940663 288098    0.79000   32   16    0.77200    0.88000  14.0%   9.1 2170s
 3948282 288579    0.80260   46   19    0.77200    0.88000  14.0%   9.1 2175s
 3955442 289062    0.88000   37   29    0.77200    0.88000  14.0%   9.1 2180s
 3966494 289642 infeasible   46         0.77200    0.88000  14.0%   9.1 2185s
 3972034 289811    0.80800   32   14    0.77200    0.88000  14.0%   9.1 2190s
 3982282 290706    0.88000   34   21    0.77200    0.88000  14.0%   9.1 2195s
 3991250 291290    0.88000   43   18    0.77200    0.88000  14.0%   9.1 2200s
 4000285 291815    0.88000   44   17    0.77200    0.88000  14.0%   9.1 2205s
 4005948 291991    0.88000   25   15    0.77200    0.88000  14.0%   9.1 2210s
 4014024 292445    0.80000   47   14    0.77200    0.88000  14.0%   9.1 2215s
 4023275 292720     cutoff   47         0.77200    0.88000  14.0%   9.1 2220s
 4033037 293485    0.80260   39   14    0.77200    0.88000  14.0%   9.1 2225s
 4042307 293970    0.80800   47   14    0.77200    0.88000  14.0%   9.1 2230s
 4051442 294175 infeasible   46         0.77200    0.88000  14.0%   9.1 2235s
 4060234 294709 infeasible   47         0.77200    0.88000  14.0%   9.1 2240s
 4069593 295060 infeasible   40         0.77200    0.88000  14.0%   9.1 2245s
 4077035 295618    0.79000   46   18    0.77200    0.88000  14.0%   9.1 2250s
 4084606 296324 infeasible   32         0.77200    0.88000  14.0%   9.1 2255s
 4092379 296692    0.88000   25   23    0.77200    0.88000  14.0%   9.1 2260s
 4100080 297084 infeasible   36         0.77200    0.88000  14.0%   9.1 2265s
 4108642 297525    0.80800   34   39    0.77200    0.88000  14.0%   9.1 2270s
 4118029 298254    0.88000   36   30    0.77200    0.88000  14.0%   9.1 2275s
 4126583 298865 infeasible   32         0.77200    0.88000  14.0%   9.1 2280s
 4135739 299397    0.88000   24   26    0.77200    0.88000  14.0%   9.1 2285s
 4144849 299848     cutoff   33         0.77200    0.88000  14.0%   9.1 2290s
 4154203 300402 infeasible   44         0.77200    0.88000  14.0%   9.1 2295s
 4163070 300606    0.88000   35   26    0.77200    0.88000  14.0%   9.1 2300s
 4166387 300622     cutoff   37         0.77200    0.88000  14.0%   9.1 2305s
 4175005 300995    0.80800   40   28    0.77200    0.88000  14.0%   9.1 2310s
 4183997 301317    0.88000   48   26    0.77200    0.88000  14.0%   9.1 2315s
 4194215 302110     cutoff   42         0.77200    0.88000  14.0%   9.1 2320s
 4202635 302719    0.82750   54   31    0.77200    0.88000  14.0%   9.1 2325s
 4211759 303214    0.79000   39   20    0.77200    0.88000  14.0%   9.1 2330s
 4219605 303598    0.88000   33   12    0.77200    0.88000  14.0%   9.1 2335s
 4229971 304106    0.88000   33   16    0.77200    0.88000  14.0%   9.1 2340s
 4238567 304421 infeasible   39         0.77200    0.88000  14.0%   9.1 2345s
 4247965 304685 infeasible   35         0.77200    0.88000  14.0%   9.1 2350s
 4256387 304949    0.88000   41   12    0.77200    0.88000  14.0%   9.1 2355s
 4265480 305635    0.80000   60   15    0.77200    0.88000  14.0%   9.1 2360s
 4274227 306092 infeasible   42         0.77200    0.88000  14.0%   9.1 2365s
 4282135 306471    0.88000   34   39    0.77200    0.88000  14.0%   9.1 2370s
 4288710 306767    0.88000   38   33    0.77200    0.88000  14.0%   9.1 2375s
 4298674 307315    0.88000   37   24    0.77200    0.88000  14.0%   9.1 2380s
 4308161 307601 infeasible   59         0.77200    0.88000  14.0%   9.1 2385s
 4315811 308213 infeasible   57         0.77200    0.88000  14.0%   9.1 2390s
 4321863 308415    0.88000   50   11    0.77200    0.88000  14.0%   9.1 2395s
 4330363 308554    0.80000   55    6    0.77200    0.88000  14.0%   9.1 2400s
 4337105 308928 infeasible   54         0.77200    0.88000  14.0%   9.1 2405s
 4346917 309087    0.88000   51   18    0.77200    0.88000  14.0%   9.1 2410s
 4356046 309351    0.88000   33   22    0.77200    0.88000  14.0%   9.1 2415s
 4364205 310006    0.88000   25   22    0.77200    0.88000  14.0%   9.1 2420s
 4373016 310854    0.88000   33   28    0.77200    0.88000  14.0%   9.1 2425s
 4382377 311185 infeasible   38         0.77200    0.88000  14.0%   9.1 2430s
 4387424 311342    0.79000   41   37    0.77200    0.88000  14.0%   9.1 2435s
 4394315 311669    0.88000   31   14    0.77200    0.88000  14.0%   9.1 2440s
 4401921 312042 infeasible   42         0.77200    0.88000  14.0%   9.1 2445s
 4411802 312484     cutoff   38         0.77200    0.88000  14.0%   9.1 2450s
 4422380 313354 infeasible   50         0.77200    0.88000  14.0%   9.1 2455s
 4432436 313883    0.88000   40   23    0.77200    0.88000  14.0%   9.1 2460s
 4441997 314284     cutoff   36         0.77200    0.88000  14.0%   9.1 2465s
 4450903 314567 infeasible   46         0.77200    0.88000  14.0%   9.1 2470s
 4458992 314989 infeasible   44         0.77200    0.88000  14.0%   9.1 2475s
 4467815 315711    0.88000   32   46    0.77200    0.88000  14.0%   9.1 2480s
 4478065 316879 infeasible   46         0.77200    0.88000  14.0%   9.1 2485s
 4488569 317663    0.88000   43   12    0.77200    0.88000  14.0%   9.1 2490s
 4496835 317497 infeasible   39         0.77200    0.87800  13.7%   9.1 2495s
 4505583 311762 infeasible   36         0.77200    0.87000  12.7%   9.1 2500s
 4520836 299803 infeasible   49         0.77200    0.86920  12.6%   9.1 2505s
 4524634 300031    0.86800   35   34    0.77200    0.86800  12.4%   9.1 2510s
 4526549 300207    0.86800   29   12    0.77200    0.86800  12.4%   9.1 2515s
 4530080 300610    0.80800   47   20    0.77200    0.86800  12.4%   9.1 2520s
 4533975 301106    0.80800   47   18    0.77200    0.86800  12.4%   9.1 2525s
 4538273 301847    0.80800   57   16    0.77200    0.86800  12.4%   9.1 2530s
 4542535 302467    0.86800   55   29    0.77200    0.86800  12.4%   9.2 2535s
 4549857 299094 infeasible   40         0.77200    0.86560  12.1%   9.2 2540s
 4562831 290371    0.79000   27   28    0.77200    0.86380  11.9%   9.2 2545s
 4572243 285877 infeasible   44         0.77200    0.86000  11.4%   9.1 2550s
 4584769 276510 infeasible   32         0.77200    0.85840  11.2%   9.1 2555s
 4597715 267207 infeasible   39         0.77200    0.85300  10.5%   9.1 2560s
 4606465 262939    0.80800   46   20    0.77200    0.85000  10.1%   9.1 2565s
 4609407 263039    0.85000   30   18    0.77200    0.85000  10.1%   9.1 2571s
 4612078 263107     cutoff   35         0.77200    0.85000  10.1%   9.1 2575s
 4615980 263229    0.85000   34   14    0.77200    0.85000  10.1%   9.1 2581s
 4618825 263269 infeasible   36         0.77200    0.85000  10.1%   9.2 2585s
 4622539 263406    0.77800   33   14    0.77200    0.85000  10.1%   9.2 2591s
 4625031 263441    0.85000   36   10    0.77200    0.85000  10.1%   9.2 2595s
 4628705 263553    0.85000   37   21    0.77200    0.85000  10.1%   9.2 2601s
 4632362 263556 infeasible   40         0.77200    0.85000  10.1%   9.2 2605s
 4636025 263612    0.85000   25   36    0.77200    0.85000  10.1%   9.2 2610s
 4639011 263566 infeasible   49         0.77200    0.85000  10.1%   9.2 2615s
 4642313 263508 infeasible   36         0.77200    0.85000  10.1%   9.2 2620s
 4645246 263575 infeasible   36         0.77200    0.85000  10.1%   9.2 2625s
 4648259 263538    0.85000   29   18    0.77200    0.85000  10.1%   9.2 2630s
 4653302 259389 infeasible   36         0.77200    0.84800  9.84%   9.2 2635s
 4665531 252202 infeasible   52         0.77200    0.82600  6.99%   9.2 2641s
 4673708 248375 infeasible   43         0.77200    0.82600  6.99%   9.2 2645s
 4680563 245672    0.82600   36   15    0.77200    0.82600  6.99%   9.2 2650s
 4687220 243213    0.82600   34   10    0.77200    0.82600  6.99%   9.2 2656s
 4692799 241111 infeasible   42         0.77200    0.82600  6.99%   9.2 2660s
 4698546 239265     cutoff   43         0.77200    0.82600  6.99%   9.2 2665s
 4704755 238357 infeasible   42         0.77200    0.82000  6.22%   9.3 2670s
 4710100 238036    0.81400   41   14    0.77200    0.81400  5.44%   9.3 2675s
 4715216 237906    0.81400   47    2    0.77200    0.81400  5.44%   9.3 2680s
 4725435 234648    0.80800   37   18    0.77200    0.80800  4.66%   9.3 2685s
 4735466 229858     cutoff   53         0.77200    0.80800  4.66%   9.3 2690s
 4744792 225471 infeasible   46         0.77200    0.80800  4.66%   9.3 2695s
 4755926 220695    0.80800   36    8    0.77200    0.80800  4.66%   9.3 2700s
 4765534 217317 infeasible   35         0.77200    0.80800  4.66%   9.3 2705s
 4777319 214236 infeasible   43         0.77200    0.80800  4.66%   9.3 2710s
 4788087 211305    0.80800   47    8    0.77200    0.80800  4.66%   9.3 2715s
 4799946 208286    0.80800   41   10    0.77200    0.80800  4.66%   9.3 2720s
 4812315 206591 infeasible   50         0.77200    0.80800  4.66%   9.3 2725s
 4822109 204880    0.80800   38   15    0.77200    0.80800  4.66%   9.3 2730s
 4832883 203255    0.80800   42    7    0.77200    0.80800  4.66%   9.3 2735s
 4840789 200763    0.80800   67   11    0.77200    0.80800  4.66%   9.3 2740s
 4851776 198745    0.80800   42   12    0.77200    0.80800  4.66%   9.3 2745s
 4860798 196877 infeasible   41         0.77200    0.80800  4.66%   9.3 2750s
 4871618 194706    0.80800   49   11    0.77200    0.80800  4.66%   9.3 2755s
 4882093 193680 infeasible   40         0.77200    0.80800  4.66%   9.3 2760s
 4893882 192682 infeasible   40         0.77200    0.80800  4.66%   9.3 2765s
 4902931 192663 infeasible   42         0.77200    0.80800  4.66%   9.3 2770s
 4914060 191887    0.80800   40    8    0.77200    0.80800  4.66%   9.3 2775s
 4925779 191304    0.80800   41    8    0.77200    0.80800  4.66%   9.3 2780s
 4934179 190844    0.80800   39    8    0.77200    0.80800  4.66%   9.3 2785s
 4945922 190087 infeasible   42         0.77200    0.80800  4.66%   9.3 2791s
 4954733 189907 infeasible   45         0.77200    0.80800  4.66%   9.3 2795s
 4965852 189486 infeasible   40         0.77200    0.80800  4.66%   9.3 2801s
 4974974 189349    0.80800   42   18    0.77200    0.80800  4.66%   9.3 2805s
 4985794 188975 infeasible   57         0.77200    0.80800  4.66%   9.3 2810s
 4993923 188540 infeasible   40         0.77200    0.80800  4.66%   9.3 2815s
 5005660 188031 infeasible   37         0.77200    0.80800  4.66%   9.3 2820s
 5017053 187314 infeasible   47         0.77200    0.80800  4.66%   9.3 2825s
 5024907 187008    0.80800   41    7    0.77200    0.80800  4.66%   9.3 2830s
 5037702 186449 infeasible   43         0.77200    0.80800  4.66%   9.3 2835s
 5047405 185802 infeasible   43         0.77200    0.80800  4.66%   9.3 2840s
 5060238 185486 infeasible   31         0.77200    0.80800  4.66%   9.3 2845s
 5070607 184936 infeasible   46         0.77200    0.80800  4.66%   9.3 2850s
 5079879 184616     cutoff   63         0.77200    0.80800  4.66%   9.3 2855s
 5089623 183956     cutoff   38         0.77200    0.80800  4.66%   9.3 2860s
 5099208 183349 infeasible   45         0.77200    0.80800  4.66%   9.3 2865s
 5110289 182968 infeasible   43         0.77200    0.80800  4.66%   9.3 2870s
 5117699 182545 infeasible   45         0.77200    0.80800  4.66%   9.3 2875s
 5127475 181833    0.80800   50   16    0.77200    0.80800  4.66%   9.3 2880s
 5139111 181331 infeasible   38         0.77200    0.80800  4.66%   9.3 2885s
 5148533 181103    0.80800   51    8    0.77200    0.80800  4.66%   9.3 2890s
 5159633 180591 infeasible   54         0.77200    0.80800  4.66%   9.3 2895s
 5168027 180186 infeasible   41         0.77200    0.80800  4.66%   9.3 2900s
 5177755 179582    0.80800   40   21    0.77200    0.80800  4.66%   9.3 2905s
 5188365 179150    0.80800   37   19    0.77200    0.80800  4.66%   9.3 2910s
 5200055 178822 infeasible   43         0.77200    0.80800  4.66%   9.3 2915s
 5208392 178912    0.80800   49    9    0.77200    0.80800  4.66%   9.3 2920s
 5214827 178669 infeasible   38         0.77200    0.80800  4.66%   9.3 2925s
 5222446 178169 infeasible   40         0.77200    0.80800  4.66%   9.3 2930s
 5233600 177962 infeasible   37         0.77200    0.80800  4.66%   9.3 2935s
 5243624 177852    0.80800   42   28    0.77200    0.80800  4.66%   9.3 2940s
 5255025 177474 infeasible   50         0.77200    0.80800  4.66%   9.3 2945s
 5261957 177285     cutoff   40         0.77200    0.80800  4.66%   9.3 2950s
 5272337 176914    0.80800   36   14    0.77200    0.80800  4.66%   9.3 2955s
 5281345 176559    0.80800   42   14    0.77200    0.80800  4.66%   9.3 2960s
 5290068 176245 infeasible   39         0.77200    0.80800  4.66%   9.3 2965s
 5297668 175759     cutoff   43         0.77200    0.80800  4.66%   9.3 2970s
 5306510 175055    0.80800   42    5    0.77200    0.80800  4.66%   9.3 2975s
 5316189 174707    0.80800   46   22    0.77200    0.80800  4.66%   9.3 2981s
 5325210 174219 infeasible   39         0.77200    0.80800  4.66%   9.3 2985s
 5333632 173800 infeasible   43         0.77200    0.80800  4.66%   9.3 2990s
 5343798 173531 infeasible   48         0.77200    0.80800  4.66%   9.3 2995s
 5349952 173153 infeasible   47         0.77200    0.80800  4.66%   9.3 3000s
 5359363 172652 infeasible   34         0.77200    0.80800  4.66%   9.3 3005s
 5365403 172129    0.80800   37    8    0.77200    0.80800  4.66%   9.3 3010s
 5372504 171823 infeasible   41         0.77200    0.80800  4.66%   9.3 3015s
 5381428 171275    0.80800   54   16    0.77200    0.80800  4.66%   9.3 3020s
 5385430 171034    0.80800   41   10    0.77200    0.80800  4.66%   9.3 3026s
 5392558 170843     cutoff   44         0.77200    0.80800  4.66%   9.3 3030s
 5401804 170629    0.80800   39   12    0.77200    0.80800  4.66%   9.3 3036s
 5411148 170311 infeasible   42         0.77200    0.80800  4.66%   9.3 3040s
 5419304 169878 infeasible   39         0.77200    0.80800  4.66%   9.3 3045s
 5426679 169688     cutoff   47         0.77200    0.80800  4.66%   9.3 3050s
 5435858 169210 infeasible   51         0.77200    0.80800  4.66%   9.3 3055s
 5445616 168878    0.80800   60    6    0.77200    0.80800  4.66%   9.3 3060s
 5455173 168502    0.80800   45    2    0.77200    0.80800  4.66%   9.3 3065s
 5462425 168147    0.80800   32   11    0.77200    0.80800  4.66%   9.3 3070s
 5471272 167776    0.79000   43    4    0.77200    0.80800  4.66%   9.3 3075s
 5479359 167244    0.80800   38   26    0.77200    0.80800  4.66%   9.3 3081s
 5482660 167082    0.80800   42   16    0.77200    0.80800  4.66%   9.3 3086s
 5488047 166878    0.80800   50    6    0.77200    0.80800  4.66%   9.3 3090s
 5497028 166595 infeasible   43         0.77200    0.80800  4.66%   9.3 3095s
 5505194 166026 infeasible   40         0.77200    0.80800  4.66%   9.3 3100s
 5514438 165654    0.80800   33   22    0.77200    0.80800  4.66%   9.3 3105s
 5516711 165596    0.80800   40   12    0.77200    0.80800  4.66%   9.3 3111s
 5520371 165523    0.80800   47   16    0.77200    0.80800  4.66%   9.3 3116s
 5523817 165238 infeasible   38         0.77200    0.80800  4.66%   9.3 3123s
 5525831 165164    0.80800   55   16    0.77200    0.80800  4.66%   9.3 3125s
 5535151 164700 infeasible   61         0.77200    0.80800  4.66%   9.3 3131s
 5537308 164510    0.80800   33   14    0.77200    0.80800  4.66%   9.3 3135s
 5545915 164101    0.80800   31   32    0.77200    0.80800  4.66%   9.3 3143s
 5547827 164174 infeasible   39         0.77200    0.80800  4.66%   9.3 3147s
 5551827 164071 infeasible   41         0.77200    0.80800  4.66%   9.3 3150s
 5556400 163940 infeasible   40         0.77200    0.80800  4.66%   9.3 3156s
 5557544 163696    0.80800   51    2    0.77200    0.80800  4.66%   9.3 3161s
 5564652 163309    0.80800   34    6    0.77200    0.80800  4.66%   9.3 3165s
 5574451 162856    0.80800   32   16    0.77200    0.80800  4.66%   9.3 3171s
 5582158 162561    0.80800   40    8    0.77200    0.80800  4.66%   9.3 3176s
 5591307 162217 infeasible   44         0.77200    0.80800  4.66%   9.3 3181s
 5595915 161962 infeasible   47         0.77200    0.80800  4.66%   9.3 3185s
 5600358 161773     cutoff   48         0.77200    0.80800  4.66%   9.3 3190s
 5603412 161596    0.80800   41   27    0.77200    0.80800  4.66%   9.3 3195s
 5608277 161302    0.80800   36    8    0.77200    0.80800  4.66%   9.3 3201s
 5612917 161022 infeasible   48         0.77200    0.80800  4.66%   9.3 3205s
 5618779 160815    0.80800   44    4    0.77200    0.80800  4.66%   9.3 3210s
 5625084 160432 infeasible   34         0.77200    0.80800  4.66%   9.2 3215s
 5631684 160147     cutoff   42         0.77200    0.80800  4.66%   9.3 3220s
 5643386 159188    0.80800   53    8    0.77200    0.80800  4.66%   9.2 3226s
 5649992 159092    0.80800   36   27    0.77200    0.80800  4.66%   9.2 3230s
 5660559 158463 infeasible   45         0.77200    0.80800  4.66%   9.2 3235s
 5667822 157941    0.80800   53   14    0.77200    0.80800  4.66%   9.2 3241s
 5674751 157671 infeasible   35         0.77200    0.80800  4.66%   9.2 3246s
 5680847 157381    0.80800   40   12    0.77200    0.80800  4.66%   9.2 3251s
 5685409 157132 infeasible   37         0.77200    0.80800  4.66%   9.2 3255s
 5691178 156851 infeasible   46         0.77200    0.80800  4.66%   9.2 3260s
 5697185 156377 infeasible   46         0.77200    0.80800  4.66%   9.2 3265s
 5701937 156041    0.80800   43    6    0.77200    0.80800  4.66%   9.2 3270s
 5705546 155766    0.80800   53    4    0.77200    0.80800  4.66%   9.2 3276s
 5709139 155695 infeasible   48         0.77200    0.80800  4.66%   9.2 3281s
 5711700 155585     cutoff   44         0.77200    0.80800  4.66%   9.2 3285s
 5715032 155512    0.80800   34   16    0.77200    0.80800  4.66%   9.2 3290s
 5721207 155073    0.80800   41   16    0.77200    0.80800  4.66%   9.2 3296s
 5726586 154673 infeasible   44         0.77200    0.80800  4.66%   9.2 3301s
 5728799 154467    0.80800   41   10    0.77200    0.80800  4.66%   9.2 3305s
 5734192 154349    0.80800   32    9    0.77200    0.80800  4.66%   9.2 3310s
 5742437 153954 infeasible   41         0.77200    0.80800  4.66%   9.2 3315s
 5747321 153638    0.80800   50    8    0.77200    0.80800  4.66%   9.2 3321s
 5751912 153371    0.80800   40   12    0.77200    0.80800  4.66%   9.2 3325s
 5758685 153175 infeasible   41         0.77200    0.80800  4.66%   9.2 3330s
 5767242 152940 infeasible   48         0.77200    0.80800  4.66%   9.2 3336s
 5772262 152653    0.80800   48   10    0.77200    0.80800  4.66%   9.2 3340s
 5777470 152423    0.80800   44   16    0.77200    0.80800  4.66%   9.2 3345s
 5783732 152022     cutoff   44         0.77200    0.80800  4.66%   9.2 3350s
 5790265 151758 infeasible   31         0.77200    0.80800  4.66%   9.2 3356s
 5795979 151461    0.80800   56    5    0.77200    0.80800  4.66%   9.2 3360s
 5803143 151163     cutoff   47         0.77200    0.80800  4.66%   9.2 3365s
 5807659 151028 infeasible   40         0.77200    0.80800  4.66%   9.2 3370s
 5814926 150763 infeasible   49         0.77200    0.80800  4.66%   9.2 3376s
 5818352 150616    0.80800   42   16    0.77200    0.80800  4.66%   9.2 3380s
 5823481 150430    0.80800   29   17    0.77200    0.80800  4.66%   9.2 3385s
 5831494 150396    0.80800   34   34    0.77200    0.80800  4.66%   9.2 3391s
 5839575 150169     cutoff   47         0.77200    0.80800  4.66%   9.2 3395s
 5845214 150005    0.80800   46    8    0.77200    0.80800  4.66%   9.2 3400s
 5852392 149877 infeasible   41         0.77200    0.80800  4.66%   9.2 3406s
 5857555 149714    0.80800   38   10    0.77200    0.80800  4.66%   9.2 3410s
 5865819 149520    0.80800   38   16    0.77200    0.80800  4.66%   9.2 3415s
 5873287 149422    0.80800   52    2    0.77200    0.80800  4.66%   9.2 3421s
 5878399 149397 infeasible   36         0.77200    0.80800  4.66%   9.2 3425s
 5886362 149134 infeasible   42         0.77200    0.80800  4.66%   9.2 3430s
 5896671 149140 infeasible   42         0.77200    0.80800  4.66%   9.2 3435s
 5903527 148844    0.80800   40   10    0.77200    0.80800  4.66%   9.2 3440s
 5912028 148272    0.80800   41    9    0.77200    0.80800  4.66%   9.2 3447s
 5916230 148008     cutoff   50         0.77200    0.80800  4.66%   9.2 3451s
 5925132 147452    0.80800   33   10    0.77200    0.80800  4.66%   9.2 3455s
 5931856 147060    0.80800   50   23    0.77200    0.80800  4.66%   9.2 3460s
 5936466 146920    0.80800   51   18    0.77200    0.80800  4.66%   9.2 3466s
 5941689 146838 infeasible   42         0.77200    0.80800  4.66%   9.2 3470s
 5950285 146370 infeasible   40         0.77200    0.80800  4.66%   9.2 3475s
 5957591 146142    0.80800   36   11    0.77200    0.80800  4.66%   9.2 3480s
 5959833 145705 infeasible   36         0.77200    0.80800  4.66%   9.2 3486s
 5967420 145620    0.80800   40   10    0.77200    0.80800  4.66%   9.2 3490s
 5973134 145332    0.80800   44   13    0.77200    0.80800  4.66%   9.2 3495s
 5976627 144983    0.80800   38   12    0.77200    0.80800  4.66%   9.2 3500s
 5980614 144396    0.80800   45    6    0.77200    0.80800  4.66%   9.2 3505s
 5986532 143637    0.80800   48    8    0.77200    0.80800  4.66%   9.2 3511s
 5989520 143335    0.80800   38   20    0.77200    0.80800  4.66%   9.2 3515s
 5994514 142829 infeasible   37         0.77200    0.80800  4.66%   9.2 3521s
 5997618 142434    0.80800   33   14    0.77200    0.80800  4.66%   9.2 3525s
 6003038 141854    0.80800   36   22    0.77200    0.80800  4.66%   9.2 3531s
 6006053 141525 infeasible   36         0.77200    0.80800  4.66%   9.2 3536s
 6009302 141241 infeasible   39         0.77200    0.80800  4.66%   9.2 3541s
 6012768 140817 infeasible   37         0.77200    0.80800  4.66%   9.2 3545s
 6018298 140247 infeasible   42         0.77200    0.80800  4.66%   9.2 3551s
 6021857 139899 infeasible   45         0.77200    0.80800  4.66%   9.3 3555s
 6025528 139518 infeasible   46         0.77200    0.80800  4.66%   9.3 3561s
 6029064 139095 infeasible   48         0.77200    0.80800  4.66%   9.3 3565s
 6034264 138721    0.80800   35   20    0.77200    0.80800  4.66%   9.3 3571s
 6037775 138380 infeasible   40         0.77200    0.80800  4.66%   9.3 3575s
 6043144 137821    0.80800   37   12    0.77200    0.80800  4.66%   9.3 3582s
 6044273 137608    0.80800   47   17    0.77200    0.80800  4.66%   9.3 3585s
 6049643 136936    0.80800   41   12    0.77200    0.80800  4.66%   9.3 3591s
 6053131 136523 infeasible   38         0.77200    0.80800  4.66%   9.3 3596s
 6056782 136224 infeasible   50         0.77200    0.80800  4.66%   9.3 3600s

Cutting planes:
  Gomory: 2
  Cover: 42
  Implied bound: 13
  Clique: 25
  MIR: 2
  Flow cover: 41
  Inf proof: 4
  Zero half: 1
  RLT: 16
  Relax-and-lift: 11
  PSD: 7

Explored 6057463 nodes (56257838 simplex iterations) in 3600.05 seconds (1265.75 work units)
Thread count was 4 (of 4 available processors)

Solution count 5: 0.772 0.754 0.682 ... 0.09

Time limit reached
Best objective 7.720000000000e-01, best bound 8.080000000000e-01, gap 4.6632%
