4
5 5 10
5 5 10
5 5 10
5 5 10
0 0 0 4 1 3 0 0 0
0 0 3 4 1 3 0 0 0
0 4 6 4 1 3 0 0 0
0 0 6 4 4 2 1 0 0
0 0 8 4 4 2 1 0 0
0 1 4 4 4 2 1 0 0
0 1 0 2 2 4 2 5 0
0 3 0 2 2 4 2 5 0
2 1 0 2 2 4 2 5 0
2 3 0 2 2 4 2 5 0
6 0 0 4 1 3 0 0 1
6 0 3 4 1 3 0 0 1
6 4 6 4 1 3 0 0 1
6 0 6 4 4 2 1 0 1
6 0 8 4 4 2 1 0 1
6 1 4 4 4 2 1 0 1
8 1 0 2 2 4 2 5 1
8 3 0 2 2 4 2 5 1
6 1 0 2 2 4 2 5 1
6 3 0 2 2 4 2 5 1
0 5 4 4 1 3 0 0 2
0 5 7 4 1 3 0 0 2
0 6 4 4 1 3 0 0 2
0 6 7 4 1 3 0 0 2
0 7 4 4 1 3 0 0 2
0 7 7 4 1 3 0 0 2
0 8 4 4 1 3 0 0 2
0 8 7 4 1 3 0 0 2
0 9 0 4 1 3 0 0 2
0 9 3 4 1 3 0 0 2
0 9 6 4 1 3 0 0 2
0 5 0 2 2 4 2 5 2
0 7 0 2 2 4 2 5 2
2 5 0 2 2 4 2 5 2
2 7 0 2 2 4 2 5 2
6 9 0 4 1 3 0 0 3
6 9 3 4 1 3 0 0 3
6 9 6 4 1 3 0 0 3
6 5 0 4 4 2 1 0 3
6 5 2 4 4 2 1 0 3
6 5 4 4 4 2 1 0 3
6 5 6 4 4 2 1 0 3
6 5 8 4 4 2 1 0 3
