8
8 12 8
8 12 8
8 8 8
8 8 8
8 12 8
8 12 8
8 8 8
8 8 8
0 9 5 6 3 2 1 1 0
0 0 0 8 3 2 3 1 0
0 3 0 8 3 2 3 1 0
0 6 0 8 3 2 3 1 0
0 9 0 8 3 2 3 1 0
0 0 5 4 3 2 4 1 0
0 3 5 4 3 2 4 1 0
0 6 5 4 3 2 4 1 0
4 0 5 4 3 2 4 1 0
4 3 5 4 3 2 4 1 0
4 6 5 4 3 2 4 1 0
0 0 2 4 4 3 5 1 0
0 4 2 4 4 3 5 1 0
0 8 2 4 4 3 5 1 0
4 0 2 4 4 3 5 1 0
4 4 2 4 4 3 5 1 0
4 8 2 4 4 3 5 1 0
8 9 5 6 3 2 1 1 1
8 0 0 8 3 2 3 1 1
8 3 0 8 3 2 3 1 1
8 6 0 8 3 2 3 1 1
8 9 0 8 3 2 3 1 1
8 0 5 4 3 2 4 1 1
8 3 5 4 3 2 4 1 1
8 6 5 4 3 2 4 1 1
12 0 5 4 3 2 4 1 1
12 3 5 4 3 2 4 1 1
12 6 5 4 3 2 4 1 1
8 0 2 4 4 3 5 1 1
8 4 2 4 4 3 5 1 1
8 8 2 4 4 3 5 1 1
12 0 2 4 4 3 5 1 1
12 4 2 4 4 3 5 1 1
12 8 2 4 4 3 5 1 1
0 12 0 6 4 3 2 1 2
0 12 3 6 4 3 2 1 2
0 16 0 6 4 3 2 1 2
0 16 3 6 4 3 2 1 2
8 12 0 6 4 3 2 1 3
8 12 3 6 4 3 2 1 3
8 16 0 6 4 3 2 1 3
8 16 3 6 4 3 2 1 3
0 24 4 6 4 3 2 1 4
0 28 4 6 4 3 2 1 4
0 20 0 8 3 2 3 1 4
0 20 2 8 3 2 3 1 4
0 23 0 8 3 2 3 1 4
0 23 2 8 3 2 3 1 4
0 26 0 8 3 2 3 1 4
0 26 2 8 3 2 3 1 4
0 29 0 8 3 2 3 1 4
0 29 2 8 3 2 3 1 4
0 20 4 4 4 3 5 1 4
4 20 4 4 4 3 5 1 4
8 20 0 8 3 2 3 1 5
8 23 0 8 3 2 3 1 5
8 26 0 8 3 2 3 1 5
8 29 0 8 3 2 3 1 5
8 20 5 4 3 2 4 1 5
8 23 5 4 3 2 4 1 5
8 26 5 4 3 2 4 1 5
8 29 5 4 3 2 4 1 5
12 20 5 4 3 2 4 1 5
12 23 5 4 3 2 4 1 5
12 26 5 4 3 2 4 1 5
12 29 5 4 3 2 4 1 5
8 20 2 4 4 3 5 1 5
8 24 2 4 4 3 5 1 5
8 28 2 4 4 3 5 1 5
12 20 2 4 4 3 5 1 5
12 24 2 4 4 3 5 1 5
12 28 2 4 4 3 5 1 5
0 32 0 6 4 3 2 1 6
0 32 3 6 4 3 2 1 6
0 36 0 6 4 3 2 1 6
0 36 3 6 4 3 2 1 6
8 32 0 6 4 3 2 1 7
8 32 3 6 4 3 2 1 7
8 36 0 6 4 3 2 1 7
8 36 3 6 4 3 2 1 7
