4
8 12 8
8 12 8
8 8 8
8 8 8
0 0 0 3 2 2 1 1 0
0 0 2 3 2 2 1 1 0
0 0 4 3 2 2 1 1 0
0 0 6 3 2 2 1 1 0
0 2 0 3 2 2 1 1 0
0 2 2 3 2 2 1 1 0
0 2 4 3 2 2 1 1 0
0 2 6 3 2 2 1 1 0
0 4 0 3 2 2 1 1 0
0 4 2 3 2 2 1 1 0
0 4 4 3 2 2 1 1 0
0 4 6 3 2 2 1 1 0
0 6 0 3 2 2 1 1 0
0 6 2 3 2 2 1 1 0
0 6 4 3 2 2 1 1 0
0 6 6 3 2 2 1 1 0
0 8 0 3 2 2 1 1 0
0 8 2 3 2 2 1 1 0
0 8 4 3 2 2 1 1 0
0 8 6 3 2 2 1 1 0
0 10 0 3 2 2 1 1 0
0 10 2 3 2 2 1 1 0
0 10 4 3 2 2 1 1 0
0 10 6 3 2 2 1 1 0
3 0 0 3 2 2 1 1 0
3 0 2 3 2 2 1 1 0
3 0 4 3 2 2 1 1 0
3 0 6 3 2 2 1 1 0
3 2 0 3 2 2 1 1 0
3 2 2 3 2 2 1 1 0
3 2 4 3 2 2 1 1 0
3 2 6 3 2 2 1 1 0
3 4 0 3 2 2 1 1 0
3 4 2 3 2 2 1 1 0
3 4 4 3 2 2 1 1 0
3 4 6 3 2 2 1 1 0
3 6 0 3 2 2 1 1 0
3 6 2 3 2 2 1 1 0
3 6 4 4 1 4 2 1 0
3 7 4 4 1 4 2 1 0
3 8 0 4 1 4 2 1 0
3 8 4 4 1 4 2 1 0
3 9 0 4 1 4 2 1 0
3 9 4 4 1 4 2 1 0
3 10 0 4 1 4 2 1 0
3 10 4 4 1 4 2 1 0
3 11 0 4 1 4 2 1 0
3 11 4 4 1 4 2 1 0
8 0 0 4 1 4 2 1 1
8 0 4 4 1 4 2 1 1
8 1 0 4 1 4 2 1 1
8 1 4 4 1 4 2 1 1
8 2 0 4 1 4 2 1 1
8 2 4 4 1 4 2 1 1
8 3 0 4 1 4 2 1 1
8 3 4 4 1 4 2 1 1
8 4 0 4 1 4 2 1 1
8 4 4 4 1 4 2 1 1
8 5 0 4 1 4 2 1 1
8 5 4 4 1 4 2 1 1
8 6 0 4 1 4 2 1 1
8 6 4 4 1 4 2 1 1
8 7 0 4 1 4 2 1 1
8 7 4 4 1 4 2 1 1
8 8 0 4 1 4 2 1 1
8 8 4 4 1 4 2 1 1
8 9 0 4 1 4 2 1 1
8 9 4 4 1 4 2 1 1
8 10 0 4 1 4 2 1 1
8 10 4 4 1 4 2 1 1
12 0 0 4 3 1 3 1 1
12 0 1 4 3 1 3 1 1
12 0 2 4 3 1 3 1 1
12 0 3 4 3 1 3 1 1
12 0 4 4 3 1 3 1 1
12 0 5 4 3 1 3 1 1
12 0 6 4 3 1 3 1 1
12 0 7 4 3 1 3 1 1
12 3 0 4 3 1 3 1 1
12 3 1 4 3 1 3 1 1
12 3 2 4 3 1 3 1 1
12 3 3 4 3 1 3 1 1
12 3 4 4 3 1 3 1 1
12 3 5 4 3 1 3 1 1
12 3 6 4 3 1 3 1 1
12 3 7 4 3 1 3 1 1
12 6 0 4 3 1 3 1 1
12 6 1 4 3 1 3 1 1
12 6 2 4 3 1 3 1 1
12 6 3 4 3 1 3 1 1
12 6 4 4 3 1 3 1 1
12 6 5 4 3 1 3 1 1
12 6 6 4 3 1 3 1 1
12 6 7 4 3 1 3 1 1
12 9 0 4 3 1 3 1 1
12 9 1 4 3 1 3 1 1
12 9 2 4 3 1 3 1 1
12 9 3 4 3 1 3 1 1
12 9 4 4 3 1 3 1 1
12 9 5 4 3 1 3 1 1
12 9 6 4 3 1 3 1 1
12 9 7 4 3 1 3 1 1
0 12 0 4 3 1 3 1 2
0 12 1 4 3 1 3 1 2
0 12 2 4 3 1 3 1 2
0 12 3 4 3 1 3 1 2
0 12 4 4 3 1 3 1 2
0 12 5 4 3 1 3 1 2
0 12 6 4 3 1 3 1 2
0 12 7 4 3 1 3 1 2
0 15 0 4 3 1 3 1 2
0 15 1 4 3 1 3 1 2
0 15 2 4 3 1 3 1 2
0 15 3 4 3 1 3 1 2
0 15 4 4 3 1 3 1 2
4 12 0 4 4 4 4 1 2
0 15 5 4 4 2 5 1 2
4 12 4 4 4 2 5 1 2
4 12 6 4 4 2 5 1 2
4 16 0 4 4 2 5 1 2
4 16 2 4 4 2 5 1 2
4 16 4 4 4 2 5 1 2
4 16 6 4 4 2 5 1 2
8 12 0 4 4 2 5 1 3
8 12 2 4 4 2 5 1 3
