4
8 12 8
8 12 8
8 8 8
8 8 8
0 0 0 4 1 3 1 1 0
0 0 3 4 1 3 1 1 0
0 1 0 4 1 3 1 1 0
0 1 3 4 1 3 1 1 0
0 2 0 4 1 3 1 1 0
0 2 3 4 1 3 1 1 0
0 3 0 4 1 3 1 1 0
0 3 3 4 1 3 1 1 0
0 4 0 4 1 3 1 1 0
0 4 3 4 1 3 1 1 0
0 5 0 4 1 3 1 1 0
0 5 3 4 1 3 1 1 0
0 6 0 4 1 3 1 1 0
0 6 3 4 1 3 1 1 0
0 7 0 4 1 3 1 1 0
0 7 3 4 1 3 1 1 0
0 8 0 4 1 3 1 1 0
0 8 3 4 1 3 1 1 0
0 9 0 4 1 3 1 1 0
0 9 3 4 1 3 1 1 0
0 10 0 4 1 3 1 1 0
0 10 3 4 1 3 1 1 0
0 11 0 4 1 3 1 1 0
0 11 3 4 1 3 1 1 0
4 0 0 4 1 3 1 1 0
4 0 3 4 1 3 1 1 0
4 1 0 4 1 3 1 1 0
4 1 3 4 1 3 1 1 0
4 2 0 4 1 3 1 1 0
4 2 3 4 1 3 1 1 0
4 3 0 4 1 3 1 1 0
4 3 3 4 1 3 1 1 0
4 4 0 4 1 3 1 1 0
4 4 3 4 1 3 1 1 0
4 5 0 4 1 3 1 1 0
4 5 3 4 1 3 1 1 0
4 6 0 4 1 3 1 1 0
0 0 6 4 4 2 2 1 0
0 4 6 4 4 2 2 1 0
0 8 6 4 4 2 2 1 0
4 0 6 4 4 2 2 1 0
4 4 6 4 4 2 2 1 0
4 6 3 4 4 2 2 1 0
4 7 0 4 4 2 2 1 0
4 8 5 4 4 2 2 1 0
4 10 2 4 2 3 3 1 0
8 0 0 4 4 2 2 1 1
8 0 2 4 4 2 2 1 1
8 0 4 4 4 2 2 1 1
8 0 6 4 4 2 2 1 1
8 4 0 4 4 2 2 1 1
8 4 2 4 4 2 2 1 1
8 4 4 4 4 2 2 1 1
8 4 6 4 4 2 2 1 1
8 8 0 4 4 2 2 1 1
8 8 2 4 4 2 2 1 1
8 8 4 4 4 2 2 1 1
8 8 6 4 4 2 2 1 1
12 0 0 4 4 2 2 1 1
12 0 2 4 4 2 2 1 1
12 0 4 4 4 2 2 1 1
12 0 6 4 4 2 2 1 1
12 4 0 4 4 2 2 1 1
12 4 2 4 4 2 2 1 1
12 4 4 4 4 2 2 1 1
12 4 6 4 4 2 2 1 1
12 8 0 4 4 2 2 1 1
12 8 2 4 4 2 2 1 1
12 8 4 4 4 2 2 1 1
12 8 6 4 4 2 2 1 1
0 12 0 4 4 2 2 1 2
0 12 2 4 4 2 2 1 2
0 12 4 4 4 2 2 1 2
0 12 6 4 4 2 2 1 2
0 16 0 4 2 3 3 1 2
0 16 3 4 2 3 3 1 2
0 18 0 4 2 3 3 1 2
0 18 3 4 2 3 3 1 2
4 12 0 4 2 3 3 1 2
4 12 3 2 2 4 4 1 2
4 14 0 2 2 4 4 1 2
4 14 4 2 2 4 4 1 2
4 16 0 2 2 4 4 1 2
4 16 4 2 2 4 4 1 2
4 18 0 2 2 4 4 1 2
4 18 4 2 2 4 4 1 2
6 12 3 2 2 4 4 1 2
6 14 0 2 2 4 4 1 2
6 14 4 2 2 4 4 1 2
6 16 0 2 2 4 4 1 2
6 16 4 2 2 4 4 1 2
6 18 0 2 2 4 4 1 2
6 18 4 2 2 4 4 1 2
8 12 0 2 2 4 4 1 3
8 12 4 2 2 4 4 1 3
8 14 0 2 2 4 4 1 3
8 14 4 2 2 4 4 1 3
8 16 0 2 2 4 4 1 3
8 16 4 2 2 4 4 1 3
8 18 0 2 2 4 4 1 3
8 18 4 2 2 4 4 1 3
10 12 0 2 2 4 4 1 3
10 12 4 2 2 4 4 1 3
10 14 0 2 2 4 4 1 3
10 14 4 2 2 4 4 1 3
10 16 0 2 2 4 4 1 3
10 16 4 2 2 4 4 1 3
10 18 0 2 2 4 4 1 3
10 18 4 2 2 4 4 1 3
12 12 0 2 2 4 4 1 3
