4
8 12 8
8 12 8
8 8 8
8 8 8
0 0 0 4 3 3 1 1 0
0 0 3 4 3 3 1 1 0
0 3 0 4 3 3 1 1 0
0 3 3 4 3 3 1 1 0
0 6 0 4 3 3 1 1 0
0 6 3 4 3 3 1 1 0
0 9 0 4 3 3 1 1 0
0 9 3 4 3 3 1 1 0
4 0 0 4 3 3 1 1 0
4 0 3 4 3 3 1 1 0
4 3 0 4 3 3 1 1 0
4 3 3 4 3 3 1 1 0
4 6 0 4 3 3 1 1 0
4 6 3 4 3 3 1 1 0
4 9 0 4 3 3 1 1 0
4 9 3 4 3 3 1 1 0
0 0 6 1 1 1 3 1 0
0 0 7 1 1 1 3 1 0
0 1 6 1 1 1 3 1 0
0 1 7 1 1 1 3 1 0
0 2 6 1 1 1 3 1 0
0 2 7 1 1 1 3 1 0
0 3 6 1 1 1 3 1 0
0 3 7 1 1 1 3 1 0
0 4 6 1 1 1 3 1 0
0 4 7 1 1 1 3 1 0
0 5 6 1 1 1 3 1 0
0 5 7 1 1 1 3 1 0
0 6 6 1 1 1 3 1 0
0 6 7 1 1 1 3 1 0
0 7 6 1 1 1 3 1 0
0 7 7 1 1 1 3 1 0
0 8 6 1 1 1 3 1 0
0 8 7 1 1 1 3 1 0
0 9 6 1 1 1 3 1 0
0 9 7 1 1 1 3 1 0
0 10 6 1 1 1 3 1 0
0 10 7 1 1 1 3 1 0
0 11 6 1 1 1 3 1 0
0 11 7 1 1 1 3 1 0
1 0 6 1 1 1 3 1 0
1 0 7 1 1 1 3 1 0
1 1 6 1 1 1 3 1 0
1 1 7 1 1 1 3 1 0
1 2 6 1 1 1 3 1 0
1 2 7 1 1 1 3 1 0
1 3 6 1 1 1 3 1 0
1 3 7 1 1 1 3 1 0
1 4 6 1 1 1 3 1 0
1 4 7 1 1 1 3 1 0
1 5 6 1 1 1 3 1 0
1 5 7 1 1 1 3 1 0
1 6 6 1 1 1 3 1 0
1 6 7 1 1 1 3 1 0
1 7 6 1 1 1 3 1 0
1 7 7 1 1 1 3 1 0
1 8 6 1 1 1 3 1 0
1 8 7 1 1 1 3 1 0
1 9 6 1 1 1 3 1 0
1 9 7 1 1 1 3 1 0
1 10 6 1 1 1 3 1 0
1 10 7 1 1 1 3 1 0
1 11 6 1 1 1 3 1 0
1 11 7 1 1 1 3 1 0
2 0 6 1 1 1 3 1 0
2 0 7 1 1 1 3 1 0
2 1 6 1 1 1 3 1 0
2 1 7 1 1 1 3 1 0
2 2 6 1 1 1 3 1 0
2 2 7 1 1 1 3 1 0
2 3 6 1 1 1 3 1 0
2 3 7 1 1 1 3 1 0
2 4 6 1 1 1 3 1 0
2 4 7 1 1 1 3 1 0
2 5 6 1 1 1 3 1 0
2 5 7 1 1 1 3 1 0
2 6 6 1 1 1 3 1 0
2 6 7 1 1 1 3 1 0
2 7 6 1 1 1 3 1 0
2 7 7 1 1 1 3 1 0
2 8 6 1 1 1 3 1 0
2 8 7 1 1 1 3 1 0
2 9 6 1 1 1 3 1 0
2 9 7 1 1 1 3 1 0
2 10 6 1 1 1 3 1 0
2 10 7 1 1 1 3 1 0
2 11 6 1 1 1 3 1 0
2 11 7 1 1 1 3 1 0
3 0 6 1 1 1 3 1 0
3 0 7 1 1 1 3 1 0
3 1 6 1 1 1 3 1 0
3 1 7 1 1 1 3 1 0
3 2 6 1 1 1 3 1 0
3 2 7 1 1 1 3 1 0
3 3 6 1 1 1 3 1 0
3 3 7 1 1 1 3 1 0
3 4 6 1 1 1 3 1 0
3 4 7 1 1 1 3 1 0
3 5 6 1 1 1 3 1 0
3 5 7 1 1 1 3 1 0
3 6 6 1 1 1 3 1 0
3 6 7 1 1 1 3 1 0
3 7 6 1 1 1 3 1 0
3 7 7 1 1 1 3 1 0
3 8 6 1 1 1 3 1 0
3 8 7 1 1 1 3 1 0
3 9 6 1 1 1 3 1 0
3 9 7 1 1 1 3 1 0
3 10 6 1 1 1 3 1 0
3 10 7 1 1 1 3 1 0
3 11 6 1 1 1 3 1 0
3 11 7 1 1 1 3 1 0
4 0 6 1 1 1 3 1 0
4 0 7 1 1 1 3 1 0
4 1 6 1 1 1 3 1 0
4 1 7 1 1 1 3 1 0
4 2 6 1 1 1 3 1 0
4 2 7 1 1 1 3 1 0
4 3 6 1 1 1 3 1 0
4 3 7 1 1 1 3 1 0
4 4 6 1 1 1 3 1 0
4 4 7 1 1 1 3 1 0
4 5 6 1 1 1 3 1 0
4 5 7 1 1 1 3 1 0
4 6 6 1 1 1 3 1 0
4 6 7 1 1 1 3 1 0
4 7 6 1 1 1 3 1 0
4 7 7 1 1 1 3 1 0
4 8 6 1 1 1 3 1 0
4 8 7 1 1 1 3 1 0
4 9 6 1 1 1 3 1 0
4 9 7 1 1 1 3 1 0
4 10 6 1 1 1 3 1 0
4 10 7 1 1 1 3 1 0
4 11 6 1 1 1 3 1 0
4 11 7 1 1 1 3 1 0
5 0 6 1 1 1 3 1 0
5 0 7 1 1 1 3 1 0
5 1 6 1 1 1 3 1 0
5 1 7 1 1 1 3 1 0
5 2 6 1 1 1 3 1 0
5 2 7 1 1 1 3 1 0
5 3 6 1 1 1 3 1 0
5 3 7 1 1 1 3 1 0
5 4 6 1 1 1 3 1 0
5 4 7 1 1 1 3 1 0
5 5 6 1 1 1 3 1 0
5 5 7 1 1 1 3 1 0
5 6 6 1 1 1 3 1 0
5 6 7 1 1 1 3 1 0
5 7 6 1 1 1 3 1 0
5 7 7 1 1 1 3 1 0
5 8 6 1 1 1 3 1 0
5 8 7 1 1 1 3 1 0
5 9 6 1 1 1 3 1 0
5 9 7 1 1 1 3 1 0
5 10 6 1 1 1 3 1 0
5 10 7 1 1 1 3 1 0
5 11 6 1 1 1 3 1 0
5 11 7 1 1 1 3 1 0
6 0 6 1 1 1 3 1 0
6 0 7 1 1 1 3 1 0
6 1 6 1 1 1 3 1 0
6 1 7 1 1 1 3 1 0
6 2 6 1 1 1 3 1 0
6 2 7 1 1 1 3 1 0
6 3 6 1 1 1 3 1 0
6 3 7 1 1 1 3 1 0
6 4 6 1 1 1 3 1 0
6 4 7 1 1 1 3 1 0
6 5 6 1 1 1 3 1 0
6 5 7 1 1 1 3 1 0
6 6 6 1 1 1 3 1 0
6 6 7 1 1 1 3 1 0
6 7 6 1 1 1 3 1 0
6 7 7 1 1 1 3 1 0
6 8 6 1 1 1 3 1 0
6 8 7 1 1 1 3 1 0
6 9 6 1 1 1 3 1 0
6 9 7 1 1 1 3 1 0
6 10 6 1 1 1 3 1 0
6 10 7 1 1 1 3 1 0
6 11 6 1 1 1 3 1 0
6 11 7 1 1 1 3 1 0
7 0 6 1 1 1 3 1 0
7 0 7 1 1 1 3 1 0
7 1 6 1 1 1 3 1 0
7 1 7 1 1 1 3 1 0
7 2 6 1 1 1 3 1 0
7 2 7 1 1 1 3 1 0
7 3 6 1 1 1 3 1 0
7 3 7 1 1 1 3 1 0
7 4 6 1 1 1 3 1 0
7 4 7 1 1 1 3 1 0
7 5 6 1 1 1 3 1 0
7 5 7 1 1 1 3 1 0
7 6 6 1 1 1 3 1 0
7 6 7 1 1 1 3 1 0
7 7 6 1 1 1 3 1 0
7 7 7 1 1 1 3 1 0
7 8 6 1 1 1 3 1 0
7 8 7 1 1 1 3 1 0
7 9 6 1 1 1 3 1 0
7 9 7 1 1 1 3 1 0
7 10 6 1 1 1 3 1 0
7 10 7 1 1 1 3 1 0
7 11 6 1 1 1 3 1 0
7 11 7 1 1 1 3 1 0
8 0 0 1 3 4 2 1 1
8 0 4 1 3 4 2 1 1
8 3 0 1 3 4 2 1 1
8 3 4 1 3 4 2 1 1
8 6 0 1 3 4 2 1 1
8 6 4 1 3 4 2 1 1
8 9 0 1 3 4 2 1 1
8 9 4 1 3 4 2 1 1
9 0 0 1 3 4 2 1 1
9 0 4 1 3 4 2 1 1
9 3 0 1 3 4 2 1 1
9 3 4 1 3 4 2 1 1
9 6 0 1 3 4 2 1 1
9 6 4 1 3 4 2 1 1
9 9 0 1 3 4 2 1 1
9 9 4 1 3 4 2 1 1
10 0 0 1 3 4 2 1 1
10 0 4 1 3 4 2 1 1
10 3 0 1 3 4 2 1 1
10 3 4 1 3 4 2 1 1
10 6 0 1 3 4 2 1 1
10 6 4 1 3 4 2 1 1
10 9 0 1 3 4 2 1 1
10 9 4 1 3 4 2 1 1
11 0 0 1 3 4 2 1 1
11 0 4 1 3 4 2 1 1
11 3 0 1 3 4 2 1 1
11 3 4 1 3 4 2 1 1
11 6 0 1 3 4 2 1 1
11 6 4 1 3 4 2 1 1
11 9 0 1 3 4 2 1 1
11 9 4 1 3 4 2 1 1
12 0 0 1 3 4 2 1 1
12 0 4 1 3 4 2 1 1
12 3 0 1 3 4 2 1 1
12 3 4 1 3 4 2 1 1
12 6 0 1 3 4 2 1 1
12 6 4 1 3 4 2 1 1
12 9 0 1 3 4 2 1 1
12 9 4 1 1 1 3 1 1
12 9 5 1 1 1 3 1 1
12 9 6 1 1 1 3 1 1
12 9 7 1 1 1 3 1 1
12 10 4 1 1 1 3 1 1
12 10 5 1 1 1 3 1 1
12 10 6 1 1 1 3 1 1
12 10 7 1 1 1 3 1 1
12 11 4 1 1 1 3 1 1
12 11 5 1 1 1 3 1 1
12 11 6 1 1 1 3 1 1
12 11 7 1 1 1 3 1 1
13 0 0 1 1 1 3 1 1
13 0 1 1 1 1 3 1 1
13 0 2 1 1 1 3 1 1
13 0 3 1 1 1 3 1 1
13 0 4 1 1 1 3 1 1
13 0 5 1 1 1 3 1 1
13 0 6 1 1 1 3 1 1
13 0 7 1 1 1 3 1 1
13 1 0 1 1 1 3 1 1
13 1 1 1 1 1 3 1 1
13 1 2 1 1 1 3 1 1
13 1 3 1 1 1 3 1 1
13 1 4 1 1 1 3 1 1
13 1 5 1 1 1 3 1 1
13 1 6 1 1 1 3 1 1
13 1 7 1 1 1 3 1 1
13 2 0 1 1 1 3 1 1
13 2 1 1 1 1 3 1 1
13 2 2 1 1 1 3 1 1
13 2 3 1 1 1 3 1 1
13 2 4 1 1 1 3 1 1
13 2 5 1 1 1 3 1 1
13 2 6 1 1 1 3 1 1
13 2 7 1 1 1 3 1 1
13 3 0 1 1 1 3 1 1
13 3 1 1 1 1 3 1 1
13 3 2 1 1 1 3 1 1
13 3 3 1 1 1 3 1 1
13 3 4 1 1 1 3 1 1
13 3 5 1 1 1 3 1 1
13 3 6 1 1 1 3 1 1
13 3 7 1 1 1 3 1 1
13 4 0 1 1 1 3 1 1
13 4 1 1 1 1 3 1 1
13 4 2 1 1 1 3 1 1
13 4 3 1 1 1 3 1 1
13 4 4 1 1 1 3 1 1
13 4 5 1 1 1 3 1 1
13 4 6 1 1 1 3 1 1
13 4 7 1 1 1 3 1 1
13 5 0 1 1 1 3 1 1
13 5 1 1 1 1 3 1 1
13 5 2 1 1 1 3 1 1
13 5 3 1 1 1 3 1 1
13 5 4 1 1 1 3 1 1
13 5 5 1 1 1 3 1 1
13 5 6 1 1 1 3 1 1
13 5 7 1 1 1 3 1 1
13 6 0 1 1 1 3 1 1
13 6 1 1 1 1 3 1 1
13 6 2 1 1 1 3 1 1
13 6 3 1 1 1 3 1 1
13 6 4 1 1 1 3 1 1
13 6 5 1 1 1 3 1 1
13 6 6 1 1 1 3 1 1
13 6 7 1 1 1 3 1 1
13 7 0 1 1 1 3 1 1
13 7 1 1 1 1 3 1 1
13 7 2 1 1 1 3 1 1
13 7 3 1 1 1 3 1 1
13 7 4 1 1 1 3 1 1
13 7 5 1 1 1 3 1 1
13 7 6 1 1 1 3 1 1
13 7 7 1 1 1 3 1 1
13 8 0 1 1 1 3 1 1
13 8 1 1 1 1 3 1 1
13 8 2 1 1 1 3 1 1
13 8 3 1 1 1 3 1 1
13 8 4 1 1 1 3 1 1
13 8 5 1 1 1 3 1 1
13 8 6 1 1 1 3 1 1
13 8 7 1 1 1 3 1 1
13 9 0 1 1 1 3 1 1
13 9 1 1 1 1 3 1 1
13 9 2 1 1 1 3 1 1
13 9 3 1 1 1 3 1 1
13 9 4 1 1 1 3 1 1
13 9 5 1 1 1 3 1 1
13 9 6 1 1 1 3 1 1
13 9 7 1 1 1 3 1 1
13 10 0 1 1 1 3 1 1
13 10 1 1 1 1 3 1 1
13 10 2 1 1 1 3 1 1
13 10 3 1 1 1 3 1 1
13 10 4 1 1 1 3 1 1
13 10 5 1 1 1 3 1 1
13 10 6 1 1 1 3 1 1
13 10 7 1 1 1 3 1 1
13 11 0 1 1 1 3 1 1
13 11 1 1 1 1 3 1 1
13 11 2 1 1 1 3 1 1
13 11 3 1 1 1 3 1 1
13 11 4 1 1 1 3 1 1
13 11 5 1 1 1 3 1 1
13 11 6 1 1 1 3 1 1
13 11 7 1 1 1 3 1 1
14 0 0 1 1 1 3 1 1
14 0 1 1 1 1 3 1 1
14 0 2 1 1 1 3 1 1
14 0 3 1 1 1 3 1 1
14 0 4 1 1 1 3 1 1
14 0 5 1 1 1 3 1 1
14 0 6 1 1 1 3 1 1
14 0 7 1 1 1 3 1 1
14 1 0 1 1 1 3 1 1
14 1 1 1 1 1 3 1 1
14 1 2 1 1 1 3 1 1
14 1 3 1 1 1 3 1 1
14 1 4 1 1 1 3 1 1
14 1 5 1 1 1 3 1 1
14 1 6 1 1 1 3 1 1
14 1 7 1 1 1 3 1 1
14 2 0 1 1 1 3 1 1
14 2 1 1 1 1 3 1 1
14 2 2 1 1 1 3 1 1
14 2 3 1 1 1 3 1 1
14 2 4 1 1 1 3 1 1
14 2 5 1 1 1 3 1 1
14 2 6 1 1 1 3 1 1
14 2 7 1 1 1 3 1 1
14 3 0 1 1 1 3 1 1
14 3 1 1 1 1 3 1 1
14 3 2 1 1 1 3 1 1
14 3 3 1 1 1 3 1 1
14 3 4 1 1 1 3 1 1
14 3 5 1 1 1 3 1 1
14 3 6 1 1 1 3 1 1
14 3 7 1 1 1 3 1 1
14 4 0 1 1 1 3 1 1
14 4 1 1 1 1 3 1 1
14 4 2 1 1 1 3 1 1
14 4 3 1 1 1 3 1 1
14 4 4 1 1 1 3 1 1
14 4 5 1 1 1 3 1 1
14 4 6 1 1 1 3 1 1
14 4 7 1 1 1 3 1 1
14 5 0 1 1 1 3 1 1
14 5 1 1 1 1 3 1 1
14 5 2 1 1 1 3 1 1
14 5 3 1 1 1 3 1 1
14 5 4 1 1 1 3 1 1
14 5 5 1 1 1 3 1 1
14 5 6 1 1 1 3 1 1
14 5 7 1 1 1 3 1 1
14 6 0 1 1 1 3 1 1
14 6 1 1 1 1 3 1 1
14 6 2 1 1 1 3 1 1
14 6 3 1 1 1 3 1 1
14 6 4 1 1 1 3 1 1
14 6 5 1 1 1 3 1 1
14 6 6 1 1 1 3 1 1
14 6 7 1 1 1 3 1 1
14 7 0 1 1 1 3 1 1
14 7 1 1 1 1 3 1 1
14 7 2 1 1 1 3 1 1
14 7 3 1 1 1 3 1 1
14 7 4 1 1 1 3 1 1
14 7 5 1 1 1 3 1 1
14 7 6 1 1 1 3 1 1
14 7 7 1 1 1 3 1 1
14 8 0 1 1 1 3 1 1
14 8 1 1 1 1 3 1 1
14 8 2 1 1 1 3 1 1
14 8 3 1 1 1 3 1 1
14 8 4 1 1 1 3 1 1
14 8 5 1 1 1 3 1 1
14 8 6 1 1 1 3 1 1
14 8 7 1 1 1 3 1 1
14 9 0 1 1 1 3 1 1
14 9 1 1 1 1 3 1 1
14 9 2 1 1 1 3 1 1
14 9 3 1 1 1 3 1 1
14 9 4 1 1 1 3 1 1
14 9 5 1 1 1 3 1 1
14 9 6 1 1 1 3 1 1
14 9 7 1 1 1 3 1 1
14 10 0 1 1 1 3 1 1
14 10 1 1 1 1 3 1 1
14 10 2 1 1 1 3 1 1
14 10 3 1 1 1 3 1 1
14 10 4 1 1 1 3 1 1
14 10 5 1 1 1 3 1 1
14 10 6 1 1 1 3 1 1
14 10 7 1 1 1 3 1 1
14 11 0 1 1 1 3 1 1
14 11 1 1 1 1 3 1 1
14 11 2 1 1 1 3 1 1
14 11 3 1 1 1 3 1 1
14 11 4 1 1 1 3 1 1
14 11 5 1 1 1 3 1 1
14 11 6 1 1 1 3 1 1
14 11 7 1 1 1 3 1 1
15 0 0 1 1 1 3 1 1
15 0 1 1 1 1 3 1 1
15 0 2 1 1 1 3 1 1
15 0 3 1 1 1 3 1 1
15 0 4 1 1 1 3 1 1
15 0 5 1 1 1 3 1 1
15 0 6 1 1 1 3 1 1
15 0 7 1 1 1 3 1 1
15 1 0 1 1 1 3 1 1
15 1 1 1 1 1 3 1 1
15 1 2 1 1 1 3 1 1
15 1 3 1 1 1 3 1 1
15 1 4 1 1 1 3 1 1
15 1 5 1 1 1 3 1 1
15 1 6 1 1 1 3 1 1
15 1 7 1 1 1 3 1 1
15 2 0 1 1 1 3 1 1
15 2 1 1 1 1 3 1 1
15 2 2 1 1 1 3 1 1
15 2 3 1 1 1 3 1 1
15 2 4 1 1 1 3 1 1
15 2 5 1 1 1 3 1 1
15 2 6 1 1 1 3 1 1
15 2 7 1 1 1 3 1 1
15 3 0 1 1 1 3 1 1
15 3 1 1 1 1 3 1 1
15 3 2 1 1 1 3 1 1
15 3 3 1 1 1 3 1 1
15 3 4 1 1 1 3 1 1
15 3 5 1 1 1 3 1 1
15 3 6 1 1 1 3 1 1
15 3 7 1 1 1 3 1 1
15 4 0 1 1 1 3 1 1
15 4 1 1 1 1 3 1 1
15 4 2 1 1 1 3 1 1
15 4 3 1 1 1 3 1 1
15 4 4 1 1 1 3 1 1
15 4 5 1 1 1 3 1 1
15 4 6 1 1 1 3 1 1
15 4 7 1 1 1 3 1 1
15 5 0 1 1 1 3 1 1
15 5 1 1 1 1 3 1 1
15 5 2 1 1 1 3 1 1
15 5 3 1 1 1 3 1 1
15 5 4 1 1 1 3 1 1
15 5 5 1 1 1 3 1 1
15 5 6 1 1 1 3 1 1
15 5 7 1 1 1 3 1 1
15 6 0 1 1 1 3 1 1
15 6 1 1 1 1 3 1 1
15 6 2 1 1 1 3 1 1
15 6 3 1 1 1 3 1 1
15 6 4 1 1 1 3 1 1
15 6 5 1 1 1 3 1 1
15 6 6 1 1 1 3 1 1
15 6 7 1 1 1 3 1 1
15 7 0 1 1 1 3 1 1
15 7 1 1 1 1 3 1 1
15 7 2 1 1 1 3 1 1
15 7 3 1 1 1 3 1 1
15 7 4 1 1 1 3 1 1
15 7 5 1 1 1 3 1 1
15 7 6 1 1 1 3 1 1
15 7 7 1 1 1 3 1 1
15 8 0 1 1 1 3 1 1
15 8 1 1 1 1 3 1 1
15 8 2 1 1 1 3 1 1
15 8 3 1 1 1 3 1 1
15 8 4 1 1 1 3 1 1
15 8 5 1 1 1 3 1 1
15 8 6 1 1 1 3 1 1
15 8 7 1 1 1 3 1 1
15 9 0 1 1 1 3 1 1
15 9 1 1 1 1 3 1 1
15 9 2 1 1 1 3 1 1
15 9 3 1 1 1 3 1 1
15 9 4 1 1 1 3 1 1
15 9 5 1 1 1 3 1 1
15 9 6 1 1 1 3 1 1
15 9 7 1 1 1 3 1 1
15 10 0 1 1 1 3 1 1
15 10 1 1 1 1 3 1 1
15 10 2 1 1 1 3 1 1
15 10 3 1 1 1 3 1 1
15 10 4 1 1 1 3 1 1
15 10 5 1 1 1 3 1 1
15 10 6 1 1 1 3 1 1
15 10 7 1 1 1 3 1 1
15 11 0 1 1 1 3 1 1
15 11 1 1 1 1 3 1 1
15 11 2 1 1 1 3 1 1
15 11 3 1 1 1 3 1 1
15 11 4 1 1 1 3 1 1
15 11 5 1 1 1 3 1 1
15 11 6 1 1 1 3 1 1
15 11 7 1 1 1 3 1 1
0 12 0 1 1 1 3 1 2
0 12 1 1 1 1 3 1 2
0 12 2 1 1 1 3 1 2
0 12 3 1 1 1 3 1 2
0 12 4 1 1 1 3 1 2
0 12 5 1 1 1 3 1 2
0 12 6 1 1 1 3 1 2
0 12 7 1 1 1 3 1 2
0 13 0 1 1 1 3 1 2
0 13 1 1 1 1 3 1 2
0 13 2 1 1 1 3 1 2
0 13 3 1 1 1 3 1 2
0 13 4 1 1 1 3 1 2
0 13 5 1 1 1 3 1 2
0 13 6 1 1 1 3 1 2
0 13 7 1 1 1 3 1 2
0 14 0 1 1 1 3 1 2
0 14 1 1 1 1 3 1 2
0 14 2 1 1 1 3 1 2
0 14 3 1 1 1 3 1 2
0 14 4 1 1 1 3 1 2
0 14 5 1 1 1 3 1 2
0 14 6 1 1 1 3 1 2
0 14 7 1 1 1 3 1 2
0 15 0 1 1 1 3 1 2
0 15 1 1 1 1 3 1 2
0 15 2 1 1 1 3 1 2
0 15 3 1 1 1 3 1 2
0 15 4 1 1 1 3 1 2
0 15 5 1 1 1 3 1 2
0 15 6 1 1 1 3 1 2
0 15 7 1 1 1 3 1 2
0 16 0 1 1 1 3 1 2
0 16 1 1 1 1 3 1 2
0 16 2 1 1 1 3 1 2
0 16 3 1 1 1 3 1 2
0 16 4 1 1 1 3 1 2
0 16 5 1 1 1 3 1 2
0 16 6 1 1 1 3 1 2
0 16 7 1 1 1 3 1 2
0 17 0 1 1 1 3 1 2
0 17 1 1 1 1 3 1 2
0 17 2 1 1 1 3 1 2
0 17 3 1 1 1 3 1 2
0 17 4 1 1 1 3 1 2
0 17 5 1 1 1 3 1 2
0 17 6 1 1 1 3 1 2
0 17 7 1 1 1 3 1 2
0 18 0 1 1 1 3 1 2
0 18 1 1 1 1 3 1 2
0 18 2 1 1 1 3 1 2
0 18 3 1 1 1 3 1 2
0 18 4 1 1 1 3 1 2
0 18 5 1 1 1 3 1 2
0 18 6 1 1 1 3 1 2
0 18 7 1 1 1 3 1 2
0 19 0 1 1 1 3 1 2
0 19 1 1 1 1 3 1 2
0 19 2 1 1 1 3 1 2
0 19 3 1 1 1 3 1 2
0 19 4 1 1 1 3 1 2
0 19 5 1 1 1 3 1 2
0 19 6 1 1 1 3 1 2
0 19 7 1 1 1 3 1 2
1 12 0 1 1 1 3 1 2
1 12 1 1 1 1 3 1 2
1 12 2 1 1 1 3 1 2
1 12 3 1 1 1 3 1 2
1 12 4 1 1 1 3 1 2
1 12 5 1 1 1 3 1 2
1 12 6 1 1 1 3 1 2
1 12 7 1 1 1 3 1 2
1 13 0 1 1 1 3 1 2
1 13 1 1 1 1 3 1 2
1 13 2 1 1 1 3 1 2
1 13 3 1 1 1 3 1 2
1 13 4 1 1 1 3 1 2
1 13 5 1 1 1 3 1 2
1 13 6 1 1 1 3 1 2
1 13 7 1 1 1 3 1 2
1 14 0 1 1 1 3 1 2
1 14 1 1 1 1 3 1 2
1 14 2 1 1 1 3 1 2
1 14 3 1 1 1 3 1 2
1 14 4 1 1 1 3 1 2
1 14 5 1 1 1 3 1 2
1 14 6 1 1 1 3 1 2
1 14 7 1 1 1 3 1 2
1 15 0 1 1 1 3 1 2
1 15 1 1 1 1 3 1 2
1 15 2 1 1 1 3 1 2
1 15 3 1 1 1 3 1 2
1 15 4 1 1 1 3 1 2
1 15 5 1 1 1 3 1 2
1 15 6 1 1 1 3 1 2
1 15 7 1 1 1 3 1 2
1 16 0 1 1 1 3 1 2
1 16 1 1 1 1 3 1 2
1 16 2 1 1 1 3 1 2
1 16 3 1 1 1 3 1 2
1 16 4 1 1 1 3 1 2
1 16 5 1 1 1 3 1 2
1 16 6 1 1 1 3 1 2
1 16 7 1 1 1 3 1 2
1 17 0 1 1 1 3 1 2
1 17 1 1 1 1 3 1 2
1 17 2 1 1 1 3 1 2
1 17 3 1 1 1 3 1 2
1 17 4 1 1 1 3 1 2
1 17 5 1 1 1 3 1 2
1 17 6 1 1 1 3 1 2
1 17 7 1 1 1 3 1 2
1 18 0 1 1 1 3 1 2
1 18 1 1 1 1 3 1 2
1 18 2 1 1 1 3 1 2
1 18 3 1 1 1 3 1 2
1 18 4 1 1 1 3 1 2
1 18 5 1 1 1 3 1 2
1 18 6 1 1 1 3 1 2
1 18 7 1 1 1 3 1 2
1 19 0 1 1 1 3 1 2
1 19 1 1 1 1 3 1 2
1 19 2 1 1 1 3 1 2
1 19 3 1 1 1 3 1 2
1 19 4 1 1 1 3 1 2
1 19 5 1 1 1 3 1 2
1 19 6 1 1 1 3 1 2
1 19 7 1 1 1 3 1 2
2 12 0 1 1 1 3 1 2
2 12 1 1 1 1 3 1 2
2 12 2 1 1 1 3 1 2
2 12 3 1 1 1 3 1 2
2 12 4 1 1 1 3 1 2
2 12 5 1 1 1 3 1 2
2 12 6 1 1 1 3 1 2
2 12 7 1 1 1 3 1 2
2 13 0 1 1 1 3 1 2
2 13 1 1 1 1 3 1 2
2 13 2 1 1 1 3 1 2
2 13 3 1 1 1 3 1 2
2 13 4 1 1 1 3 1 2
2 13 5 1 1 1 3 1 2
2 13 6 1 1 1 3 1 2
2 13 7 1 1 1 3 1 2
2 14 0 1 1 1 3 1 2
2 14 1 1 1 1 3 1 2
2 14 2 1 1 1 3 1 2
2 14 3 1 1 1 3 1 2
2 14 4 1 1 1 3 1 2
2 14 5 1 1 1 3 1 2
2 14 6 1 1 1 3 1 2
2 14 7 1 1 1 3 1 2
2 15 0 1 1 1 3 1 2
2 15 1 1 1 1 3 1 2
2 15 2 1 1 1 3 1 2
2 15 3 1 1 1 3 1 2
2 15 4 1 1 1 3 1 2
2 15 5 1 1 1 3 1 2
2 15 6 1 1 1 3 1 2
2 15 7 1 1 1 3 1 2
2 16 0 1 1 1 3 1 2
2 16 1 1 1 1 3 1 2
2 16 2 1 1 1 3 1 2
2 16 3 1 1 1 3 1 2
2 16 4 1 1 1 3 1 2
2 16 5 1 1 1 3 1 2
2 16 6 1 1 1 3 1 2
2 16 7 1 1 1 3 1 2
2 17 0 1 1 1 3 1 2
2 17 1 1 1 1 3 1 2
2 17 2 1 1 1 3 1 2
2 17 3 1 1 1 3 1 2
2 17 4 1 1 1 3 1 2
2 17 5 1 1 1 3 1 2
2 17 6 1 1 1 3 1 2
2 17 7 1 1 1 3 1 2
2 18 0 1 1 1 3 1 2
2 18 1 1 1 1 3 1 2
2 18 2 1 1 1 3 1 2
2 18 3 1 1 1 3 1 2
2 18 4 1 1 1 3 1 2
2 18 5 1 1 1 3 1 2
2 18 6 1 1 1 3 1 2
2 18 7 1 1 1 3 1 2
2 19 0 1 1 1 3 1 2
2 19 1 1 1 1 3 1 2
2 19 2 1 1 1 3 1 2
2 19 3 1 1 1 3 1 2
2 19 4 1 1 1 3 1 2
2 19 5 1 1 1 3 1 2
2 19 6 1 1 1 3 1 2
2 19 7 1 1 1 3 1 2
3 12 0 1 1 1 3 1 2
3 12 1 1 1 1 3 1 2
3 12 2 1 1 1 3 1 2
3 12 3 1 1 1 3 1 2
3 12 4 1 1 1 3 1 2
3 12 5 1 1 1 3 1 2
3 12 6 1 1 1 3 1 2
3 12 7 1 1 1 3 1 2
3 13 0 1 1 1 3 1 2
3 13 1 1 1 1 3 1 2
3 13 2 1 1 1 3 1 2
3 13 3 1 1 1 3 1 2
3 13 4 1 1 1 3 1 2
3 13 5 1 1 1 3 1 2
3 13 6 1 1 1 3 1 2
3 13 7 1 1 1 3 1 2
3 14 0 1 1 1 3 1 2
3 14 1 1 1 1 3 1 2
3 14 2 1 1 1 3 1 2
3 14 3 1 1 1 3 1 2
3 14 4 1 1 1 3 1 2
3 14 5 1 1 1 3 1 2
3 14 6 1 1 1 3 1 2
3 14 7 1 1 1 3 1 2
3 15 0 1 1 1 3 1 2
3 15 1 1 1 1 3 1 2
3 15 2 1 1 1 3 1 2
3 15 3 1 1 1 3 1 2
3 15 4 1 1 1 3 1 2
3 15 5 1 1 1 3 1 2
3 15 6 1 1 1 3 1 2
3 15 7 1 1 1 3 1 2
3 16 0 1 1 1 3 1 2
3 16 1 1 1 1 3 1 2
3 16 2 1 1 1 3 1 2
3 16 3 1 1 1 3 1 2
3 16 4 1 1 1 3 1 2
3 16 5 1 1 1 3 1 2
3 16 6 1 1 1 3 1 2
3 16 7 1 1 1 3 1 2
3 17 0 1 1 1 3 1 2
3 17 1 1 1 1 3 1 2
3 17 2 1 1 1 3 1 2
3 17 3 1 1 1 3 1 2
3 17 4 1 1 1 3 1 2
3 17 5 1 1 1 3 1 2
3 17 6 1 1 1 3 1 2
3 17 7 1 1 1 3 1 2
3 18 0 1 1 1 3 1 2
3 18 1 1 1 1 3 1 2
3 18 2 1 1 1 3 1 2
3 18 3 1 1 1 3 1 2
3 18 4 1 1 1 3 1 2
3 18 5 1 1 1 3 1 2
3 18 6 1 1 1 3 1 2
3 18 7 1 1 1 3 1 2
3 19 0 1 1 1 3 1 2
3 19 1 1 1 1 3 1 2
3 19 2 1 1 1 3 1 2
3 19 3 1 1 1 3 1 2
3 19 4 1 1 1 3 1 2
3 19 5 1 1 1 3 1 2
3 19 6 1 1 1 3 1 2
3 19 7 1 1 1 3 1 2
4 12 0 1 1 1 3 1 2
4 12 1 1 1 1 3 1 2
4 12 2 1 1 1 3 1 2
4 12 3 1 1 1 3 1 2
4 12 4 1 1 1 3 1 2
4 12 5 1 1 1 3 1 2
4 12 6 1 1 1 3 1 2
4 12 7 1 1 1 3 1 2
4 13 0 1 1 1 3 1 2
4 13 1 1 1 1 3 1 2
4 13 2 1 1 1 3 1 2
4 13 3 1 1 1 3 1 2
4 13 4 1 1 1 3 1 2
4 13 5 1 1 1 3 1 2
4 13 6 1 1 1 3 1 2
4 13 7 1 1 1 3 1 2
4 14 0 1 1 1 3 1 2
4 14 1 1 1 1 3 1 2
4 14 2 1 1 1 3 1 2
4 14 3 1 1 1 3 1 2
4 14 4 1 1 1 3 1 2
4 14 5 1 1 1 3 1 2
4 14 6 1 1 1 3 1 2
4 14 7 1 1 1 3 1 2
4 15 0 1 1 1 3 1 2
4 15 1 1 1 1 3 1 2
4 15 2 1 1 1 3 1 2
4 15 3 1 1 1 3 1 2
4 15 4 1 1 1 3 1 2
4 15 5 1 1 1 3 1 2
4 15 6 1 1 1 3 1 2
4 15 7 1 1 1 3 1 2
4 16 0 1 1 1 3 1 2
4 16 1 1 1 1 3 1 2
4 16 2 1 1 1 3 1 2
4 16 3 1 1 1 3 1 2
4 16 4 1 1 1 3 1 2
4 16 5 1 1 1 3 1 2
4 16 6 1 1 1 3 1 2
4 16 7 1 1 1 3 1 2
4 17 0 1 1 1 3 1 2
4 17 1 1 1 1 3 1 2
4 17 2 1 1 1 3 1 2
4 17 3 1 1 1 3 1 2
4 17 4 1 1 1 3 1 2
4 17 5 1 1 1 3 1 2
4 17 6 1 1 1 3 1 2
4 17 7 1 1 1 3 1 2
4 18 0 1 1 1 3 1 2
4 18 1 1 1 1 3 1 2
4 18 2 1 1 1 3 1 2
5 12 0 2 3 2 4 1 2
5 12 2 2 3 2 4 1 2
5 12 4 2 3 2 4 1 2
5 12 6 2 3 2 4 1 2
5 15 0 2 3 2 4 1 2
5 15 2 2 3 2 4 1 2
5 15 4 2 3 2 4 1 2
5 15 6 2 3 2 4 1 2
8 12 0 2 3 2 4 1 3
8 12 2 2 3 2 4 1 3
8 12 4 2 3 2 4 1 3
8 12 6 2 3 2 4 1 3
8 15 0 2 3 2 4 1 3
8 15 2 2 3 2 4 1 3
8 15 4 2 3 2 4 1 3
8 15 6 2 3 2 4 1 3
10 12 0 2 3 2 4 1 3
10 12 2 2 3 2 4 1 3
10 12 4 2 3 2 4 1 3
10 12 6 2 3 2 4 1 3
10 15 0 2 3 2 4 1 3
10 15 2 2 3 2 4 1 3
10 15 4 3 4 2 5 1 3
10 15 6 3 4 2 5 1 3
