4
8 12 8
8 12 8
8 8 8
8 8 8
0 4 4 2 3 3 1 1 0
0 8 0 2 3 3 1 1 0
3 2 5 2 3 3 1 1 0
3 5 4 2 3 3 1 1 0
3 8 4 2 3 3 1 1 0
4 1 2 2 3 3 1 1 0
6 1 2 2 3 3 1 1 0
6 1 5 2 3 3 1 1 0
6 8 0 2 3 3 1 1 0
0 5 0 4 2 2 2 1 0
0 5 2 4 2 2 2 1 0
2 9 0 4 2 2 2 1 0
2 9 2 4 2 2 2 1 0
4 0 0 4 2 2 2 1 0
4 2 0 4 2 2 2 1 0
4 6 0 4 2 2 2 1 0
4 6 2 4 2 2 2 1 0
0 0 0 4 1 4 3 1 0
0 1 0 4 1 4 3 1 0
0 2 0 4 1 4 3 1 0
0 3 0 4 1 4 3 1 0
0 4 0 4 1 4 3 1 0
0 7 0 4 1 4 3 1 0
0 11 0 4 1 4 3 1 0
0 11 4 4 1 4 3 1 0
4 0 4 4 1 4 3 1 0
4 4 0 4 1 4 3 1 0
4 5 0 4 1 4 3 1 0
4 11 0 4 1 4 3 1 0
4 0 2 4 1 2 4 1 0
0 0 4 3 4 1 5 1 0
0 0 5 3 4 1 5 1 0
0 0 6 3 4 1 5 1 0
0 0 7 3 4 1 5 1 0
0 7 4 3 4 1 5 1 0
0 7 5 3 4 1 5 1 0
0 7 6 3 4 1 5 1 0
2 5 7 3 4 1 5 1 0
5 4 4 3 4 1 5 1 0
5 4 5 3 4 1 5 1 0
5 4 6 3 4 1 5 1 0
5 4 7 3 4 1 5 1 0
5 8 4 3 4 1 5 1 0
5 8 5 3 4 1 5 1 0
5 8 6 3 4 1 5 1 0
5 8 7 3 4 1 5 1 0
8 9 0 2 3 3 1 1 1
12 1 2 2 3 3 1 1 1
12 5 2 2 3 3 1 1 1
14 1 2 2 3 3 1 1 1
14 5 2 2 3 3 1 1 1
8 0 5 4 2 2 2 1 1
8 1 1 4 2 2 2 1 1
8 1 3 4 2 2 2 1 1
8 2 5 4 2 2 2 1 1
8 3 1 4 2 2 2 1 1
8 3 3 4 2 2 2 1 1
8 4 5 4 2 2 2 1 1
8 5 1 4 2 2 2 1 1
8 5 3 4 2 2 2 1 1
8 6 5 4 2 2 2 1 1
8 8 5 4 2 2 2 1 1
8 9 3 4 2 2 2 1 1
8 10 5 4 2 2 2 1 1
10 10 1 4 2 2 2 1 1
12 1 5 4 2 2 2 1 1
12 6 0 4 2 2 2 1 1
12 10 3 4 2 2 2 1 1
8 0 0 4 1 4 3 1 1
8 7 1 4 1 4 3 1 1
8 8 1 4 1 4 3 1 1
12 0 0 4 1 4 3 1 1
12 0 4 4 1 4 3 1 1
12 4 1 4 1 4 3 1 1
12 8 1 4 1 4 3 1 1
12 9 1 4 1 4 3 1 1
8 11 3 4 1 2 4 1 1
12 5 0 4 1 2 4 1 1
12 7 5 4 1 2 4 1 1
8 0 7 3 4 1 5 1 1
8 1 0 3 4 1 5 1 1
8 4 7 3 4 1 5 1 1
8 5 0 3 4 1 5 1 1
8 8 7 3 4 1 5 1 1
11 1 0 3 4 1 5 1 1
11 8 0 3 4 1 5 1 1
13 1 7 3 4 1 5 1 1
13 3 5 3 4 1 5 1 1
13 3 6 3 4 1 5 1 1
13 8 5 3 4 1 5 1 1
13 8 6 3 4 1 5 1 1
13 8 7 3 4 1 5 1 1
0 16 5 2 3 3 1 1 2
4 13 2 2 3 3 1 1 2
6 13 2 2 3 3 1 1 2
6 16 5 2 3 3 1 1 2
0 13 0 4 2 2 2 1 2
0 13 2 4 2 2 2 1 2
0 13 4 4 2 2 2 1 2
0 13 6 4 2 2 2 1 2
2 17 6 4 2 2 2 1 2
4 14 6 4 2 2 2 1 2
4 16 0 4 2 2 2 1 2
4 16 2 4 2 2 2 1 2
0 17 0 4 1 4 3 1 2
0 18 0 4 1 4 3 1 2
0 19 4 4 1 4 3 1 2
2 16 4 4 1 4 3 1 2
4 18 0 4 1 4 3 1 2
4 19 0 4 1 4 3 1 2
4 19 4 4 1 4 3 1 2
0 12 0 4 1 2 4 1 2
0 12 2 4 1 2 4 1 2
0 12 4 4 1 2 4 1 2
0 15 0 4 1 2 4 1 2
0 15 2 4 1 2 4 1 2
0 15 4 4 1 2 4 1 2
0 15 6 4 1 2 4 1 2
0 16 0 4 1 2 4 1 2
0 16 2 4 1 2 4 1 2
0 19 0 4 1 2 4 1 2
0 19 2 4 1 2 4 1 2
2 12 6 4 1 2 4 1 2
2 17 4 4 1 2 4 1 2
2 18 4 4 1 2 4 1 2
4 12 3 4 1 2 4 1 2
4 13 6 4 1 2 4 1 2
5 12 0 3 4 1 5 1 2
5 12 1 3 4 1 5 1 2
5 12 5 3 4 1 5 1 2
8 13 0 2 3 3 1 1 3
11 13 5 2 3 3 1 1 3
12 13 2 2 3 3 1 1 3
14 13 2 2 3 3 1 1 3
8 13 3 4 2 2 2 1 3
8 15 3 4 2 2 2 1 3
8 17 0 4 2 2 2 1 3
8 17 2 4 1 4 3 1 3
8 18 2 4 1 4 3 1 3
8 19 0 4 1 4 3 1 3
12 12 2 4 1 4 3 1 3
12 16 1 4 1 4 3 1 3
12 17 0 4 1 4 3 1 3
12 17 4 4 1 4 3 1 3
12 18 0 4 1 4 3 1 3
12 18 4 4 1 4 3 1 3
12 19 0 4 1 4 3 1 3
12 19 4 4 1 4 3 1 3
8 12 0 4 1 2 4 1 3
8 12 2 4 1 2 4 1 3
8 12 4 4 1 2 4 1 3
8 16 1 4 1 2 4 1 3
8 19 4 4 1 2 4 1 3
12 16 6 4 1 2 4 1 3
8 12 7 3 4 1 5 1 3
8 16 6 3 4 1 5 1 3
8 16 7 3 4 1 5 1 3
10 13 0 3 4 1 5 1 3
13 12 1 3 4 1 5 1 3
13 12 6 3 4 1 5 1 3
13 12 7 3 4 1 5 1 3
13 13 0 3 4 1 5 1 3
13 13 5 3 4 1 5 1 3
