4
8 12 8
8 12 8
8 8 8
8 8 8
0 0 0 3 2 3 1 1 0
0 0 3 3 2 3 1 1 0
0 2 0 3 2 3 1 1 0
0 2 3 3 2 3 1 1 0
0 4 0 3 2 3 1 1 0
0 4 3 3 2 3 1 1 0
0 6 0 3 2 3 1 1 0
0 6 3 3 2 3 1 1 0
0 8 0 3 2 3 1 1 0
0 8 3 3 2 3 1 1 0
0 10 0 3 2 3 1 1 0
0 10 3 3 2 3 1 1 0
3 0 0 3 2 3 1 1 0
3 0 3 3 2 3 1 1 0
3 2 0 2 4 4 2 1 0
3 2 4 2 4 4 2 1 0
3 6 0 2 4 4 2 1 0
3 6 4 2 4 4 2 1 0
5 2 0 2 4 4 2 1 0
5 2 4 2 4 4 2 1 0
5 6 0 2 4 4 2 1 0
0 0 6 3 4 2 3 1 0
0 4 6 3 4 2 3 1 0
0 8 6 3 4 2 3 1 0
3 0 6 3 2 1 4 1 0
3 0 7 3 2 1 4 1 0
3 10 0 3 2 1 4 1 0
3 10 1 3 2 1 4 1 0
3 10 2 3 2 1 4 1 0
3 10 3 3 2 1 4 1 0
3 10 4 3 2 1 4 1 0
3 10 5 3 2 1 4 1 0
3 10 6 3 2 1 4 1 0
3 10 7 3 2 1 4 1 0
5 6 4 3 2 1 4 1 0
5 6 5 3 2 1 4 1 0
5 6 6 3 2 1 4 1 0
5 6 7 3 2 1 4 1 0
5 8 4 3 2 1 4 1 0
5 8 5 3 2 1 4 1 0
5 8 6 3 2 1 4 1 0
5 8 7 3 2 1 4 1 0
6 0 0 1 1 2 5 1 0
6 0 2 1 1 2 5 1 0
6 0 4 1 1 2 5 1 0
6 0 6 1 1 2 5 1 0
6 1 0 1 1 2 5 1 0
6 1 2 1 1 2 5 1 0
6 1 4 1 1 2 5 1 0
6 1 6 1 1 2 5 1 0
6 10 0 1 1 2 5 1 0
6 10 2 1 1 2 5 1 0
6 10 4 1 1 2 5 1 0
6 10 6 1 1 2 5 1 0
6 11 0 1 1 2 5 1 0
6 11 2 1 1 2 5 1 0
6 11 4 1 1 2 5 1 0
6 11 6 1 1 2 5 1 0
7 0 0 1 1 2 5 1 0
7 0 2 1 1 2 5 1 0
7 0 4 1 1 2 5 1 0
7 0 6 1 1 2 5 1 0
7 1 0 1 1 2 5 1 0
7 1 2 1 1 2 5 1 0
7 1 4 1 1 2 5 1 0
7 1 6 1 1 2 5 1 0
7 2 0 1 1 2 5 1 0
7 2 2 1 1 2 5 1 0
7 2 4 1 1 2 5 1 0
7 2 6 1 1 2 5 1 0
7 3 0 1 1 2 5 1 0
7 3 2 1 1 2 5 1 0
7 3 4 1 1 2 5 1 0
7 3 6 1 1 2 5 1 0
7 4 0 1 1 2 5 1 0
7 4 2 1 1 2 5 1 0
7 4 4 1 1 2 5 1 0
7 4 6 1 1 2 5 1 0
7 5 0 1 1 2 5 1 0
7 5 2 1 1 2 5 1 0
7 5 4 1 1 2 5 1 0
7 5 6 1 1 2 5 1 0
7 6 0 1 1 2 5 1 0
7 6 2 1 1 2 5 1 0
7 7 0 1 1 2 5 1 0
7 7 2 1 1 2 5 1 0
7 8 0 1 1 2 5 1 0
7 8 2 1 1 2 5 1 0
7 9 0 1 1 2 5 1 0
7 9 2 1 1 2 5 1 0
7 10 0 1 1 2 5 1 0
7 10 2 1 1 2 5 1 0
7 10 4 1 1 2 5 1 0
7 10 6 1 1 2 5 1 0
7 11 0 1 1 2 5 1 0
7 11 2 1 1 2 5 1 0
7 11 4 1 1 2 5 1 0
7 11 6 1 1 2 5 1 0
8 0 0 3 2 1 4 1 1
8 0 1 3 2 1 4 1 1
8 0 2 3 2 1 4 1 1
8 0 3 3 2 1 4 1 1
8 0 4 3 2 1 4 1 1
8 0 5 3 2 1 4 1 1
8 0 6 3 2 1 4 1 1
8 0 7 3 2 1 4 1 1
8 2 0 3 2 1 4 1 1
8 2 1 3 2 1 4 1 1
8 2 2 3 2 1 4 1 1
8 2 3 3 2 1 4 1 1
8 2 4 3 2 1 4 1 1
8 2 5 3 2 1 4 1 1
8 2 6 3 2 1 4 1 1
8 2 7 3 2 1 4 1 1
8 4 0 3 2 1 4 1 1
8 4 1 3 2 1 4 1 1
8 4 2 3 2 1 4 1 1
8 4 3 3 2 1 4 1 1
8 4 4 3 2 1 4 1 1
8 4 5 3 2 1 4 1 1
8 4 6 3 2 1 4 1 1
8 4 7 3 2 1 4 1 1
8 6 0 3 2 1 4 1 1
8 6 1 3 2 1 4 1 1
8 6 2 3 2 1 4 1 1
8 6 3 3 2 1 4 1 1
8 6 4 3 2 1 4 1 1
8 6 5 3 2 1 4 1 1
8 6 6 3 2 1 4 1 1
8 6 7 3 2 1 4 1 1
8 8 0 3 2 1 4 1 1
8 8 1 3 2 1 4 1 1
8 8 2 3 2 1 4 1 1
8 8 3 3 2 1 4 1 1
8 8 4 3 2 1 4 1 1
8 8 5 1 1 2 5 1 1
8 9 5 1 1 2 5 1 1
8 10 0 1 1 2 5 1 1
8 10 2 1 1 2 5 1 1
8 10 4 1 1 2 5 1 1
8 10 6 1 1 2 5 1 1
8 11 0 1 1 2 5 1 1
8 11 2 1 1 2 5 1 1
8 11 4 1 1 2 5 1 1
8 11 6 1 1 2 5 1 1
9 8 5 1 1 2 5 1 1
9 9 5 1 1 2 5 1 1
9 10 0 1 1 2 5 1 1
9 10 2 1 1 2 5 1 1
9 10 4 1 1 2 5 1 1
9 10 6 1 1 2 5 1 1
9 11 0 1 1 2 5 1 1
9 11 2 1 1 2 5 1 1
9 11 4 1 1 2 5 1 1
9 11 6 1 1 2 5 1 1
10 8 5 1 1 2 5 1 1
10 9 5 1 1 2 5 1 1
10 10 0 1 1 2 5 1 1
10 10 2 1 1 2 5 1 1
10 10 4 1 1 2 5 1 1
10 10 6 1 1 2 5 1 1
10 11 0 1 1 2 5 1 1
10 11 2 1 1 2 5 1 1
10 11 4 1 1 2 5 1 1
10 11 6 1 1 2 5 1 1
11 0 0 1 1 2 5 1 1
11 0 2 1 1 2 5 1 1
11 0 4 1 1 2 5 1 1
11 0 6 1 1 2 5 1 1
11 1 0 1 1 2 5 1 1
11 1 2 1 1 2 5 1 1
11 1 4 1 1 2 5 1 1
11 1 6 1 1 2 5 1 1
11 2 0 1 1 2 5 1 1
11 2 2 1 1 2 5 1 1
11 2 4 1 1 2 5 1 1
11 2 6 1 1 2 5 1 1
11 3 0 1 1 2 5 1 1
11 3 2 1 1 2 5 1 1
11 3 4 1 1 2 5 1 1
11 3 6 1 1 2 5 1 1
11 4 0 1 1 2 5 1 1
11 4 2 1 1 2 5 1 1
11 4 4 1 1 2 5 1 1
11 4 6 1 1 2 5 1 1
11 5 0 1 1 2 5 1 1
11 5 2 1 1 2 5 1 1
11 5 4 1 1 2 5 1 1
11 5 6 1 1 2 5 1 1
11 6 0 1 1 2 5 1 1
11 6 2 1 1 2 5 1 1
11 6 4 1 1 2 5 1 1
11 6 6 1 1 2 5 1 1
11 7 0 1 1 2 5 1 1
11 7 2 1 1 2 5 1 1
11 7 4 1 1 2 5 1 1
11 7 6 1 1 2 5 1 1
11 8 0 1 1 2 5 1 1
11 8 2 1 1 2 5 1 1
11 8 4 1 1 2 5 1 1
11 8 6 1 1 2 5 1 1
11 9 0 1 1 2 5 1 1
11 9 2 1 1 2 5 1 1
11 9 4 1 1 2 5 1 1
11 9 6 1 1 2 5 1 1
11 10 0 1 1 2 5 1 1
11 10 2 1 1 2 5 1 1
11 10 4 1 1 2 5 1 1
11 10 6 1 1 2 5 1 1
11 11 0 1 1 2 5 1 1
11 11 2 1 1 2 5 1 1
11 11 4 1 1 2 5 1 1
11 11 6 1 1 2 5 1 1
12 0 0 1 1 2 5 1 1
12 0 2 1 1 2 5 1 1
12 0 4 1 1 2 5 1 1
12 0 6 1 1 2 5 1 1
12 1 0 1 1 2 5 1 1
12 1 2 1 1 2 5 1 1
12 1 4 1 1 2 5 1 1
12 1 6 1 1 2 5 1 1
12 2 0 1 1 2 5 1 1
12 2 2 1 1 2 5 1 1
12 2 4 1 1 2 5 1 1
12 2 6 1 1 2 5 1 1
12 3 0 1 1 2 5 1 1
12 3 2 1 1 2 5 1 1
12 3 4 1 1 2 5 1 1
12 3 6 1 1 2 5 1 1
12 4 0 1 1 2 5 1 1
12 4 2 1 1 2 5 1 1
12 4 4 1 1 2 5 1 1
12 4 6 1 1 2 5 1 1
12 5 0 1 1 2 5 1 1
12 5 2 1 1 2 5 1 1
12 5 4 1 1 2 5 1 1
12 5 6 1 1 2 5 1 1
12 6 0 1 1 2 5 1 1
12 6 2 1 1 2 5 1 1
12 6 4 1 1 2 5 1 1
12 6 6 1 1 2 5 1 1
12 7 0 1 1 2 5 1 1
12 7 2 1 1 2 5 1 1
12 7 4 1 1 2 5 1 1
12 7 6 1 1 2 5 1 1
12 8 0 1 1 2 5 1 1
12 8 2 1 1 2 5 1 1
12 8 4 1 1 2 5 1 1
12 8 6 1 1 2 5 1 1
12 9 0 1 1 2 5 1 1
12 9 2 1 1 2 5 1 1
12 9 4 1 1 2 5 1 1
12 9 6 1 1 2 5 1 1
12 10 0 1 1 2 5 1 1
12 10 2 1 1 2 5 1 1
12 10 4 1 1 2 5 1 1
12 10 6 1 1 2 5 1 1
12 11 0 1 1 2 5 1 1
12 11 2 1 1 2 5 1 1
12 11 4 1 1 2 5 1 1
12 11 6 1 1 2 5 1 1
13 0 0 1 1 2 5 1 1
13 0 2 1 1 2 5 1 1
13 0 4 1 1 2 5 1 1
13 0 6 1 1 2 5 1 1
13 1 0 1 1 2 5 1 1
13 1 2 1 1 2 5 1 1
13 1 4 1 1 2 5 1 1
13 1 6 1 1 2 5 1 1
13 2 0 1 1 2 5 1 1
13 2 2 1 1 2 5 1 1
13 2 4 1 1 2 5 1 1
13 2 6 1 1 2 5 1 1
13 3 0 1 1 2 5 1 1
13 3 2 1 1 2 5 1 1
13 3 4 1 1 2 5 1 1
13 3 6 1 1 2 5 1 1
13 4 0 1 1 2 5 1 1
13 4 2 1 1 2 5 1 1
13 4 4 1 1 2 5 1 1
13 4 6 1 1 2 5 1 1
13 5 0 1 1 2 5 1 1
13 5 2 1 1 2 5 1 1
13 5 4 1 1 2 5 1 1
13 5 6 1 1 2 5 1 1
13 6 0 1 1 2 5 1 1
13 6 2 1 1 2 5 1 1
13 6 4 1 1 2 5 1 1
13 6 6 1 1 2 5 1 1
13 7 0 1 1 2 5 1 1
13 7 2 1 1 2 5 1 1
13 7 4 1 1 2 5 1 1
13 7 6 1 1 2 5 1 1
13 8 0 1 1 2 5 1 1
13 8 2 1 1 2 5 1 1
13 8 4 1 1 2 5 1 1
13 8 6 1 1 2 5 1 1
13 9 0 1 1 2 5 1 1
13 9 2 1 1 2 5 1 1
13 9 4 1 1 2 5 1 1
13 9 6 1 1 2 5 1 1
13 10 0 1 1 2 5 1 1
13 10 2 1 1 2 5 1 1
13 10 4 1 1 2 5 1 1
13 10 6 1 1 2 5 1 1
13 11 0 1 1 2 5 1 1
13 11 2 1 1 2 5 1 1
13 11 4 1 1 2 5 1 1
13 11 6 1 1 2 5 1 1
14 0 0 1 1 2 5 1 1
14 0 2 1 1 2 5 1 1
14 0 4 1 1 2 5 1 1
14 0 6 1 1 2 5 1 1
14 1 0 1 1 2 5 1 1
14 1 2 1 1 2 5 1 1
14 1 4 1 1 2 5 1 1
14 1 6 1 1 2 5 1 1
14 2 0 1 1 2 5 1 1
14 2 2 1 1 2 5 1 1
14 2 4 1 1 2 5 1 1
14 2 6 1 1 2 5 1 1
14 3 0 1 1 2 5 1 1
14 3 2 1 1 2 5 1 1
14 3 4 1 1 2 5 1 1
14 3 6 1 1 2 5 1 1
14 4 0 1 1 2 5 1 1
14 4 2 1 1 2 5 1 1
14 4 4 1 1 2 5 1 1
14 4 6 1 1 2 5 1 1
14 5 0 1 1 2 5 1 1
14 5 2 1 1 2 5 1 1
14 5 4 1 1 2 5 1 1
14 5 6 1 1 2 5 1 1
14 6 0 1 1 2 5 1 1
14 6 2 1 1 2 5 1 1
14 6 4 1 1 2 5 1 1
14 6 6 1 1 2 5 1 1
14 7 0 1 1 2 5 1 1
14 7 2 1 1 2 5 1 1
14 7 4 1 1 2 5 1 1
14 7 6 1 1 2 5 1 1
14 8 0 1 1 2 5 1 1
14 8 2 1 1 2 5 1 1
14 8 4 1 1 2 5 1 1
14 8 6 1 1 2 5 1 1
14 9 0 1 1 2 5 1 1
14 9 2 1 1 2 5 1 1
14 9 4 1 1 2 5 1 1
14 9 6 1 1 2 5 1 1
14 10 0 1 1 2 5 1 1
14 10 2 1 1 2 5 1 1
14 10 4 1 1 2 5 1 1
14 10 6 1 1 2 5 1 1
14 11 0 1 1 2 5 1 1
14 11 2 1 1 2 5 1 1
14 11 4 1 1 2 5 1 1
14 11 6 1 1 2 5 1 1
15 0 0 1 1 2 5 1 1
15 0 2 1 1 2 5 1 1
15 0 4 1 1 2 5 1 1
15 0 6 1 1 2 5 1 1
15 1 0 1 1 2 5 1 1
15 1 2 1 1 2 5 1 1
15 1 4 1 1 2 5 1 1
15 1 6 1 1 2 5 1 1
15 2 0 1 1 2 5 1 1
15 2 2 1 1 2 5 1 1
15 2 4 1 1 2 5 1 1
15 2 6 1 1 2 5 1 1
15 3 0 1 1 2 5 1 1
15 3 2 1 1 2 5 1 1
15 3 4 1 1 2 5 1 1
15 3 6 1 1 2 5 1 1
15 4 0 1 1 2 5 1 1
15 4 2 1 1 2 5 1 1
15 4 4 1 1 2 5 1 1
15 4 6 1 1 2 5 1 1
15 5 0 1 1 2 5 1 1
15 5 2 1 1 2 5 1 1
15 5 4 1 1 2 5 1 1
15 5 6 1 1 2 5 1 1
15 6 0 1 1 2 5 1 1
15 6 2 1 1 2 5 1 1
15 6 4 1 1 2 5 1 1
15 6 6 1 1 2 5 1 1
15 7 0 1 1 2 5 1 1
15 7 2 1 1 2 5 1 1
15 7 4 1 1 2 5 1 1
15 7 6 1 1 2 5 1 1
15 8 0 1 1 2 5 1 1
15 8 2 1 1 2 5 1 1
15 8 4 1 1 2 5 1 1
15 8 6 1 1 2 5 1 1
15 9 0 1 1 2 5 1 1
15 9 2 1 1 2 5 1 1
15 9 4 1 1 2 5 1 1
15 9 6 1 1 2 5 1 1
15 10 0 1 1 2 5 1 1
15 10 2 1 1 2 5 1 1
15 10 4 1 1 2 5 1 1
15 10 6 1 1 2 5 1 1
15 11 0 1 1 2 5 1 1
15 11 2 1 1 2 5 1 1
15 11 4 1 1 2 5 1 1
15 11 6 1 1 2 5 1 1
0 12 0 1 1 2 5 1 2
0 12 2 1 1 2 5 1 2
0 12 4 1 1 2 5 1 2
0 12 6 1 1 2 5 1 2
0 13 0 1 1 2 5 1 2
0 13 2 1 1 2 5 1 2
0 13 4 1 1 2 5 1 2
0 13 6 1 1 2 5 1 2
0 14 0 1 1 2 5 1 2
0 14 2 1 1 2 5 1 2
0 14 4 1 1 2 5 1 2
0 14 6 1 1 2 5 1 2
0 15 0 1 1 2 5 1 2
0 15 2 1 1 2 5 1 2
0 15 4 1 1 2 5 1 2
0 15 6 1 1 2 5 1 2
0 16 0 1 1 2 5 1 2
0 16 2 1 1 2 5 1 2
0 16 4 1 1 2 5 1 2
0 16 6 1 1 2 5 1 2
0 17 0 1 1 2 5 1 2
0 17 2 1 1 2 5 1 2
0 17 4 1 1 2 5 1 2
0 17 6 1 1 2 5 1 2
0 18 0 1 1 2 5 1 2
0 18 2 1 1 2 5 1 2
0 18 4 1 1 2 5 1 2
0 18 6 1 1 2 5 1 2
0 19 0 1 1 2 5 1 2
0 19 2 1 1 2 5 1 2
0 19 4 1 1 2 5 1 2
0 19 6 1 1 2 5 1 2
1 12 0 1 1 2 5 1 2
1 12 2 1 1 2 5 1 2
1 12 4 1 1 2 5 1 2
1 12 6 1 1 2 5 1 2
1 13 0 1 1 2 5 1 2
1 13 2 1 1 2 5 1 2
1 13 4 1 1 2 5 1 2
1 13 6 1 1 2 5 1 2
1 14 0 1 1 2 5 1 2
1 14 2 1 1 2 5 1 2
1 14 4 1 1 2 5 1 2
1 14 6 1 1 2 5 1 2
1 15 0 1 1 2 5 1 2
1 15 2 1 1 2 5 1 2
1 15 4 1 1 2 5 1 2
1 15 6 1 1 2 5 1 2
1 16 0 1 1 2 5 1 2
1 16 2 1 1 2 5 1 2
1 16 4 1 1 2 5 1 2
1 16 6 1 1 2 5 1 2
1 17 0 1 1 2 5 1 2
1 17 2 1 1 2 5 1 2
1 17 4 1 1 2 5 1 2
1 17 6 1 1 2 5 1 2
1 18 0 1 1 2 5 1 2
1 18 2 1 1 2 5 1 2
1 18 4 1 1 2 5 1 2
1 18 6 1 1 2 5 1 2
1 19 0 1 1 2 5 1 2
1 19 2 1 1 2 5 1 2
1 19 4 1 1 2 5 1 2
1 19 6 1 1 2 5 1 2
2 12 0 1 1 2 5 1 2
2 12 2 1 1 2 5 1 2
2 12 4 1 1 2 5 1 2
