
Gurobi 12.0.2 (win64) logging started Sat Dec  6 16:08:31 2025

Set parameter LogFile to value "resultados DATA_1_n10m05b2d2\instancia_3_log.txt"
Gurobi Optimizer version 12.0.2 build v12.0.2rc0 (win64 - Windows 10.0 (19045.2))

CPU model: Intel(R) Core(TM) i5-6300U CPU @ 2.40GHz, instruction set [SSE2|AVX|AVX2]
Thread count: 2 physical cores, 4 logical processors, using up to 4 threads

Non-default parameters:
TimeLimit  3600

Optimize a model with 2076 rows, 3552 columns and 7464 nonzeros
Model fingerprint: 0xe2ee5be3
Variable types: 72 continuous, 3480 integer (3480 binary)
Coefficient statistics:
  Matrix range     [1e+00, 1e+03]
  Objective range  [2e-02, 1e-01]
  Bounds range     [1e+00, 1e+00]
  RHS range        [1e+00, 1e+03]
Found heuristic solution: objective 0.0320000
Presolve removed 190 rows and 1918 columns
Presolve time: 0.06s
Presolved: 1886 rows, 1634 columns, 6848 nonzeros
Variable types: 72 continuous, 1562 integer (1562 binary)

Root relaxation: objective 1.232000e+00, 544 iterations, 0.00 seconds (0.00 work units)

    Nodes    |    Current Node    |     Objective Bounds      |     Work
 Expl Unexpl |  Obj  Depth IntInf | Incumbent    BestBd   Gap | It/Node Time

     0     0    1.23200    0   18    0.03200    1.23200  3750%     -    0s
H    0     0                       0.8040000    1.23200  53.2%     -    0s
H    0     0                       0.8280000    1.23200  48.8%     -    0s
     0     0    1.23200    0  111    0.82800    1.23200  48.8%     -    0s
     0     0    1.23200    0   99    0.82800    1.23200  48.8%     -    0s
     0     0    1.23200    0   16    0.82800    1.23200  48.8%     -    0s
     0     0    1.23200    0   24    0.82800    1.23200  48.8%     -    0s
     0     0    1.23200    0   14    0.82800    1.23200  48.8%     -    0s
H    0     0                       0.8360000    1.23200  47.4%     -    0s
     0     0    1.23200    0   16    0.83600    1.23200  47.4%     -    0s
     0     0    1.23200    0   18    0.83600    1.23200  47.4%     -    0s
     0     0    1.23200    0   40    0.83600    1.23200  47.4%     -    0s
     0     0    1.23200    0   28    0.83600    1.23200  47.4%     -    0s
     0     0    1.23200    0   34    0.83600    1.23200  47.4%     -    0s
     0     0    1.23200    0   16    0.83600    1.23200  47.4%     -    0s
     0     0    1.23200    0   16    0.83600    1.23200  47.4%     -    0s
H    0     0                       0.8840000    1.23200  39.4%     -    0s
     0     2    1.23200    0   16    0.88400    1.23200  39.4%     -    0s
H  176   190                       0.9080000    1.23200  35.7%  30.7    1s
  1029   577    1.01600   34   16    0.90800    1.23200  35.7%  23.1    5s
H 3318  1547                       0.9260000    1.08800  17.5%  22.9    8s
H 4132  2086                       0.9500000    1.08800  14.5%  20.7    9s
  4640  2351    0.99800   56   32    0.95000    1.08800  14.5%  19.8   10s
 10482  7245    0.99800  143   16    0.95000    1.07000  12.6%  14.6   15s
 17396 11936    0.99800   42   39    0.95000    1.07000  12.6%  12.5   20s
 20774 14431    0.99800   83   24    0.95000    1.07000  12.6%  12.2   30s
 26012 18266    0.97400  115    2    0.95000    1.07000  12.6%  11.7   35s
 33039 22651    0.97400   34   15    0.95000    1.04600  10.1%  11.6   40s
 39158 24493    0.99800  113    8    0.95000    0.99800  5.05%  11.8   45s
 44904 26117 infeasible   80         0.95000    0.99800  5.05%  12.0   50s
 51599 27324 infeasible   81         0.95000    0.99800  5.05%  12.2   55s
 58355 28227 infeasible   86         0.95000    0.99800  5.05%  12.4   60s
 64725 28934    0.99800  103    4    0.95000    0.99800  5.05%  12.4   65s
 68554 29162     cutoff  120         0.95000    0.99800  5.05%  12.5   70s
 74730 29542    0.99800   85   18    0.95000    0.99800  5.05%  12.6   75s
 80301 29822 infeasible   94         0.95000    0.99800  5.05%  12.8   80s
 85069 30643 infeasible  102         0.95000    0.99800  5.05%  12.9   85s
 91200 31524    0.99800  115    7    0.95000    0.99800  5.05%  13.0   90s
 96044 32270 infeasible  126         0.95000    0.99800  5.05%  13.2   95s
 101376 33165 infeasible   92         0.95000    0.99800  5.05%  13.2  100s
 107068 33864    0.99800  102    7    0.95000    0.99800  5.05%  13.2  105s
 112783 34398    0.97400  112    2    0.95000    0.99800  5.05%  13.3  110s
 119171 35452    0.99800   55   22    0.95000    0.99800  5.05%  13.2  115s
 124098 37190 infeasible   97         0.95000    0.99800  5.05%  13.3  120s
 129504 38313    0.99800  113   15    0.95000    0.99800  5.05%  13.3  125s
 135229 39370 infeasible  108         0.95000    0.99800  5.05%  13.5  130s
 140052 40374 infeasible   85         0.95000    0.99800  5.05%  13.6  135s
 143860 41091 infeasible  121         0.95000    0.99800  5.05%  13.8  140s
 148294 41746    0.99800  116   15    0.95000    0.99800  5.05%  13.9  145s
 152221 42360    0.99800  112    8    0.95000    0.99800  5.05%  14.1  150s
 156142 43071 infeasible   97         0.95000    0.99800  5.05%  14.2  155s
 160675 43858    0.99800  104    9    0.95000    0.99800  5.05%  14.3  160s
 165910 44737    0.99800  115    8    0.95000    0.99800  5.05%  14.4  165s
 170490 45280    0.99800  105   18    0.95000    0.99800  5.05%  14.6  170s
 175072 46077    0.99800   90    8    0.95000    0.99800  5.05%  14.7  175s
 180110 47270    0.99800  116    4    0.95000    0.99800  5.05%  14.7  180s
 185773 48153    0.99800   94    4    0.95000    0.99800  5.05%  14.8  185s
 188566 48554 infeasible  102         0.95000    0.99800  5.05%  14.9  190s
 191213 49114    0.99800  117    6    0.95000    0.99800  5.05%  14.9  195s
 195401 50053    0.99800  108    6    0.95000    0.99800  5.05%  15.0  200s
 199578 50802 infeasible  107         0.95000    0.99800  5.05%  15.1  205s
 203813 51477 infeasible  119         0.95000    0.99800  5.05%  15.1  210s
 208127 52183    0.99800  105   12    0.95000    0.99800  5.05%  15.2  215s
 211884 52646 infeasible  113         0.95000    0.99800  5.05%  15.2  220s
 216409 53425    0.99800   98   14    0.95000    0.99800  5.05%  15.3  225s
 220326 53886    0.99800  104    4    0.95000    0.99800  5.05%  15.3  230s
 222863 54189 infeasible  104         0.95000    0.99800  5.05%  15.3  235s
 227327 54710 infeasible   96         0.95000    0.99800  5.05%  15.4  240s
 232192 55333 infeasible  110         0.95000    0.99800  5.05%  15.4  245s
 236908 55762    0.99800   97    4    0.95000    0.99800  5.05%  15.4  250s
 241418 56062 infeasible   97         0.95000    0.99800  5.05%  15.5  255s
 246425 56623    0.99800  102    8    0.95000    0.99800  5.05%  15.5  260s
 251146 57130 infeasible  114         0.95000    0.99800  5.05%  15.5  265s
 255851 57689 infeasible  107         0.95000    0.99800  5.05%  15.6  270s
 260172 58093 infeasible  105         0.95000    0.99800  5.05%  15.6  275s
 264334 59079 infeasible   88         0.95000    0.99800  5.05%  15.6  280s
 268332 60043 infeasible  116         0.95000    0.99800  5.05%  15.6  285s
 273322 60673 infeasible   81         0.95000    0.99800  5.05%  15.6  290s
 277664 61100    0.99800  122    8    0.95000    0.99800  5.05%  15.5  295s
 282476 61468 infeasible   98         0.95000    0.99800  5.05%  15.5  300s
 288211 62153 infeasible  119         0.95000    0.99800  5.05%  15.5  305s
 294730 62824 infeasible  129         0.95000    0.99800  5.05%  15.4  310s
 300711 63452 infeasible  126         0.95000    0.99800  5.05%  15.4  315s
 307182 64112    0.99800  105    6    0.95000    0.99800  5.05%  15.4  320s
 312334 64715    0.97400  117    2    0.95000    0.99800  5.05%  15.4  325s
 317643 66131    0.97400  104    9    0.95000    0.99800  5.05%  15.3  330s
 322759 67973 infeasible  110         0.95000    0.99800  5.05%  15.3  335s
 327314 69111 infeasible  103         0.95000    0.99800  5.05%  15.3  340s
 332455 70302    0.97400  129    2    0.95000    0.99800  5.05%  15.3  345s
 337531 71522    0.99800  121    4    0.95000    0.99800  5.05%  15.3  350s
 342052 72673 infeasible   94         0.95000    0.99800  5.05%  15.4  355s
 346744 73778 infeasible  109         0.95000    0.99800  5.05%  15.4  360s
 352159 74388    0.99800  117    4    0.95000    0.99800  5.05%  15.4  365s
 357172 75029 infeasible  103         0.95000    0.99800  5.05%  15.4  370s
 360821 75623 infeasible   97         0.95000    0.99800  5.05%  15.4  375s
 365518 76611    0.99800  101    6    0.95000    0.99800  5.05%  15.4  380s
 369610 77391    0.99800  114    8    0.95000    0.99800  5.05%  15.4  385s
 374241 78213    0.99800  116    8    0.95000    0.99800  5.05%  15.4  390s
 378287 78860 infeasible  120         0.95000    0.99800  5.05%  15.4  395s
 384122 80358    0.99800  113    8    0.95000    0.99800  5.05%  15.4  400s
 388718 81340    0.99800  112   12    0.95000    0.99800  5.05%  15.4  405s
 394646 82510 infeasible  108         0.95000    0.99800  5.05%  15.4  410s
 401034 83529    0.99800  119    4    0.95000    0.99800  5.05%  15.4  415s
 407526 84494    0.99800  111    7    0.95000    0.99800  5.05%  15.4  420s
 413308 85486    0.99800  103   19    0.95000    0.99800  5.05%  15.4  425s
 419145 86272    0.99800  112    6    0.95000    0.99800  5.05%  15.4  430s
 424394 86890    0.99800  104   14    0.95000    0.99800  5.05%  15.4  435s
 427159 87222    0.99800  102    4    0.95000    0.99800  5.05%  15.4  440s
 432341 88033 infeasible  109         0.95000    0.99800  5.05%  15.4  445s
 436570 88595 infeasible  109         0.95000    0.99800  5.05%  15.4  450s
 440823 89012 infeasible  104         0.95000    0.99800  5.05%  15.5  455s
 445694 89603    0.99800  110    6    0.95000    0.99800  5.05%  15.5  460s
 450355 90091 infeasible  119         0.95000    0.99800  5.05%  15.5  465s
 454110 90572    0.99800  118    4    0.95000    0.99800  5.05%  15.5  470s
 458327 91169 infeasible  103         0.95000    0.99800  5.05%  15.5  475s
 463319 91651 infeasible  115         0.95000    0.99800  5.05%  15.5  480s
 467570 92366    0.97400  111   10    0.95000    0.99800  5.05%  15.5  485s
 473510 93198 infeasible  120         0.95000    0.99800  5.05%  15.5  490s
 479185 93962    0.99800  102    9    0.95000    0.99800  5.05%  15.5  495s
 484448 95067 infeasible  108         0.95000    0.99800  5.05%  15.6  500s
 489633 96055    0.99800  114    6    0.95000    0.99800  5.05%  15.6  510s
 497557 96891    0.99800  114   12    0.95000    0.99800  5.05%  15.6  515s
 503044 97875    0.99800  119   18    0.95000    0.99800  5.05%  15.6  520s
 508502 98591 infeasible   90         0.95000    0.99800  5.05%  15.6  525s
 513836 99448 infeasible  131         0.95000    0.99800  5.05%  15.6  530s
 519840 100539    0.99800  130    5    0.95000    0.99800  5.05%  15.6  535s
 524004 101208 infeasible  113         0.95000    0.99800  5.05%  15.6  540s
 528971 102201 infeasible  119         0.95000    0.99800  5.05%  15.7  545s
 534563 102920    0.99800  112    6    0.95000    0.99800  5.05%  15.7  550s
 540511 104224 infeasible   99         0.95000    0.99800  5.05%  15.6  555s
 544589 105041 infeasible  113         0.95000    0.99800  5.05%  15.6  560s
 548306 105792 infeasible  120         0.95000    0.99800  5.05%  15.6  565s
 552299 106599    0.97400  111    3    0.95000    0.99800  5.05%  15.6  570s
 555262 107007    0.99800  116    8    0.95000    0.99800  5.05%  15.6  575s
 558838 107708    0.99800  113   14    0.95000    0.99800  5.05%  15.6  580s
 562765 108592 infeasible  130         0.95000    0.99800  5.05%  15.6  585s
 567380 109340    0.99800  109    6    0.95000    0.99800  5.05%  15.6  590s
 572808 110399    0.99800  115    6    0.95000    0.99800  5.05%  15.6  595s
 578231 111358 infeasible  121         0.95000    0.99800  5.05%  15.6  600s
 583576 112196 infeasible  100         0.95000    0.99800  5.05%  15.7  605s
 589115 113253    0.99800  112    4    0.95000    0.99800  5.05%  15.7  610s
 595007 114501    0.99800  106   12    0.95000    0.99800  5.05%  15.7  615s
 600311 115222 infeasible  101         0.95000    0.99800  5.05%  15.7  620s
 605024 115792    0.99800  107    6    0.95000    0.99800  5.05%  15.7  625s
 610664 116901    0.99800  118    9    0.95000    0.99800  5.05%  15.7  630s
 615749 118075 infeasible  112         0.95000    0.99800  5.05%  15.7  635s
 621565 119038    0.99800  112   16    0.95000    0.99800  5.05%  15.7  640s
 626575 119867    0.97400   96    6    0.95000    0.99800  5.05%  15.7  645s
 632195 120529    0.99800  111    6    0.95000    0.99800  5.05%  15.7  650s
 637857 121294 infeasible  116         0.95000    0.99800  5.05%  15.7  655s
 643680 121529 infeasible  119         0.95000    0.99800  5.05%  15.7  660s
 647584 121867    0.99800   94   16    0.95000    0.99800  5.05%  15.7  665s
 650461 122067    0.99800  121   10    0.95000    0.99800  5.05%  15.7  670s
 652367 122227 infeasible   81         0.95000    0.99800  5.05%  15.7  675s
 656504 122655 infeasible  115         0.95000    0.99800  5.05%  15.7  680s
 660528 123302    0.99800  113    6    0.95000    0.99800  5.05%  15.7  685s
 664088 123929 infeasible  106         0.95000    0.99800  5.05%  15.7  690s
 669296 124477    0.97400  126    2    0.95000    0.99800  5.05%  15.7  695s
 674877 125385    0.99800  108    8    0.95000    0.99800  5.05%  15.7  700s
 680743 125797 infeasible  115         0.95000    0.99800  5.05%  15.7  705s
 685657 126015 infeasible  118         0.95000    0.99800  5.05%  15.7  710s
 690795 126487    0.99800  116   10    0.95000    0.99800  5.05%  15.7  715s
 694168 126710    0.99800  114    8    0.95000    0.99800  5.05%  15.7  720s
 699239 126864    0.99800  114    6    0.95000    0.99800  5.05%  15.7  725s
 704779 127382 infeasible  121         0.95000    0.99800  5.05%  15.7  730s
 710272 128243    0.99800  127    7    0.95000    0.99800  5.05%  15.7  735s
 715422 128762 infeasible  124         0.95000    0.99800  5.05%  15.7  740s
 721743 129280 infeasible  108         0.95000    0.99800  5.05%  15.7  745s
 725816 129989 infeasible  111         0.95000    0.99800  5.05%  15.7  750s
 729995 130819    0.99800  111    5    0.95000    0.99800  5.05%  15.7  755s
 734469 131522 infeasible  119         0.95000    0.99800  5.05%  15.7  760s
 737330 131697    0.99800  117    4    0.95000    0.99800  5.05%  15.7  765s
 741239 132359    0.99800  130    6    0.95000    0.99800  5.05%  15.7  770s
 746398 132991    0.97400  114    4    0.95000    0.99800  5.05%  15.7  775s
 752471 133752 infeasible   77         0.95000    0.99800  5.05%  15.7  780s
 757831 134312 infeasible  121         0.95000    0.99800  5.05%  15.7  785s
 762234 134568 infeasible  113         0.95000    0.99800  5.05%  15.7  790s
 767803 135255 infeasible  110         0.95000    0.99800  5.05%  15.7  795s
 772936 136024 infeasible  108         0.95000    0.99800  5.05%  15.7  800s
 777736 136480    0.99800  116    6    0.95000    0.99800  5.05%  15.7  805s
 782643 136978    0.99800   97    4    0.95000    0.99800  5.05%  15.7  810s
 788850 139324    0.99800   99   12    0.95000    0.99800  5.05%  15.7  815s
 794569 140832 infeasible  109         0.95000    0.99800  5.05%  15.7  820s
 799608 142127    0.99800  101    5    0.95000    0.99800  5.05%  15.7  825s
 804126 142917 infeasible  132         0.95000    0.99800  5.05%  15.7  830s
 809719 143861    0.97400   91    6    0.95000    0.99800  5.05%  15.7  835s
 815351 145005    0.99800  116    4    0.95000    0.99800  5.05%  15.6  840s
 821230 146092    0.99800  117    4    0.95000    0.99800  5.05%  15.6  845s
 825176 146686 infeasible  108         0.95000    0.99800  5.05%  15.6  850s
 828450 146976 infeasible  135         0.95000    0.99800  5.05%  15.6  855s
 832249 147182 infeasible  113         0.95000    0.99800  5.05%  15.6  860s
 836194 147309 infeasible  110         0.95000    0.99800  5.05%  15.6  865s
 840629 148012    0.99800  109    8    0.95000    0.99800  5.05%  15.6  870s
 842907 148263 infeasible  120         0.95000    0.99800  5.05%  15.6  875s
 846587 148529    0.99800  104    4    0.95000    0.99800  5.05%  15.7  880s
 851346 149040    0.99800  113    4    0.95000    0.99800  5.05%  15.7  885s
 855010 149557 infeasible  112         0.95000    0.99800  5.05%  15.7  890s
 859549 149984 infeasible  113         0.95000    0.99800  5.05%  15.7  895s
 864133 150466    0.99800  107   10    0.95000    0.99800  5.05%  15.7  900s
 869108 151206 infeasible  101         0.95000    0.99800  5.05%  15.7  905s
 873659 151831 infeasible  109         0.95000    0.99800  5.05%  15.7  910s
 875376 152404    0.99800  102    8    0.95000    0.99800  5.05%  15.7  918s
 879843 152479 infeasible  129         0.95000    0.99800  5.05%  15.7  920s
 884322 152911    0.99800  117    6    0.95000    0.99800  5.05%  15.7  925s
 887496 153368 infeasible  133         0.95000    0.99800  5.05%  15.7  930s
 891956 154001 infeasible  123         0.95000    0.99800  5.05%  15.7  935s
 896338 154881    0.99800  103   28    0.95000    0.99800  5.05%  15.7  940s
 900784 155460    0.99800   43    7    0.95000    0.99800  5.05%  15.7  945s
 905140 156031    0.99800  106    4    0.95000    0.99800  5.05%  15.7  950s
 910656 156477 infeasible  104         0.95000    0.99800  5.05%  15.7  955s
 915306 156817    0.99800  103   14    0.95000    0.99800  5.05%  15.7  960s
 920740 157339    0.99800  117    4    0.95000    0.99800  5.05%  15.7  965s
 926212 158020 infeasible  134         0.95000    0.99800  5.05%  15.7  970s
 932535 158735 infeasible  113         0.95000    0.99800  5.05%  15.7  975s
 937870 159131    0.99800  114    6    0.95000    0.99800  5.05%  15.7  980s
 944125 159477    0.97400  119   10    0.95000    0.99800  5.05%  15.6  985s
 949374 160624    0.99800  103   16    0.95000    0.99800  5.05%  15.7  990s
 954974 161428 infeasible  113         0.95000    0.99800  5.05%  15.7  995s
 960468 162055    0.99800  106    9    0.95000    0.99800  5.05%  15.7 1000s
 966429 162772    0.99800   98   12    0.95000    0.99800  5.05%  15.7 1005s
 972232 163698    0.99800  137    6    0.95000    0.99800  5.05%  15.7 1010s
 978125 164998    0.99800  133    4    0.95000    0.99800  5.05%  15.7 1015s
 984362 166176    0.99800  128   14    0.95000    0.99800  5.05%  15.7 1020s
 989205 166814    0.99800  131    4    0.95000    0.99800  5.05%  15.7 1025s
 995009 167534    0.99800  108   16    0.95000    0.99800  5.05%  15.7 1030s
 1001009 168316 infeasible  127         0.95000    0.99800  5.05%  15.7 1035s
 1007018 168822    0.99800  108    8    0.95000    0.99800  5.05%  15.7 1040s
 1013458 169639 infeasible  116         0.95000    0.99800  5.05%  15.7 1045s
 1019093 170340    0.99800  105   12    0.95000    0.99800  5.05%  15.7 1050s
 1025147 170743    0.99800   92    6    0.95000    0.99800  5.05%  15.7 1055s
 1031180 171218    0.99800   86    8    0.95000    0.99800  5.05%  15.7 1060s
 1037413 171384    0.99800  111   15    0.95000    0.99800  5.05%  15.7 1065s
 1040955 171614    0.99800  119   10    0.95000    0.99800  5.05%  15.7 1070s
 1047419 172417 infeasible  118         0.95000    0.99800  5.05%  15.6 1075s
 1053324 173067    0.99800   99    6    0.95000    0.99800  5.05%  15.6 1080s
 1057307 173462    0.97400  124    2    0.95000    0.99800  5.05%  15.6 1085s
 1062810 173977    0.97400  118    2    0.95000    0.99800  5.05%  15.6 1090s
 1068623 174511    0.99800  109    6    0.95000    0.99800  5.05%  15.6 1095s
 1074571 174875 infeasible  104         0.95000    0.99800  5.05%  15.6 1100s
 1080436 175057    0.99800  117    4    0.95000    0.99800  5.05%  15.6 1105s
 1086687 175465 infeasible  122         0.95000    0.99800  5.05%  15.6 1110s
 1092552 175776 infeasible   94         0.95000    0.99800  5.05%  15.6 1115s
 1098441 176159    0.99800  118    5    0.95000    0.99800  5.05%  15.6 1120s
 1103944 176418    0.99800  119    4    0.95000    0.99800  5.05%  15.6 1125s
 1109947 176729 infeasible  137         0.95000    0.99800  5.05%  15.6 1130s
 1115963 177056    0.99800  106    6    0.95000    0.99800  5.05%  15.6 1135s
 1121996 177052    0.99800  116    8    0.95000    0.99800  5.05%  15.6 1140s
 1128349 177306    0.99800  116    6    0.95000    0.99800  5.05%  15.6 1145s
 1134306 177752    0.99800  127    4    0.95000    0.99800  5.05%  15.6 1150s
 1139537 178095    0.99800  109   15    0.95000    0.99800  5.05%  15.6 1155s
 1146083 178670    0.99800  117    8    0.95000    0.99800  5.05%  15.6 1160s
 1151479 179150 infeasible  124         0.95000    0.99800  5.05%  15.6 1165s
 1157788 179583    0.99800  107   12    0.95000    0.99800  5.05%  15.6 1170s
 1163656 179975    0.97400  116    3    0.95000    0.99800  5.05%  15.6 1175s
 1169637 180447    0.99800  128    9    0.95000    0.99800  5.05%  15.6 1180s
 1175558 180961 infeasible  114         0.95000    0.99800  5.05%  15.6 1185s
 1181508 181667 infeasible  129         0.95000    0.99800  5.05%  15.6 1190s
 1186869 181937    0.99800  113    4    0.95000    0.99800  5.05%  15.6 1195s
 1192581 182065    0.99800  114   10    0.95000    0.99800  5.05%  15.6 1200s
 1198926 182286    0.99800  131   11    0.95000    0.99800  5.05%  15.6 1205s
 1204947 182461    0.99800  103    4    0.95000    0.99800  5.05%  15.6 1210s
 1211038 182939 infeasible  128         0.95000    0.99800  5.05%  15.6 1215s
 1216362 183410 infeasible  121         0.95000    0.99800  5.05%  15.6 1220s
 1222220 183838 infeasible  100         0.95000    0.99800  5.05%  15.6 1225s
 1228217 184491    0.99800  114    4    0.95000    0.99800  5.05%  15.6 1230s
 1234272 184767    0.99800  113    5    0.95000    0.99800  5.05%  15.6 1235s
 1238304 185318    0.99800  129    6    0.95000    0.99800  5.05%  15.6 1240s
 1243658 186477    0.97400  131    2    0.95000    0.99800  5.05%  15.6 1245s
 1249552 187257    0.99800  118   12    0.95000    0.99800  5.05%  15.6 1250s
 1254846 187877 infeasible  114         0.95000    0.99800  5.05%  15.6 1255s
 1260551 191190    0.97400   77   26    0.95000    0.99800  5.05%  15.6 1260s
 1266736 194500    0.99800   96   18    0.95000    0.99800  5.05%  15.6 1265s
 1272993 197567    0.99800  119   16    0.95000    0.99800  5.05%  15.6 1270s
 1277500 199322    0.97400  117   10    0.95000    0.99800  5.05%  15.6 1275s
 1282482 201256    0.99800  110   19    0.95000    0.99800  5.05%  15.6 1280s
 1287576 203242    0.99800  117   26    0.95000    0.99800  5.05%  15.6 1285s
 1293096 205251    0.99800  128   12    0.95000    0.99800  5.05%  15.6 1290s
 1298927 207349 infeasible   94         0.95000    0.99800  5.05%  15.6 1295s
 1304809 209432    0.99800   83    4    0.95000    0.99800  5.05%  15.6 1300s
 1309806 211332    0.99800   76    6    0.95000    0.99800  5.05%  15.6 1305s
 1314742 213349    0.99800   85    8    0.95000    0.99800  5.05%  15.6 1310s
 1320757 215561    0.99800  116   11    0.95000    0.99800  5.05%  15.6 1315s
 1326475 217778 infeasible  103         0.95000    0.99800  5.05%  15.6 1320s
 1332679 220031 infeasible  120         0.95000    0.99800  5.05%  15.6 1325s
 1338628 222374    0.99800  124    8    0.95000    0.99800  5.05%  15.6 1330s
 1343643 223950 infeasible  108         0.95000    0.99800  5.05%  15.6 1335s
 1349449 225879    0.99800  109   17    0.95000    0.99800  5.05%  15.7 1340s
 1355663 227848 infeasible  123         0.95000    0.99800  5.05%  15.7 1345s
 1361136 229460    0.99800   82    7    0.95000    0.99800  5.05%  15.7 1350s
 1366751 230882    0.99800  105    6    0.95000    0.99800  5.05%  15.7 1355s
 1372517 232658    0.97400   98    2    0.95000    0.99800  5.05%  15.7 1360s
 1378646 234683    0.99800  110    8    0.95000    0.99800  5.05%  15.7 1365s
 1384469 236419 infeasible   97         0.95000    0.99800  5.05%  15.7 1370s
 1390321 237775    0.99800  113   11    0.95000    0.99800  5.05%  15.7 1375s
 1395994 238922    0.99800  117    6    0.95000    0.99800  5.05%  15.7 1380s
 1401843 239893    0.99800  111    8    0.95000    0.99800  5.05%  15.7 1385s
 1406853 240737 infeasible  106         0.95000    0.99800  5.05%  15.7 1390s
 1413092 242210    0.99800  126    5    0.95000    0.99800  5.05%  15.7 1395s
 1418505 243131    0.99800  100   12    0.95000    0.99800  5.05%  15.7 1400s
 1424139 244231    0.99800  117    6    0.95000    0.99800  5.05%  15.7 1405s
 1430116 245623 infeasible  109         0.95000    0.99800  5.05%  15.7 1410s
 1436082 246690 infeasible   97         0.95000    0.99800  5.05%  15.8 1415s
 1441864 247588    0.99800   88   16    0.95000    0.99800  5.05%  15.8 1420s
 1447709 248869    0.99800  101    8    0.95000    0.99800  5.05%  15.8 1425s
 1453477 249831    0.99800  105    8    0.95000    0.99800  5.05%  15.8 1430s
 1457160 250575    0.99800   87    9    0.95000    0.99800  5.05%  15.8 1435s
 1463038 251338 infeasible  123         0.95000    0.99800  5.05%  15.8 1440s
 1468686 252594 infeasible  122         0.95000    0.99800  5.05%  15.8 1445s
 1473611 253745 infeasible  111         0.95000    0.99800  5.05%  15.8 1450s
 1478348 255007 infeasible  110         0.95000    0.99800  5.05%  15.8 1455s
 1484862 256103    0.99800  109    6    0.95000    0.99800  5.05%  15.8 1460s
 1490573 257204 infeasible   93         0.95000    0.99800  5.05%  15.8 1465s
 1496497 258195 infeasible  116         0.95000    0.99800  5.05%  15.8 1470s
 1502287 259140 infeasible  122         0.95000    0.99800  5.05%  15.8 1475s
 1508260 260008 infeasible  104         0.95000    0.99800  5.05%  15.8 1480s
 1513666 260898    0.99800   88   12    0.95000    0.99800  5.05%  15.8 1485s
 1519629 261936    0.99800  113    6    0.95000    0.99800  5.05%  15.8 1490s
 1525258 263046    0.99800   93   14    0.95000    0.99800  5.05%  15.8 1495s
 1530600 264055    0.97400  120    8    0.95000    0.99800  5.05%  15.8 1500s
 1536406 265377 infeasible  124         0.95000    0.99800  5.05%  15.8 1505s
 1542110 266419 infeasible  121         0.95000    0.99800  5.05%  15.9 1510s
 1547649 267352    0.99800  129   16    0.95000    0.99800  5.05%  15.9 1515s
 1552654 268483    0.99800  111   14    0.95000    0.99800  5.05%  15.9 1520s
 1558088 269667    0.99800  106   19    0.95000    0.99800  5.05%  15.9 1525s
 1563769 271048 infeasible  107         0.95000    0.99800  5.05%  15.9 1530s
 1569226 272367 infeasible  110         0.95000    0.99800  5.05%  15.9 1535s
 1574718 273903    0.99800  108    6    0.95000    0.99800  5.05%  15.9 1540s
 1579946 274997    0.99800  120   10    0.95000    0.99800  5.05%  15.9 1545s
 1584387 275878 infeasible  117         0.95000    0.99800  5.05%  15.9 1550s
 1590281 277382    0.97400  111    2    0.95000    0.99800  5.05%  15.9 1555s
 1596085 278974 infeasible   90         0.95000    0.99800  5.05%  15.9 1560s
 1601479 280234    0.99800   96    6    0.95000    0.99800  5.05%  15.9 1565s
 1607365 281490 infeasible  117         0.95000    0.99800  5.05%  15.9 1570s
 1612750 282678 infeasible  114         0.95000    0.99800  5.05%  16.0 1575s
 1618716 284174    0.99800  116   10    0.95000    0.99800  5.05%  16.0 1580s
 1624586 285551 infeasible  124         0.95000    0.99800  5.05%  16.0 1585s
 1630214 287052 infeasible  100         0.95000    0.99800  5.05%  16.0 1590s
 1636404 288465    0.99800   94    6    0.95000    0.99800  5.05%  16.0 1595s
 1642002 289690    0.99800   96   10    0.95000    0.99800  5.05%  16.0 1600s
 1647633 290956    0.97400  131    2    0.95000    0.99800  5.05%  16.0 1605s
 1653471 292302 infeasible  108         0.95000    0.99800  5.05%  16.0 1610s
 1659289 293686 infeasible  103         0.95000    0.99800  5.05%  16.0 1615s
 1665204 295301    0.99800   84   10    0.95000    0.99800  5.05%  16.0 1620s
 1671068 296691    0.99800   94    4    0.95000    0.99800  5.05%  16.0 1625s
 1676428 297895 infeasible  128         0.95000    0.99800  5.05%  16.0 1630s
 1682374 299365    0.97400  112    4    0.95000    0.99800  5.05%  16.0 1635s
 1688143 300387 infeasible  111         0.95000    0.99800  5.05%  16.0 1640s
 1693963 301399    0.99800  118   16    0.95000    0.99800  5.05%  16.0 1645s
 1698566 302437 infeasible  117         0.95000    0.99800  5.05%  16.0 1650s
 1704432 303514    0.97400   90   14    0.95000    0.99800  5.05%  16.0 1655s
 1709956 304842    0.99800   93   10    0.95000    0.99800  5.05%  16.0 1660s
 1716142 306682 infeasible  116         0.95000    0.99800  5.05%  16.0 1665s
 1721949 308185    0.99800  116    7    0.95000    0.99800  5.05%  16.0 1670s
 1727749 309369 infeasible  104         0.95000    0.99800  5.05%  16.0 1675s
 1732760 310405    0.99800  119   12    0.95000    0.99800  5.05%  16.0 1680s
 1738858 311320    0.99800  101   14    0.95000    0.99800  5.05%  16.1 1685s
 1742022 312064    0.99800  115   10    0.95000    0.99800  5.05%  16.1 1690s
 1748445 313498 infeasible  111         0.95000    0.99800  5.05%  16.1 1695s
 1754127 314670    0.99800   96    6    0.95000    0.99800  5.05%  16.1 1700s
 1759843 315877    0.97400  114    6    0.95000    0.99800  5.05%  16.1 1705s
 1765736 316927 infeasible  107         0.95000    0.99800  5.05%  16.1 1710s
 1771236 318301    0.99800  105    4    0.95000    0.99800  5.05%  16.1 1715s
 1776850 319326    0.99800   83    4    0.95000    0.99800  5.05%  16.1 1720s
 1782558 320579    0.99800  114   10    0.95000    0.99800  5.05%  16.1 1725s
 1788044 321827 infeasible  121         0.95000    0.99800  5.05%  16.1 1730s
 1794044 323144    0.99800  102    4    0.95000    0.99800  5.05%  16.1 1735s
 1799303 324302    0.99800  105    8    0.95000    0.99800  5.05%  16.1 1740s
 1804608 325360    0.99800  101   13    0.95000    0.99800  5.05%  16.1 1745s
 1809662 326559 infeasible  124         0.95000    0.99800  5.05%  16.1 1750s
 1815352 327907    0.97400  102    5    0.95000    0.99800  5.05%  16.1 1755s
 1820843 329127    0.99800  117   10    0.95000    0.99800  5.05%  16.1 1760s
 1826817 330478 infeasible  108         0.95000    0.99800  5.05%  16.1 1765s
 1832654 331618    0.99800   87    4    0.95000    0.99800  5.05%  16.1 1770s
 1838062 332654 infeasible  114         0.95000    0.99800  5.05%  16.1 1775s
 1843592 334187    0.99800   88    6    0.95000    0.99800  5.05%  16.1 1780s
 1849234 335423 infeasible  123         0.95000    0.99800  5.05%  16.2 1785s
 1854865 336698 infeasible  109         0.95000    0.99800  5.05%  16.2 1790s
 1861208 338180    0.97400  100    4    0.95000    0.99800  5.05%  16.2 1795s
 1867115 339521    0.99800   95    8    0.95000    0.99800  5.05%  16.2 1800s
 1872864 341053    0.99800  106   12    0.95000    0.99800  5.05%  16.2 1805s
 1878610 342571 infeasible  108         0.95000    0.99800  5.05%  16.2 1810s
 1884167 343945    0.99800  100   10    0.95000    0.99800  5.05%  16.2 1815s
 1889088 345260    0.99800  109   10    0.95000    0.99800  5.05%  16.2 1820s
 1895351 346785    0.99800  113   10    0.95000    0.99800  5.05%  16.2 1825s
 1900931 348242 infeasible  101         0.95000    0.99800  5.05%  16.2 1830s
 1906853 349714    0.97400  102    3    0.95000    0.99800  5.05%  16.2 1835s
 1912510 351408    0.99800   97    7    0.95000    0.99800  5.05%  16.2 1840s
 1917725 352919 infeasible  118         0.95000    0.99800  5.05%  16.2 1845s
 1923654 354247    0.99800  103   10    0.95000    0.99800  5.05%  16.2 1850s
 1929551 355729    0.99800  105    6    0.95000    0.99800  5.05%  16.2 1855s
 1935422 357047 infeasible   90         0.95000    0.99800  5.05%  16.2 1860s
 1941296 358644    0.99800  117    4    0.95000    0.99800  5.05%  16.2 1865s
 1946737 359927 infeasible  104         0.95000    0.99800  5.05%  16.2 1870s
 1953235 361781 infeasible  125         0.95000    0.99800  5.05%  16.2 1875s
 1958272 363612    0.97400  114   12    0.95000    0.99800  5.05%  16.2 1880s
 1964290 365326    0.99800  106   11    0.95000    0.99800  5.05%  16.2 1885s
 1970476 367125 infeasible   99         0.95000    0.99800  5.05%  16.2 1890s
 1975852 368476 infeasible  106         0.95000    0.99800  5.05%  16.2 1895s
 1982561 371046    0.99800   99    6    0.95000    0.99800  5.05%  16.2 1900s
 1988635 373457 infeasible  127         0.95000    0.99800  5.05%  16.2 1905s
 1992969 374400 infeasible   94         0.95000    0.99800  5.05%  16.2 1910s
 1997817 376086 infeasible   80         0.95000    0.99800  5.05%  16.2 1915s
 2003872 377871    0.99800   97   16    0.95000    0.99800  5.05%  16.2 1920s
 2009959 379547 infeasible  110         0.95000    0.99800  5.05%  16.2 1925s
 2015275 380726 infeasible  124         0.95000    0.99800  5.05%  16.2 1930s
 2021038 382389    0.99800   95   14    0.95000    0.99800  5.05%  16.2 1935s
 2026855 384395 infeasible  103         0.95000    0.99800  5.05%  16.2 1940s
 2033459 386431    0.99800   94    6    0.95000    0.99800  5.05%  16.1 1945s
 2038575 387296    0.99800   94   18    0.95000    0.99800  5.05%  16.1 1950s
 2044795 388426    0.99800  103   12    0.95000    0.99800  5.05%  16.1 1955s
 2050007 389304    0.97400  125    5    0.95000    0.99800  5.05%  16.1 1960s
 2056110 390221    0.97400   97    2    0.95000    0.99800  5.05%  16.1 1965s
 2062405 391845    0.99800  100    4    0.95000    0.99800  5.05%  16.1 1970s
 2068147 392760 infeasible   85         0.95000    0.99800  5.05%  16.1 1975s
 2073696 393434    0.99800   87    7    0.95000    0.99800  5.05%  16.1 1980s
 2079406 394081    0.99800  101    6    0.95000    0.99800  5.05%  16.1 1985s
 2085170 394555    0.99800   92   10    0.95000    0.99800  5.05%  16.1 1990s
 2090381 395076    0.99800  112   10    0.95000    0.99800  5.05%  16.1 1995s
 2095683 395539    0.99800  127    4    0.95000    0.99800  5.05%  16.1 2000s
 2101836 396081    0.99800  104   12    0.95000    0.99800  5.05%  16.1 2005s
 2107994 397284 infeasible  115         0.95000    0.99800  5.05%  16.1 2010s
 2114324 399047    0.99800   99    8    0.95000    0.99800  5.05%  16.1 2015s
 2120336 400562 infeasible  113         0.95000    0.99800  5.05%  16.1 2020s
 2126187 401509    0.97400  114    4    0.95000    0.99800  5.05%  16.1 2025s
 2132345 402549 infeasible  107         0.95000    0.99800  5.05%  16.1 2030s
 2138496 403952 infeasible  121         0.95000    0.99800  5.05%  16.1 2035s
 2145238 405106 infeasible  118         0.95000    0.99800  5.05%  16.1 2040s
 2151075 405915 infeasible  134         0.95000    0.99800  5.05%  16.1 2045s
 2156661 407514    0.99800  125   10    0.95000    0.99800  5.05%  16.1 2050s
 2162844 408744    0.97400  140    5    0.95000    0.99800  5.05%  16.1 2055s
 2169303 410188    0.99800  118    6    0.95000    0.99800  5.05%  16.1 2060s
 2175449 411109    0.99800  111   16    0.95000    0.99800  5.05%  16.1 2065s
 2182008 412619 infeasible   90         0.95000    0.99800  5.05%  16.1 2070s
 2187749 413521    0.97400  122    2    0.95000    0.99800  5.05%  16.1 2075s
 2194035 414819    0.99800  118    6    0.95000    0.99800  5.05%  16.1 2080s
 2200035 415812    0.99800  128    4    0.95000    0.99800  5.05%  16.1 2085s
 2206297 417253    0.99800  115   22    0.95000    0.99800  5.05%  16.1 2090s
 2210572 418824    0.97400   96    4    0.95000    0.99800  5.05%  16.1 2097s
 2217098 419245    0.97400   95    4    0.95000    0.99800  5.05%  16.1 2100s
 2223156 420328 infeasible  119         0.95000    0.99800  5.05%  16.1 2105s
 2226797 421062 infeasible  111         0.95000    0.99800  5.05%  16.1 2110s
 2232980 422704    0.97400  100    8    0.95000    0.99800  5.05%  16.1 2115s
 2238035 423715    0.99800  124    8    0.95000    0.99800  5.05%  16.1 2120s
 2244568 425204    0.97400  111    2    0.95000    0.99800  5.05%  16.0 2125s
 2250833 426978 infeasible  116         0.95000    0.99800  5.05%  16.0 2130s
 2256610 428291 infeasible  104         0.95000    0.99800  5.05%  16.0 2135s
 2261868 429206 infeasible  120         0.95000    0.99800  5.05%  16.0 2140s
 2267718 430036 infeasible  107         0.95000    0.99800  5.05%  16.0 2145s
 2273862 431596    0.99800  109    6    0.95000    0.99800  5.05%  16.0 2150s
 2279916 432501    0.99800  102    6    0.95000    0.99800  5.05%  16.0 2155s
 2286242 433125    0.99800   97    6    0.95000    0.99800  5.05%  16.0 2160s
 2291452 434001 infeasible  124         0.95000    0.99800  5.05%  16.0 2165s
 2297618 435269 infeasible  110         0.95000    0.99800  5.05%  16.0 2170s
 2303806 436050 infeasible  120         0.95000    0.99800  5.05%  16.0 2175s
 2309807 437296 infeasible  132         0.95000    0.99800  5.05%  16.0 2180s
 2315324 437938 infeasible  104         0.95000    0.99800  5.05%  15.9 2185s
 2320845 438852    0.99800  111   16    0.95000    0.99800  5.05%  15.9 2190s
 2326232 439454 infeasible  134         0.95000    0.99800  5.05%  15.9 2195s
 2331633 440084    0.99800  109    6    0.95000    0.99800  5.05%  15.9 2200s
 2337276 440657    0.99800  127    4    0.95000    0.99800  5.05%  15.9 2205s
 2342346 441287 infeasible  128         0.95000    0.99800  5.05%  15.9 2210s
 2348517 442239 infeasible  121         0.95000    0.99800  5.05%  15.9 2215s
 2353936 443095 infeasible  108         0.95000    0.99800  5.05%  15.9 2220s
 2359689 443987 infeasible  127         0.95000    0.99800  5.05%  15.9 2225s
 2365368 444600 infeasible  124         0.95000    0.99800  5.05%  15.9 2230s
 2371337 445097 infeasible   89         0.95000    0.99800  5.05%  15.9 2235s
 2376951 445934 infeasible  110         0.95000    0.99800  5.05%  15.9 2240s
 2382910 447159 infeasible  103         0.95000    0.99800  5.05%  15.9 2245s
 2389157 448913 infeasible   87         0.95000    0.99800  5.05%  15.9 2250s
 2393791 449567    0.99800  118    6    0.95000    0.99800  5.05%  15.9 2255s
 2399818 450299    0.99800  116    4    0.95000    0.99800  5.05%  15.9 2260s
 2405908 451271    0.99800  102    8    0.95000    0.99800  5.05%  15.9 2265s
 2411591 451933    0.99800   99    8    0.95000    0.99800  5.05%  15.9 2270s
 2417232 452676 infeasible   91         0.95000    0.99800  5.05%  15.8 2275s
 2422696 453499    0.99800   95   12    0.95000    0.99800  5.05%  15.8 2280s
 2427687 454087    0.99800   99    8    0.95000    0.99800  5.05%  15.8 2285s
 2433342 454559 infeasible  101         0.95000    0.99800  5.05%  15.8 2290s
 2438941 455126 infeasible   98         0.95000    0.99800  5.05%  15.8 2295s
 2444426 455861 infeasible   94         0.95000    0.99800  5.05%  15.8 2300s
 2450246 456475    0.99800  111    4    0.95000    0.99800  5.05%  15.8 2305s
 2455628 457809 infeasible  120         0.95000    0.99800  5.05%  15.8 2310s
 2460612 458533    0.99800   94    4    0.95000    0.99800  5.05%  15.8 2315s
 2465892 459477 infeasible  116         0.95000    0.99800  5.05%  15.8 2320s
 2471693 460740 infeasible  103         0.95000    0.99800  5.05%  15.8 2325s
 2476900 461470 infeasible  110         0.95000    0.99800  5.05%  15.8 2330s
 2482385 462229    0.99800   99    4    0.95000    0.99800  5.05%  15.8 2335s
 2487951 462883    0.99800  122    4    0.95000    0.99800  5.05%  15.8 2340s
 2492240 463456    0.99800  108    4    0.95000    0.99800  5.05%  15.8 2345s
 2498132 464795 infeasible  105         0.95000    0.99800  5.05%  15.8 2350s
 2503657 465808 infeasible  116         0.95000    0.99800  5.05%  15.8 2355s
 2508638 466483    0.99800  113    4    0.95000    0.99800  5.05%  15.8 2360s
 2512197 466933 infeasible  107         0.95000    0.99800  5.05%  15.8 2365s
 2517573 467590    0.99800  129    7    0.95000    0.99800  5.05%  15.8 2370s
 2522519 468084    0.97400   94   12    0.95000    0.99800  5.05%  15.8 2375s
 2527923 469070 infeasible   97         0.95000    0.99800  5.05%  15.8 2380s
 2533049 469500    0.99800  105    4    0.95000    0.99800  5.05%  15.8 2385s
 2538070 470055 infeasible  107         0.95000    0.99800  5.05%  15.8 2390s
 2543381 470615 infeasible  105         0.95000    0.99800  5.05%  15.8 2395s
 2548330 471198    0.99800  110   18    0.95000    0.99800  5.05%  15.8 2400s
 2553437 471882    0.97400  128    4    0.95000    0.99800  5.05%  15.8 2405s
 2558622 472629 infeasible  112         0.95000    0.99800  5.05%  15.8 2410s
 2563842 473243 infeasible   94         0.95000    0.99800  5.05%  15.8 2415s
 2569623 474693    0.99800  111    6    0.95000    0.99800  5.05%  15.8 2420s
 2575780 475584 infeasible   95         0.95000    0.99800  5.05%  15.8 2425s
 2581626 476197    0.99800  125    6    0.95000    0.99800  5.05%  15.8 2430s
 2587081 476723    0.99800  116    6    0.95000    0.99800  5.05%  15.8 2435s
 2591463 477661 infeasible  122         0.95000    0.99800  5.05%  15.8 2440s
 2596922 478029    0.99800  131    4    0.95000    0.99800  5.05%  15.8 2445s
 2602616 478751    0.99800  119    6    0.95000    0.99800  5.05%  15.8 2450s
 2608435 479466    0.99800  120   15    0.95000    0.99800  5.05%  15.7 2455s
 2614012 480207 infeasible  122         0.95000    0.99800  5.05%  15.7 2460s
 2619562 480856    0.99800  132    7    0.95000    0.99800  5.05%  15.7 2465s
 2624774 481824    0.99800  117    4    0.95000    0.99800  5.05%  15.7 2470s
 2630715 482400 infeasible  109         0.95000    0.99800  5.05%  15.7 2475s
 2636199 482979    0.97400  125    4    0.95000    0.99800  5.05%  15.7 2480s
 2641655 483869 infeasible  136         0.95000    0.99800  5.05%  15.7 2485s
 2646857 484769    0.99800  120   12    0.95000    0.99800  5.05%  15.7 2490s
 2652286 485873    0.99800  123    8    0.95000    0.99800  5.05%  15.7 2495s
 2657379 486833 infeasible  124         0.95000    0.99800  5.05%  15.7 2500s
 2663044 488388    0.99800  121    6    0.95000    0.99800  5.05%  15.7 2505s
 2666850 489325 infeasible  127         0.95000    0.99800  5.05%  15.7 2510s
 2671941 490460 infeasible   99         0.95000    0.99800  5.05%  15.7 2515s
 2677109 491788 infeasible   99         0.95000    0.99800  5.05%  15.7 2520s
 2682618 492898 infeasible   94         0.95000    0.99800  5.05%  15.7 2525s
 2688092 494010    0.99800   94    8    0.95000    0.99800  5.05%  15.7 2530s
 2693335 495444    0.97400   86    4    0.95000    0.99800  5.05%  15.7 2535s
 2698898 496649    0.99800   77   12    0.95000    0.99800  5.05%  15.7 2540s
 2703914 497541 infeasible   83         0.95000    0.99800  5.05%  15.7 2545s
 2709229 498838 infeasible   98         0.95000    0.99800  5.05%  15.7 2550s
 2712496 499220 infeasible   99         0.95000    0.99800  5.05%  15.7 2555s
 2717614 500321    0.99800   78    8    0.95000    0.99800  5.05%  15.7 2560s
 2722732 501329    0.97400   97    4    0.95000    0.99800  5.05%  15.7 2565s
 2727735 502216    0.97400   92    2    0.95000    0.99800  5.05%  15.7 2570s
 2732670 503092    0.99800  108   10    0.95000    0.99800  5.05%  15.7 2575s
 2737440 503944    0.99800   92    8    0.95000    0.99800  5.05%  15.7 2580s
 2742614 504812 infeasible  102         0.95000    0.99800  5.05%  15.7 2585s
 2747730 506212 infeasible   96         0.95000    0.99800  5.05%  15.7 2590s
 2753335 507621 infeasible   86         0.95000    0.99800  5.05%  15.6 2595s
 2758954 508887    0.97400   87    8    0.95000    0.99800  5.05%  15.6 2600s
 2763801 509990 infeasible  100         0.95000    0.99800  5.05%  15.6 2605s
 2768455 510975    0.99800   98   10    0.95000    0.99800  5.05%  15.6 2610s
 2773985 512084 infeasible   96         0.95000    0.99800  5.05%  15.6 2615s
 2779034 512940    0.97400   98    3    0.95000    0.99800  5.05%  15.6 2620s
 2784224 513887    0.99800   90    8    0.95000    0.99800  5.05%  15.6 2625s
 2788670 515261    0.99800   99   10    0.95000    0.99800  5.05%  15.6 2630s
 2792503 516233 infeasible   96         0.95000    0.99800  5.05%  15.6 2635s
 2797163 518056    0.99800   97    8    0.95000    0.99800  5.05%  15.6 2640s
 2800998 519062 infeasible   97         0.95000    0.99800  5.05%  15.6 2645s
 2805935 520007    0.99800  106    9    0.95000    0.99800  5.05%  15.6 2650s
 2810200 520663    0.97400  102    2    0.95000    0.99800  5.05%  15.6 2655s
 2815397 521472 infeasible   93         0.95000    0.99800  5.05%  15.6 2660s
 2820442 521890    0.99800   94    8    0.95000    0.99800  5.05%  15.6 2665s
 2824208 522609    0.97400   98    2    0.95000    0.99800  5.05%  15.6 2670s
 2829023 523646    0.99800   94    9    0.95000    0.99800  5.05%  15.6 2675s
 2834607 524705    0.99800  106    8    0.95000    0.99800  5.05%  15.6 2680s
 2840312 526330 infeasible  112         0.95000    0.99800  5.05%  15.6 2685s
 2845251 527443    0.99800   86   15    0.95000    0.99800  5.05%  15.6 2690s
 2850505 528599 infeasible  101         0.95000    0.99800  5.05%  15.6 2695s
 2855413 529340 infeasible   96         0.95000    0.99800  5.05%  15.6 2700s
 2859696 530352 infeasible  113         0.95000    0.99800  5.05%  15.6 2705s
 2865311 531954 infeasible  119         0.95000    0.99800  5.05%  15.6 2710s
 2870899 533794    0.99800   92   12    0.95000    0.99800  5.05%  15.6 2715s
 2875910 535681    0.99800   90    8    0.95000    0.99800  5.05%  15.6 2720s
 2881502 537487    0.99800   97   16    0.95000    0.99800  5.05%  15.6 2725s
 2887365 539248    0.97400  125    3    0.95000    0.99800  5.05%  15.6 2730s
 2893189 540531 infeasible   96         0.95000    0.99800  5.05%  15.6 2735s
 2898774 541594    0.97400  110    2    0.95000    0.99800  5.05%  15.6 2740s
 2904233 542726 infeasible   93         0.95000    0.99800  5.05%  15.6 2745s
 2909708 544138    0.99800   71    4    0.95000    0.99800  5.05%  15.6 2750s
 2914956 546150 infeasible  104         0.95000    0.99800  5.05%  15.6 2755s
 2919902 547806 infeasible  108         0.95000    0.99800  5.05%  15.6 2760s
 2924050 548741 infeasible  114         0.95000    0.99800  5.05%  15.6 2765s
 2928649 549862    0.97400  106    4    0.95000    0.99800  5.05%  15.6 2770s
 2933745 550916 infeasible  106         0.95000    0.99800  5.05%  15.6 2775s
 2937292 551507    0.99800  102   15    0.95000    0.99800  5.05%  15.6 2780s
 2941534 552382    0.99800   90   10    0.95000    0.99800  5.05%  15.6 2785s
 2946279 553713 infeasible   96         0.95000    0.99800  5.05%  15.6 2790s
 2951983 555079    0.99800   77    4    0.95000    0.99800  5.05%  15.6 2795s
 2957081 556075    0.99800   96    4    0.95000    0.99800  5.05%  15.6 2800s
 2962219 557160 infeasible   88         0.95000    0.99800  5.05%  15.6 2805s
 2967597 558680 infeasible  110         0.95000    0.99800  5.05%  15.6 2810s
 2972478 559720    0.97400  110    4    0.95000    0.99800  5.05%  15.6 2815s
 2977547 560897    0.99800   98   16    0.95000    0.99800  5.05%  15.6 2820s
 2982987 562033 infeasible  105         0.95000    0.99800  5.05%  15.6 2825s
 2988032 563495    0.97400  113    2    0.95000    0.99800  5.05%  15.6 2830s
 2992991 564861    0.99800  107   16    0.95000    0.99800  5.05%  15.6 2835s
 2998095 566034    0.97400  113    2    0.95000    0.99800  5.05%  15.6 2840s
 3002733 567164    0.99800   98    4    0.95000    0.99800  5.05%  15.6 2845s
 3007781 568023    0.99800  117    6    0.95000    0.99800  5.05%  15.6 2850s
 3012356 568893 infeasible  104         0.95000    0.99800  5.05%  15.6 2855s
 3017459 570162    0.97400  112    2    0.95000    0.99800  5.05%  15.6 2860s
 3022050 570874    0.99800   94    6    0.95000    0.99800  5.05%  15.6 2865s
 3026635 571759    0.99800  112    6    0.95000    0.99800  5.05%  15.6 2870s
 3031199 572665    0.99800   96    6    0.95000    0.99800  5.05%  15.6 2875s
 3035286 573335    0.97400  121    7    0.95000    0.99800  5.05%  15.6 2880s
 3040222 574316 infeasible  119         0.95000    0.99800  5.05%  15.6 2885s
 3044808 575232    0.99800  116    8    0.95000    0.99800  5.05%  15.6 2890s
 3049507 576256 infeasible  111         0.95000    0.99800  5.05%  15.6 2895s
 3054273 577510    0.99800   93    6    0.95000    0.99800  5.05%  15.6 2900s
 3059169 578456    0.99800  101   16    0.95000    0.99800  5.05%  15.6 2905s
 3063778 579327 infeasible  103         0.95000    0.99800  5.05%  15.6 2910s
 3068768 580179 infeasible  105         0.95000    0.99800  5.05%  15.6 2915s
 3073530 581181 infeasible  110         0.95000    0.99800  5.05%  15.6 2920s
 3078094 582325 infeasible  113         0.95000    0.99800  5.05%  15.6 2925s
 3082699 583083    0.99800  102   20    0.95000    0.99800  5.05%  15.6 2930s
 3087308 583816    0.99800   89   20    0.95000    0.99800  5.05%  15.6 2935s
 3092297 584840 infeasible  100         0.95000    0.99800  5.05%  15.6 2940s
 3096950 585572    0.99800   99   14    0.95000    0.99800  5.05%  15.6 2945s
 3101623 586351 infeasible  104         0.95000    0.99800  5.05%  15.6 2950s
 3105538 587189    0.99800  105    6    0.95000    0.99800  5.05%  15.6 2955s
 3110410 588235    0.99800   92    6    0.95000    0.99800  5.05%  15.6 2960s
 3115048 589284    0.99800  110    6    0.95000    0.99800  5.05%  15.6 2965s
 3119667 590215 infeasible  105         0.95000    0.99800  5.05%  15.6 2970s
 3124442 591045    0.97400  106    6    0.95000    0.99800  5.05%  15.6 2975s
 3129086 592010 infeasible  100         0.95000    0.99800  5.05%  15.6 2980s
 3133469 592754 infeasible   86         0.95000    0.99800  5.05%  15.6 2985s
 3137898 593753    0.99800  134    4    0.95000    0.99800  5.05%  15.6 2990s
 3142940 594597    0.99800  106    8    0.95000    0.99800  5.05%  15.7 2995s
 3147547 595420    0.99800  100    6    0.95000    0.99800  5.05%  15.7 3000s
 3152231 596284 infeasible  125         0.95000    0.99800  5.05%  15.7 3005s
 3156870 597197    0.97400  130    8    0.95000    0.99800  5.05%  15.7 3010s
 3160287 597866    0.99800   94    4    0.95000    0.99800  5.05%  15.7 3015s
 3164959 598748    0.97400  100    2    0.95000    0.99800  5.05%  15.7 3020s
 3169678 599866    0.99800   99    6    0.95000    0.99800  5.05%  15.7 3025s
 3174732 600775    0.99800  124   10    0.95000    0.99800  5.05%  15.7 3030s
 3179496 601809    0.99800  117    8    0.95000    0.99800  5.05%  15.7 3035s
 3183696 602575    0.99800  118   21    0.95000    0.99800  5.05%  15.7 3040s
 3188377 603465 infeasible  107         0.95000    0.99800  5.05%  15.7 3045s
 3192912 604096 infeasible  121         0.95000    0.99800  5.05%  15.7 3050s
 3197554 604970    0.97400  105    7    0.95000    0.99800  5.05%  15.7 3055s
 3202019 605662    0.99800  119    4    0.95000    0.99800  5.05%  15.7 3060s
 3206343 606658 infeasible  127         0.95000    0.99800  5.05%  15.7 3065s
 3210535 607559 infeasible  120         0.95000    0.99800  5.05%  15.7 3070s
 3214742 608126    0.99800  114    8    0.95000    0.99800  5.05%  15.7 3075s
 3217728 608708    0.99800  111    6    0.95000    0.99800  5.05%  15.7 3080s
 3221974 609275    0.99800  122    4    0.95000    0.99800  5.05%  15.7 3085s
 3226574 610044    0.99800  111   18    0.95000    0.99800  5.05%  15.7 3090s
 3231107 610863    0.99800   97    8    0.95000    0.99800  5.05%  15.7 3095s
 3235406 611650    0.99800   98   14    0.95000    0.99800  5.05%  15.7 3100s
 3240344 612364 infeasible  129         0.95000    0.99800  5.05%  15.7 3105s
 3244542 612917    0.99800  121    4    0.95000    0.99800  5.05%  15.7 3110s
 3249199 613763 infeasible  115         0.95000    0.99800  5.05%  15.7 3115s
 3253741 614322    0.99800  102    8    0.95000    0.99800  5.05%  15.7 3120s
 3258326 614993    0.99800  107    6    0.95000    0.99800  5.05%  15.7 3125s
 3263023 616034 infeasible  129         0.95000    0.99800  5.05%  15.7 3130s
 3268085 616772    0.99800  110   17    0.95000    0.99800  5.05%  15.7 3135s
 3271577 617518 infeasible  135         0.95000    0.99800  5.05%  15.7 3140s
 3276367 618387    0.99800   97    6    0.95000    0.99800  5.05%  15.7 3145s
 3281008 619144 infeasible  114         0.95000    0.99800  5.05%  15.7 3150s
 3285593 619915 infeasible  120         0.95000    0.99800  5.05%  15.7 3155s
 3290266 620748 infeasible  106         0.95000    0.99800  5.05%  15.7 3160s
 3294749 621571    0.99800   98    8    0.95000    0.99800  5.05%  15.8 3165s
 3298045 622210 infeasible  103         0.95000    0.99800  5.05%  15.8 3170s
 3300778 622708 infeasible  102         0.95000    0.99800  5.05%  15.8 3175s
 3304045 623248 infeasible   94         0.95000    0.99800  5.05%  15.8 3180s
 3308219 623938    0.99800   99   12    0.95000    0.99800  5.05%  15.8 3185s
 3312507 624775 infeasible  117         0.95000    0.99800  5.05%  15.8 3190s
 3316326 625600    0.99800  116   12    0.95000    0.99800  5.05%  15.8 3195s
 3320666 626300    0.99800  109    7    0.95000    0.99800  5.05%  15.8 3200s
 3325340 627271    0.99800  100    9    0.95000    0.99800  5.05%  15.8 3205s
 3329557 628514    0.99800  101    6    0.95000    0.99800  5.05%  15.8 3210s
 3333716 629361    0.99800  102   12    0.95000    0.99800  5.05%  15.8 3215s
 3338560 630542    0.99800  120   10    0.95000    0.99800  5.05%  15.8 3220s
 3343546 631387    0.99800   98   14    0.95000    0.99800  5.05%  15.8 3225s
 3348020 632215    0.99800   93    8    0.95000    0.99800  5.05%  15.8 3230s
 3352597 632955    0.99800   98    8    0.95000    0.99800  5.05%  15.8 3235s
 3357073 633606 infeasible  106         0.95000    0.99800  5.05%  15.8 3240s
 3361898 634535    0.99800  112    6    0.95000    0.99800  5.05%  15.8 3245s
 3366396 635446    0.97400   88    6    0.95000    0.99800  5.05%  15.8 3250s
 3371385 636201    0.99800   95    8    0.95000    0.99800  5.05%  15.8 3255s
 3375737 637032    0.99800   77    8    0.95000    0.99800  5.05%  15.8 3260s
 3380335 637957 infeasible  118         0.95000    0.99800  5.05%  15.8 3265s
 3384914 638858 infeasible  102         0.95000    0.99800  5.05%  15.8 3270s
 3389327 639763    0.99800   94    6    0.95000    0.99800  5.05%  15.8 3275s
 3393951 640627 infeasible   96         0.95000    0.99800  5.05%  15.8 3280s
 3398663 641325    0.99800   97    6    0.95000    0.99800  5.05%  15.8 3285s
 3402889 642063 infeasible  103         0.95000    0.99800  5.05%  15.8 3290s
 3407514 642840    0.99800  100    7    0.95000    0.99800  5.05%  15.8 3295s
 3412246 643615    0.99800  117    6    0.95000    0.99800  5.05%  15.8 3300s
 3416666 644316    0.99800   97    8    0.95000    0.99800  5.05%  15.8 3305s
 3421391 645217    0.99800   84   20    0.95000    0.99800  5.05%  15.8 3310s
 3425943 646099 infeasible  113         0.95000    0.99800  5.05%  15.8 3315s
 3430662 646883    0.99800   87   22    0.95000    0.99800  5.05%  15.8 3320s
 3435674 647796 infeasible  127         0.95000    0.99800  5.05%  15.8 3325s
 3439540 648539 infeasible  112         0.95000    0.99800  5.05%  15.8 3330s
 3444219 649353 infeasible  113         0.95000    0.99800  5.05%  15.8 3335s
 3448424 650173    0.99800   94   12    0.95000    0.99800  5.05%  15.8 3340s
 3452630 650929    0.99800  100   14    0.95000    0.99800  5.05%  15.8 3345s
 3456074 651671    0.99800  123    5    0.95000    0.99800  5.05%  15.8 3350s
 3460628 652470    0.99800  116    6    0.95000    0.99800  5.05%  15.8 3355s
 3465068 653315    0.99800  112    6    0.95000    0.99800  5.05%  15.8 3360s
 3467725 653718    0.99800   96   10    0.95000    0.99800  5.05%  15.8 3365s
 3472170 654667 infeasible  106         0.95000    0.99800  5.05%  15.8 3370s
 3476836 655683    0.97400  112    7    0.95000    0.99800  5.05%  15.8 3375s
 3481555 656525 infeasible  109         0.95000    0.99800  5.05%  15.8 3380s
 3485790 657243 infeasible   99         0.95000    0.99800  5.05%  15.8 3385s
 3490501 658233    0.97400   87    4    0.95000    0.99800  5.05%  15.8 3390s
 3494662 658941    0.99800  105   10    0.95000    0.99800  5.05%  15.8 3395s
 3499325 659971    0.97400   82    6    0.95000    0.99800  5.05%  15.8 3400s
 3504231 660520 infeasible  102         0.95000    0.99800  5.05%  15.8 3405s
 3509208 661318    0.99800  111    6    0.95000    0.99800  5.05%  15.8 3410s
 3513123 661901    0.99800   92    6    0.95000    0.99800  5.05%  15.8 3415s
 3517501 663205 infeasible   95         0.95000    0.99800  5.05%  15.8 3420s
 3522476 664051 infeasible   99         0.95000    0.99800  5.05%  15.8 3425s
 3527104 665024    0.99800   75   10    0.95000    0.99800  5.05%  15.8 3430s
 3531371 665854    0.99800  105    4    0.95000    0.99800  5.05%  15.8 3435s
 3535932 666501    0.99800  118    6    0.95000    0.99800  5.05%  15.8 3440s
 3540010 667122    0.99800   91   14    0.95000    0.99800  5.05%  15.8 3445s
 3544693 667723    0.99800  137    4    0.95000    0.99800  5.05%  15.8 3450s
 3549502 668441    0.99800   95   11    0.95000    0.99800  5.05%  15.8 3455s
 3554015 669435 infeasible   94         0.95000    0.99800  5.05%  15.8 3460s
 3558153 670306 infeasible   87         0.95000    0.99800  5.05%  15.8 3465s
 3562787 670902 infeasible  100         0.95000    0.99800  5.05%  15.8 3470s
 3566961 671299 infeasible  106         0.95000    0.99800  5.05%  15.8 3475s
 3571346 671982    0.99800   85   12    0.95000    0.99800  5.05%  15.8 3480s
 3575489 672715    0.99800  117   16    0.95000    0.99800  5.05%  15.8 3485s
 3579167 673301 infeasible  126         0.95000    0.99800  5.05%  15.8 3490s
 3583802 674174 infeasible  103         0.95000    0.99800  5.05%  15.8 3495s
 3587576 674936 infeasible  101         0.95000    0.99800  5.05%  15.8 3500s
 3591773 675703    0.99800  108   12    0.95000    0.99800  5.05%  15.8 3505s
 3596497 676926    0.99800  121    4    0.95000    0.99800  5.05%  15.8 3510s
 3601343 678283    0.99800  100   14    0.95000    0.99800  5.05%  15.8 3515s
 3605886 679406    0.99800   91   10    0.95000    0.99800  5.05%  15.8 3520s
 3610533 680360 infeasible  102         0.95000    0.99800  5.05%  15.8 3525s
 3615007 681744 infeasible  103         0.95000    0.99800  5.05%  15.8 3530s
 3619436 682736    0.97400  104   11    0.95000    0.99800  5.05%  15.8 3535s
 3623564 683858    0.97400   97    2    0.95000    0.99800  5.05%  15.8 3540s
 3628034 684747 infeasible   97         0.95000    0.99800  5.05%  15.8 3545s
 3632137 686230    0.99800  103   15    0.95000    0.99800  5.05%  15.8 3550s
 3636301 687571    0.99800   86   19    0.95000    0.99800  5.05%  15.8 3555s
 3640587 688668 infeasible  116         0.95000    0.99800  5.05%  15.8 3560s
 3645395 690003 infeasible  102         0.95000    0.99800  5.05%  15.8 3565s
 3649629 690870    0.99800   95    4    0.95000    0.99800  5.05%  15.8 3570s
 3653354 691643 infeasible  109         0.95000    0.99800  5.05%  15.8 3575s
 3658006 692577    0.99800  101    8    0.95000    0.99800  5.05%  15.8 3580s
 3662161 693518    0.99800   94   12    0.95000    0.99800  5.05%  15.8 3585s
 3666808 694679    0.97400  103    4    0.95000    0.99800  5.05%  15.8 3590s
 3671310 695589 infeasible  114         0.95000    0.99800  5.05%  15.8 3595s
 3675931 696518    0.99800  122    4    0.95000    0.99800  5.05%  15.8 3600s

Cutting planes:
  Gomory: 6
  Cover: 81
  Implied bound: 20
  Clique: 105
  MIR: 3
  Flow cover: 65
  Inf proof: 1
  RLT: 54
  Relax-and-lift: 24
  PSD: 5

Explored 3676145 nodes (58157966 simplex iterations) in 3600.02 seconds (1824.96 work units)
Thread count was 4 (of 4 available processors)

Solution count 8: 0.95 0.926 0.908 ... 0.032

Time limit reached
Best objective 9.500000000000e-01, best bound 9.980000000000e-01, gap 5.0526%
