
Gurobi 12.0.2 (win64) logging started Sat Dec  6 21:52:19 2025

Set parameter LogFile to value "resultados DATA_1_n10m05b2d2\instancia_9_log.txt"
Gurobi Optimizer version 12.0.2 build v12.0.2rc0 (win64 - Windows 10.0 (19045.2))

CPU model: Intel(R) Core(TM) i5-6300U CPU @ 2.40GHz, instruction set [SSE2|AVX|AVX2]
Thread count: 2 physical cores, 4 logical processors, using up to 4 threads

Non-default parameters:
TimeLimit  3600

Optimize a model with 7521 rows, 12880 columns and 27462 nonzeros
Model fingerprint: 0xfcbe962c
Variable types: 138 continuous, 12742 integer (12742 binary)
Coefficient statistics:
  Matrix range     [1e+00, 1e+03]
  Objective range  [1e-02, 2e-01]
  Bounds range     [1e+00, 1e+00]
  RHS range        [1e+00, 1e+03]
Found heuristic solution: objective 0.1800000
Presolve removed 119 rows and 6524 columns
Presolve time: 0.38s
Presolved: 7402 rows, 6356 columns, 27148 nonzeros
Variable types: 138 continuous, 6218 integer (6218 binary)

Root relaxation: objective 1.488000e+00, 2039 iterations, 0.05 seconds (0.01 work units)

    Nodes    |    Current Node    |     Objective Bounds      |     Work
 Expl Unexpl |  Obj  Depth IntInf | Incumbent    BestBd   Gap | It/Node Time

     0     0    1.48800    0   40    0.18000    1.48800   727%     -    0s
H    0     0                       0.7260000    1.48800   105%     -    1s
     0     0    1.48800    0  445    0.72600    1.48800   105%     -    1s
     0     0    1.48800    0  362    0.72600    1.48800   105%     -    2s
     0     0    1.48800    0   73    0.72600    1.48800   105%     -    2s
     0     0    1.48800    0  205    0.72600    1.48800   105%     -    3s
     0     0    1.48800    0   58    0.72600    1.48800   105%     -    4s
     0     0    1.48800    0   92    0.72600    1.48800   105%     -    4s
     0     0    1.48800    0   76    0.72600    1.48800   105%     -    5s
     0     0    1.48800    0   23    0.72600    1.48800   105%     -    5s
H    0     0                       0.7380000    1.48800   102%     -    6s
     0     2    1.48800    0   22    0.73800    1.48800   102%     -    6s
   186   183    0.88800   65  144    0.73800    1.48800   102%  40.6   10s
   556   522    0.88800  202   18    0.73800    1.48800   102%  23.6   15s
   894   731    1.30800   77   32    0.73800    1.30800  77.2%  23.2   20s
  1002   814    0.88800   50  104    0.73800    1.30800  77.2%  39.3   25s
  1314   994 infeasible  152         0.73800    1.30800  77.2%  38.8   30s
  1537  1051    1.30800   28  189    0.73800    1.30800  77.2%  36.8   35s
  1725  1113    1.18800   63  175    0.73800    1.30800  77.2%  37.0   40s
  1896  1183    1.18800  107  240    0.73800    1.30800  77.2%  37.6   45s
  2107  1295    1.18800  148  229    0.73800    1.30800  77.2%  38.2   50s
  2362  1460    1.28400   60  344    0.73800    1.30800  77.2%  38.9   55s
  2570  1477 infeasible   96         0.73800    1.30800  77.2%  38.7   60s
  3024  1646    1.18800   58  376    0.73800    1.30800  77.2%  39.7   66s
  3102  1716    1.18800   92  263    0.73800    1.30800  77.2%  39.7   70s
  3464  2179    1.18800  116  241    0.73800    1.30800  77.2%  39.7   76s
  3848  2409    1.18800  221  252    0.73800    1.30800  77.2%  39.1   80s
  4306  2820    1.30800   25  607    0.73800    1.30800  77.2%  38.9   86s
  4617  3150    1.30800   74  438    0.73800    1.30800  77.2%  39.2   91s
  4969  3429    1.30800   54  405    0.73800    1.30800  77.2%  40.1   98s
  5155  3665    1.15800  108  334    0.73800    1.30800  77.2%  40.0  102s
  5405  4052    1.15800  164  340    0.73800    1.30800  77.2%  39.4  105s
H 5820  4319                       0.8580000    1.30800  52.4%  37.5  109s
H 5990  4319                       0.8700000    1.30800  50.3%  36.7  109s
  6089  4826    0.96600  350  290    0.87000    1.30800  50.3%  36.4  112s
  6616  5078    0.91800  626  130    0.87000    1.30800  50.3%  34.4  116s
  6894  5152    1.15800   49  241    0.87000    1.30800  50.3%  33.9  120s
  7106  5285    1.15800   51  234    0.87000    1.30800  50.3%  33.1  126s
  7451  5998    1.03800  188  250    0.87000    1.30800  50.3%  32.4  133s
  8083  6404    1.03800  177  315    0.87000    1.30800  50.3%  31.1  136s
  8532  6637    1.15800   40  267    0.87000    1.30800  50.3%  30.5  140s
  9052  7284    1.00800  193  233    0.87000    1.30800  50.3%  29.9  146s
  9777  7887    1.03800  131  306    0.87000    1.30800  50.3%  28.4  150s
 10410  8478    0.96600  487  103    0.87000    1.30800  50.3%  27.3  156s
 10908  8963    1.30800   76  394    0.87000    1.30800  50.3%  26.7  160s
 11650  9431    1.30800   16  603    0.87000    1.30800  50.3%  25.9  165s
 12109  9961    1.18800   58  300    0.87000    1.30800  50.3%  26.1  170s
 12477 10321    1.18800   66  291    0.87000    1.30800  50.3%  26.0  175s
 13169 10899    1.12800  459  186    0.87000    1.30800  50.3%  25.3  180s
 13740 11376    1.30800   56  439    0.87000    1.30800  50.3%  25.2  185s
 14199 11821    1.30800   68  404    0.87000    1.30800  50.3%  25.2  191s
 14612 12097    1.03800  311  307    0.87000    1.30800  50.3%  24.8  195s
 14717 12304    1.03800  383  190    0.87000    1.30800  50.3%  24.7  262s
 15126 12778    1.30800   22  457    0.87000    1.30800  50.3%  24.5  266s
 15554 12973    1.14600  241  247    0.87000    1.30800  50.3%  24.4  271s
 15897 13282    1.30800   68  242    0.87000    1.30800  50.3%  24.4  275s
 16284 13640    1.18800   24  228    0.87000    1.30800  50.3%  24.4  280s
 16588 14036    1.18800  101  214    0.87000    1.30800  50.3%  24.6  285s
 17154 14515    1.01400  259  176    0.87000    1.30800  50.3%  24.2  290s
 17638 14882    1.05600  267  255    0.87000    1.30800  50.3%  24.0  295s
 17970 15116    1.16400   88  328    0.87000    1.30800  50.3%  24.1  300s
 18541 15711    1.30800   57  461    0.87000    1.30800  50.3%  24.1  307s
 18768 15817    1.15800   31  283    0.87000    1.30800  50.3%  24.1  312s
 18872 16158    1.15800   52  339    0.87000    1.30800  50.3%  24.0  315s
 19552 16518    1.00800   16  449    0.87000    1.30800  50.3%  24.0  322s
 19800 16837    1.00800  125  426    0.87000    1.30800  50.3%  24.0  326s
 20157 17081    1.00800  261  291    0.87000    1.30800  50.3%  24.1  331s
 20537 17504 infeasible  178         0.87000    1.30800  50.3%  24.0  335s
 21035 17926    1.30800   24  450    0.87000    1.30800  50.3%  23.8  340s
 21491 18305 infeasible  140         0.87000    1.30800  50.3%  23.8  345s
 21887 18715    1.06800  238  342    0.87000    1.30800  50.3%  23.7  350s
 22625 19293    1.15800  173  299    0.87000    1.30800  50.3%  23.4  357s
 22993 19634    1.15800   86  314    0.87000    1.30800  50.3%  23.4  362s
 23391 20087    1.15800  183  247    0.87000    1.30800  50.3%  23.2  366s
 23846 20441    1.00800   97  276    0.87000    1.30800  50.3%  23.2  370s
 24407 20993    1.06800  156  231    0.87000    1.30800  50.3%  23.0  377s
 24906 21399    1.06800  123  292    0.87000    1.30800  50.3%  22.8  381s
 25346 21731    1.30800   42  201    0.87000    1.30800  50.3%  22.6  385s
 25985 22341 infeasible  228         0.87000    1.30800  50.3%  22.6  390s
 26656 22947    1.15800   62  268    0.87000    1.30800  50.3%  22.4  396s
 27070 23314    1.15800  108  339    0.87000    1.30800  50.3%  22.4  400s
 27639 23821    1.05600  230  266    0.87000    1.30800  50.3%  22.3  406s
 28039 24244    1.15800  156  233    0.87000    1.30800  50.3%  22.3  410s
 28699 24870    1.00800  277  238    0.87000    1.30800  50.3%  22.3  415s
 29489 25572    1.00800  298  206    0.87000    1.30800  50.3%  22.0  422s
 29965 25892    1.15800   88  351    0.87000    1.30800  50.3%  22.0  426s
 30357 26290    1.15800   92  327    0.87000    1.30800  50.3%  21.9  433s
 30617 26511    1.15800  140  338    0.87000    1.30800  50.3%  21.8  436s
 31046 26850    1.15800   65  234    0.87000    1.30800  50.3%  21.8  440s
 31421 27228    1.15800   55  303    0.87000    1.30800  50.3%  21.8  445s
 32314 27907    1.15800  119  346    0.87000    1.30800  50.3%  21.6  451s
 32881 28453    1.13400  127  296    0.87000    1.30800  50.3%  21.6  457s
 33068 28654    1.15800   76  263    0.87000    1.30800  50.3%  21.6  460s
 33482 29003    1.03800  153  279    0.87000    1.30800  50.3%  21.6  469s
 33658 29180    1.03800  192  218    0.87000    1.30800  50.3%  21.7  471s
 33932 29437 infeasible  261         0.87000    1.30800  50.3%  21.8  476s
 34538 29940    1.14600  134  275    0.87000    1.30800  50.3%  21.6  480s
 35162 30407 infeasible  121         0.87000    1.30800  50.3%  21.5  485s
 35726 31077    1.06800   91  314    0.87000    1.30800  50.3%  21.5  490s
 36467 31655    1.15800  128  358    0.87000    1.30800  50.3%  21.3  495s
 36842 32029    1.18800   73  310    0.87000    1.30800  50.3%  21.2  500s
 37544 32631    1.06800  219  252    0.87000    1.30800  50.3%  21.3  505s
 38133 33175    1.15800  160  353    0.87000    1.30800  50.3%  21.2  510s
 38989 33914    1.15800   67  352    0.87000    1.30800  50.3%  21.1  515s
 39671 34571    1.15800   89  443    0.87000    1.30800  50.3%  21.0  520s
 40638 35307    1.18800   62  241    0.87000    1.30800  50.3%  20.9  526s
 41056 35731    1.00800  160  209    0.87000    1.30800  50.3%  21.0  531s
 41575 36140    1.00800  279  147    0.87000    1.30800  50.3%  21.0  536s
 42058 36663    1.15800   96  288    0.87000    1.30800  50.3%  21.0  541s
 42616 37132    1.15800   71  269    0.87000    1.30800  50.3%  21.0  545s
 43333 37845    1.15800  197  314    0.87000    1.30800  50.3%  20.8  550s
 44133 38567    1.15800  165  308    0.87000    1.30800  50.3%  20.8  555s
 44742 38990 infeasible  280         0.87000    1.30800  50.3%  20.7  560s
 45639 39817    1.03800  129  273    0.87000    1.30800  50.3%  20.6  565s
 46489 40664    1.15800  139  339    0.87000    1.30800  50.3%  20.5  570s
 47312 41300    1.15800  114  415    0.87000    1.30800  50.3%  20.4  575s
 48052 41936    1.15800  142  326    0.87000    1.30800  50.3%  20.4  582s
 48375 42176    1.14600  245  290    0.87000    1.30800  50.3%  20.4  587s
 48727 42562    1.15800  146  221    0.87000    1.30800  50.3%  20.4  591s
 49280 43031    1.18800  114  266    0.87000    1.30800  50.3%  20.4  595s
 49726 43291    1.18800  128  297    0.87000    1.30800  50.3%  20.4  600s
 49791 43446    1.17600  182  289    0.87000    1.30800  50.3%  20.4  606s
 49915 43592    1.16400  227  272    0.87000    1.30800  50.3%  20.4  610s
 50693 44300    1.15800   99  392    0.87000    1.30800  50.3%  20.4  616s
 51101 44690    1.15800  168  260    0.87000    1.30800  50.3%  20.4  620s
 51366 44888    1.15800  105  267    0.87000    1.30800  50.3%  20.4  626s
 51823 45266    1.15800   86  308    0.87000    1.30800  50.3%  20.4  634s
 52015 45519    1.29300   41  341    0.87000    1.30800  50.3%  20.3  637s
 52462 45918 infeasible  223         0.87000    1.30800  50.3%  20.3  641s
 53142 46545    1.03800  249  260    0.87000    1.30800  50.3%  20.3  646s
 53957 47182    1.15800   39  513    0.87000    1.30800  50.3%  20.2  650s
 54511 47666    1.15800  101  243    0.87000    1.30800  50.3%  20.3  656s
 54959 47963    1.15800  119  192    0.87000    1.30800  50.3%  20.3  661s
 55515 48588    1.15800   40  284    0.87000    1.30800  50.3%  20.4  665s
 56605 49590    1.12200  159  295    0.87000    1.30800  50.3%  20.2  670s
 57359 50111    1.06800  338   78    0.87000    1.30800  50.3%  20.2  675s
 58313 51060    1.14600  197  197    0.87000    1.30800  50.3%  20.1  680s
 59366 51922    1.14600  194  212    0.87000    1.30800  50.3%  20.0  685s
 60304 52769    1.15800   68  248    0.87000    1.30800  50.3%  19.9  690s
 60990 53537    1.15800  238  277    0.87000    1.30800  50.3%  19.9  696s
 61885 54288    1.15800  158  276    0.87000    1.30800  50.3%  19.8  700s
 62598 54896    1.15800   96  346    0.87000    1.30800  50.3%  19.8  705s
 63661 55806    1.15800   42  306    0.87000    1.30800  50.3%  19.7  710s
 64490 56531    1.03800  182  322    0.87000    1.30800  50.3%  19.7  715s
 65357 57279 infeasible  391         0.87000    1.30800  50.3%  19.7  720s
 66300 58066 infeasible  238         0.87000    1.30800  50.3%  19.6  725s
 67284 58825    1.15800  159  235    0.87000    1.30800  50.3%  19.6  730s
 67914 59608    1.18800   87  301    0.87000    1.30800  50.3%  19.6  735s
 68988 60256    1.30800   38  404    0.87000    1.30800  50.3%  19.6  741s
 68996 60264    1.15800   42  382    0.87000    1.30800  50.3%  19.6  745s
 69243 60758    1.15800   78  348    0.87000    1.30800  50.3%  19.6  751s
 70006 61277    1.30800   65  326    0.87000    1.30800  50.3%  19.6  756s
 70545 61810    1.15800  116  240    0.87000    1.30800  50.3%  19.7  760s
 71382 62542    1.15800  179  332    0.87000    1.30800  50.3%  19.6  765s
 71905 62857    1.12200  274  127    0.87000    1.30800  50.3%  19.6  770s
 72901 64011    1.15800   87  429    0.87000    1.30800  50.3%  19.6  776s
 73807 64663    1.15800  263  232    0.87000    1.30800  50.3%  19.5  780s
 74847 65563 infeasible  269         0.87000    1.30800  50.3%  19.4  785s
 75898 66438    1.18800   81  311    0.87000    1.30800  50.3%  19.3  790s
 76793 67341    1.15800  184  239    0.87000    1.30800  50.3%  19.4  795s
 77703 68177    1.03800  257  238    0.87000    1.30800  50.3%  19.4  800s
 78917 69172    1.15800  107  359    0.87000    1.30800  50.3%  19.3  805s
 79929 70136    1.15800  103  283    0.87000    1.30800  50.3%  19.2  810s
 80909 70926    1.15800   42  448    0.87000    1.30800  50.3%  19.2  816s
 81677 71610    1.15800   51  404    0.87000    1.30800  50.3%  19.2  820s
 82461 72273 infeasible  197         0.87000    1.30800  50.3%  19.2  825s
 83255 73072    1.18800  210  295    0.87000    1.30800  50.3%  19.2  830s
 84036 73724    1.03800  143  209    0.87000    1.30800  50.3%  19.1  835s
 84788 74329    1.15800   51  357    0.87000    1.30800  50.3%  19.1  840s
 85229 74808    1.15800  125  329    0.87000    1.30800  50.3%  19.2  845s
 86225 75670    1.15800  186  240    0.87000    1.30800  50.3%  19.1  850s
 87004 76367    1.15800  128  239    0.87000    1.30800  50.3%  19.1  855s
 87830 77030 infeasible  233         0.87000    1.30800  50.3%  19.1  860s
 88435 77729    1.15800  201  280    0.87000    1.30800  50.3%  19.1  865s
 89284 78338    1.15800  111  263    0.87000    1.30800  50.3%  19.1  871s
 89772 78753    0.99600  182  238    0.87000    1.30800  50.3%  19.1  875s
 90336 79221    1.15800   44  330    0.87000    1.30800  50.3%  19.1  880s
 90795 79771    1.15800   48  393    0.87000    1.30800  50.3%  19.2  886s
 91505 80259    1.15800  150  306    0.87000    1.30800  50.3%  19.2  891s
 91851 80590    1.18800   46  274    0.87000    1.30800  50.3%  19.2  895s
 92509 81255    1.15800  121  283    0.87000    1.30800  50.3%  19.2  901s
 93252 81751    1.15800   51  306    0.87000    1.30800  50.3%  19.2  906s
 93817 82396    1.15800   49  375    0.87000    1.30800  50.3%  19.2  911s
 94554 82878    1.15800  118  210    0.87000    1.30800  50.3%  19.2  916s
 94987 83331    1.15800   46  347    0.87000    1.30800  50.3%  19.2  920s
 96091 84221    1.15800   57  235    0.87000    1.30800  50.3%  19.1  926s
 96773 84776    1.18800   61  276    0.87000    1.30800  50.3%  19.1  930s
 97568 85523    1.15800   51  240    0.87000    1.30800  50.3%  19.1  935s
 98310 86146    1.18800  116  306    0.87000    1.30800  50.3%  19.1  941s
 99156 86889 infeasible  239         0.87000    1.30800  50.3%  19.0  946s
 99778 87411    1.30800   54  373    0.87000    1.30800  50.3%  19.0  950s
 100455 87999    1.16400  327  232    0.87000    1.30800  50.3%  19.0  957s
 100665 88207    1.30800   42  297    0.87000    1.30800  50.3%  19.1  960s
 101254 88865    1.18800  222  282    0.87000    1.30800  50.3%  19.0  966s
 101596 89124    1.30800   74  349    0.87000    1.30800  50.3%  19.0  971s
 101943 89469    1.30800   39  257    0.87000    1.30800  50.3%  19.0  975s
 102649 90083    1.10400  444  158    0.87000    1.30800  50.3%  19.0  981s
 103079 90493    1.17600  279  278    0.87000    1.30800  50.3%  19.0  985s
 103763 91195    1.30800  101  409    0.87000    1.30800  50.3%  18.9  991s
 104489 91760    1.30800  155  435    0.87000    1.30800  50.3%  18.9  995s
 105134 92320    1.30800   91  385    0.87000    1.30800  50.3%  18.9 1000s
 106080 92971    1.18800  247  334    0.87000    1.30800  50.3%  18.9 1006s
 106709 93358 infeasible  254         0.87000    1.30800  50.3%  18.9 1010s
 107493 94051    1.30800   21  334    0.87000    1.30800  50.3%  18.9 1016s
 108054 94620    1.16400  109  302    0.87000    1.30800  50.3%  18.9 1020s
 108553 94829 infeasible   81         0.87000    1.30800  50.3%  19.0 1025s
 108807 94961    1.30800   45  505    0.87000    1.30800  50.3%  19.1 1030s
 109328 95358 infeasible  100         0.87000    1.30800  50.3%  19.1 1036s
 109606 95504    1.30800   46  506    0.87000    1.30800  50.3%  19.1 1040s
 110088 95855    1.30800  134  496    0.87000    1.30800  50.3%  19.1 1045s
 110582 96048 infeasible  127         0.87000    1.30800  50.3%  19.1 1057s
 111119 96191    1.30800  132  514    0.87000    1.30800  50.3%  19.2 1062s
 111782 96206    1.30800  112  393    0.87000    1.30800  50.3%  19.1 1065s
 112004 96220    1.30800   83  328    0.87000    1.30800  50.3%  19.2 1072s
 112139 96281    1.28400   91  264    0.87000    1.30800  50.3%  19.2 1075s
 112718 96641    1.30800   72  291    0.87000    1.30800  50.3%  19.2 1080s
 113193 96916 infeasible  187         0.87000    1.30800  50.3%  19.2 1086s
 113764 97392    1.30800   69  388    0.87000    1.30800  50.3%  19.2 1096s
 113906 97646    1.14000  180  253    0.87000    1.30800  50.3%  19.2 1100s
 114206 97797    1.16400  113  298    0.87000    1.30800  50.3%  19.2 1107s
 114390 98039    1.23600  138  241    0.87000    1.30800  50.3%  19.3 1113s
 114673 98213    1.30800   67  473    0.87000    1.30800  50.3%  19.2 1119s
 114891 98391    1.30800   69  393    0.87000    1.30800  50.3%  19.3 1124s
 115024 98391    1.16400  187  204    0.87000    1.30800  50.3%  19.3 1125s
 115146 98545    1.30800  100  298    0.87000    1.30800  50.3%  19.3 1130s
 115779 99067    1.21200  100  275    0.87000    1.30800  50.3%  19.3 1137s
 116034 99138    1.28400   87  312    0.87000    1.30800  50.3%  19.3 1140s
 116316 99376    1.30800   76  381    0.87000    1.30800  50.3%  19.4 1146s
 116703 99621 infeasible   95         0.87000    1.30800  50.3%  19.4 1151s
 116845 99747    1.18800  110  357    0.87000    1.30800  50.3%  19.4 1155s
 117188 100013 infeasible   75         0.87000    1.30800  50.3%  19.4 1163s
 117444 100085 infeasible  113         0.87000    1.30800  50.3%  19.5 1168s
 117597 100184    1.30800   48  287    0.87000    1.30800  50.3%  19.5 1171s
 117894 100340    1.30800   37  303    0.87000    1.30800  50.3%  19.5 1177s
 118024 100709    1.28400   98  382    0.87000    1.30800  50.3%  19.5 1181s
 118645 101149    1.21200  237  203    0.87000    1.30800  50.3%  19.5 1185s
 119282 101564    1.18800  100  365    0.87000    1.30800  50.3%  19.5 1191s
 119688 101961    1.18800  240  315    0.87000    1.30800  50.3%  19.6 1196s
 120200 102395    1.18800  160  314    0.87000    1.30800  50.3%  19.5 1200s
 120871 102926    1.18800  206  320    0.87000    1.30800  50.3%  19.5 1205s
 121238 103205    1.18800  209  355    0.87000    1.30800  50.3%  19.5 1210s
 121860 103658    1.18800  214  234    0.87000    1.30800  50.3%  19.6 1215s
 122448 104239    1.18800  254  318    0.87000    1.30800  50.3%  19.6 1221s
 122970 104708    1.18800  285  281    0.87000    1.30800  50.3%  19.5 1225s
 123713 105193 infeasible  205         0.87000    1.30800  50.3%  19.5 1231s
 124277 105739    1.18800  208  210    0.87000    1.30800  50.3%  19.5 1236s
 124926 106310    1.18800  291  264    0.87000    1.30800  50.3%  19.5 1241s
 125370 106615    1.30800   89  290    0.87000    1.30800  50.3%  19.5 1245s
 125838 106882    1.30800   51  309    0.87000    1.30800  50.3%  19.5 1252s
 126038 106953    1.30800  121  333    0.87000    1.30800  50.3%  19.5 1255s
 126345 107164    1.30800   70  333    0.87000    1.30800  50.3%  19.6 1260s
 126986 107699    1.18800  217  235    0.87000    1.30800  50.3%  19.6 1265s
 127841 108204    1.15200  217  294    0.87000    1.30800  50.3%  19.6 1271s
 128088 108491    1.28400  146  319    0.87000    1.30800  50.3%  19.6 1275s
 128303 108554    1.30800  108  344    0.87000    1.30800  50.3%  19.6 1281s
 128606 108927    1.18800  180  303    0.87000    1.30800  50.3%  19.6 1286s
 129030 109250    1.18800  254  278    0.87000    1.30800  50.3%  19.6 1290s
 129377 109560    1.18800  184  335    0.87000    1.30800  50.3%  19.7 1295s
 129961 110001    1.30800   93  370    0.87000    1.30800  50.3%  19.7 1301s
 130236 110248    1.27200  113  256    0.87000    1.30800  50.3%  19.7 1305s
 130671 110283    1.30800   66  347    0.87000    1.30800  50.3%  19.7 1310s
 131280 110721    1.30800   78  332    0.87000    1.30800  50.3%  19.7 1316s
 131543 110890    1.23600  115  219    0.87000    1.30800  50.3%  19.7 1320s
 132108 111095 infeasible   74         0.87000    1.30800  50.3%  19.8 1327s
 132493 111308 infeasible  117         0.87000    1.30800  50.3%  19.8 1331s
 132564 111560    1.30800   61  419    0.87000    1.30800  50.3%  19.8 1337s
 133231 111824    1.28400   90  376    0.87000    1.30800  50.3%  19.9 1342s
 133521 111901    1.27200  111  363    0.87000    1.30800  50.3%  19.9 1345s
 133989 112152    1.22400  151  346    0.87000    1.30800  50.3%  19.9 1350s
 134382 112362 infeasible  126         0.87000    1.30800  50.3%  20.0 1355s
 134896 112931    1.16400  147  355    0.87000    1.30800  50.3%  20.0 1362s
 135407 113221    1.16400  126  301    0.87000    1.30800  50.3%  20.0 1366s
 135833 113509    1.30800   77  422    0.87000    1.30800  50.3%  20.0 1371s
 136150 113734    1.16400  130  389    0.87000    1.30800  50.3%  20.1 1375s
 136544 114036    1.30800  103  423    0.87000    1.30800  50.3%  20.1 1380s
 137170 114489    1.30800  126  425    0.87000    1.30800  50.3%  20.1 1387s
 137642 114818    1.16400  148  349    0.87000    1.30800  50.3%  20.2 1391s
 138155 115121    1.18800  159  322    0.87000    1.30800  50.3%  20.1 1396s
 138328 115492    1.12800  217  134    0.87000    1.30800  50.3%  20.1 1401s
 138853 115791    1.26000  207  292    0.87000    1.30800  50.3%  20.2 1405s
 139337 116121 infeasible  145         0.87000    1.30800  50.3%  20.2 1410s
 139752 116400    1.30800  166  357    0.87000    1.30800  50.3%  20.2 1415s
 140367 116725    1.18800  169  311    0.87000    1.30800  50.3%  20.2 1420s
 140863 117189    1.15200  189  219    0.87000    1.30800  50.3%  20.2 1426s
 141206 117327    1.14000  160  316    0.87000    1.30800  50.3%  20.2 1430s
 141786 117743    1.30800  113  434    0.87000    1.30800  50.3%  20.2 1436s
 142165 117980    1.28400  181  286    0.87000    1.30800  50.3%  20.2 1441s
 142483 118137    1.14000  162  255    0.87000    1.30800  50.3%  20.2 1445s
 142749 118328    1.28400  126  288    0.87000    1.30800  50.3%  20.3 1450s
 143268 118660    1.30800  175  308    0.87000    1.30800  50.3%  20.3 1456s
 143693 118888    1.28400  120  337    0.87000    1.30800  50.3%  20.3 1460s
 144134 119176    1.28400  146  286    0.87000    1.30800  50.3%  20.3 1465s
 145062 119705 infeasible  278         0.87000    1.30800  50.3%  20.3 1471s
 145542 119987    1.30800  118  325    0.87000    1.30800  50.3%  20.3 1475s
 146144 120477    1.15800  115  373    0.87000    1.30800  50.3%  20.3 1480s
 146418 120497 infeasible  172         0.87000    1.30800  50.3%  20.3 1485s
 146572 120673    1.13400  119  406    0.87000    1.30800  50.3%  20.3 1491s
 147089 121196 infeasible   75         0.87000    1.30800  50.3%  20.3 1496s
 147445 121552    1.28400   83  325    0.87000    1.30800  50.3%  20.3 1500s
 148153 121924    1.08600  223  234    0.87000    1.30800  50.3%  20.3 1505s
 148674 122498    1.11000  160  301    0.87000    1.30800  50.3%  20.3 1510s
 149388 122942    1.13400   93  368    0.87000    1.30800  50.3%  20.3 1515s
 150144 123400    1.30800   85  360    0.87000    1.30800  50.3%  20.2 1521s
 150624 123865    1.26000  113  309    0.87000    1.30800  50.3%  20.2 1526s
 151211 124112    1.08600  169  286    0.87000    1.30800  50.3%  20.2 1530s
 151713 124370    1.30800  117  400    0.87000    1.30800  50.3%  20.2 1536s
 152233 124937    1.30800  106  413    0.87000    1.30800  50.3%  20.2 1541s
 152810 125117 infeasible  108         0.87000    1.30800  50.3%  20.2 1545s
 153396 125415 infeasible  135         0.87000    1.30800  50.3%  20.2 1551s
 153811 125630 infeasible  172         0.87000    1.30800  50.3%  20.2 1555s
 154054 125616    1.30800  128  376    0.87000    1.30800  50.3%  20.2 1561s
 154267 125635    1.23600  128  347    0.87000    1.30800  50.3%  20.3 1565s
 154528 125777    1.28400  132  300    0.87000    1.30800  50.3%  20.3 1573s
 154888 125769 infeasible  134         0.87000    1.30800  50.3%  20.4 1577s
 155061 125912    1.30800  140  345    0.87000    1.30800  50.3%  20.4 1581s
 155300 125894 infeasible  129         0.87000    1.30800  50.3%  20.4 1585s
 155505 126040    1.24800  114  247    0.87000    1.30800  50.3%  20.4 1593s
 155901 126072 infeasible  137         0.87000    1.30800  50.3%  20.4 1596s
 156403 126199 infeasible  119         0.87000    1.30800  50.3%  20.5 1603s
 156556 126250    1.30800  116  325    0.87000    1.30800  50.3%  20.5 1606s
 156898 126302    1.30800  118  364    0.87000    1.30800  50.3%  20.5 1612s
 157157 126254 infeasible  119         0.87000    1.30800  50.3%  20.5 1615s
 157360 126214 infeasible  130         0.87000    1.30800  50.3%  20.6 1621s
 157653 126159 infeasible  119         0.87000    1.30800  50.3%  20.6 1627s
 157783 126160    1.30800  105  350    0.87000    1.30800  50.3%  20.7 1631s
 157992 126158 infeasible  103         0.87000    1.30800  50.3%  20.7 1635s
 158255 126182    1.30800   90  382    0.87000    1.30800  50.3%  20.7 1641s
 158412 126330    1.28400  104  355    0.87000    1.30800  50.3%  20.8 1645s
 159021 126781    1.02600  261  147    0.87000    1.30800  50.3%  20.8 1652s
 159317 126965 infeasible  182         0.87000    1.30800  50.3%  20.8 1655s
 159815 127250    1.30800  112  413    0.87000    1.30800  50.3%  20.7 1662s
 160060 127382    1.30800  111  418    0.87000    1.30800  50.3%  20.7 1665s
 160572 127594    1.30800  126  362    0.87000    1.30800  50.3%  20.8 1672s
 160852 127630 infeasible  174         0.87000    1.30800  50.3%  20.8 1676s
 161382 127853    1.13400  168  308    0.87000    1.30800  50.3%  20.8 1683s
 161572 128027    1.08600  180  267    0.87000    1.30800  50.3%  20.8 1686s
 162079 128473    1.11000  164  220    0.87000    1.30800  50.3%  20.8 1693s
 162594 128522    1.08600  188  252    0.87000    1.30800  50.3%  20.8 1695s
 163150 129104    1.30800  135  354    0.87000    1.30800  50.3%  20.8 1701s
 163880 129400 infeasible  293         0.87000    1.30800  50.3%  20.7 1706s
 164060 129563 infeasible  194         0.87000    1.30800  50.3%  20.8 1710s
 164412 129711    1.08600  170  211    0.87000    1.30800  50.3%  20.8 1715s
 164823 129884    1.03800  272  122    0.87000    1.30800  50.3%  20.8 1721s
 165153 130160    1.06200  222  256    0.87000    1.30800  50.3%  20.8 1725s
 165875 130461 infeasible  152         0.87000    1.30800  50.3%  20.7 1731s
 166170 130585 infeasible  100         0.87000    1.30800  50.3%  20.7 1735s
 166592 130691 infeasible  135         0.87000    1.30800  50.3%  20.8 1741s
 166900 130883    1.28400  103  377    0.87000    1.30800  50.3%  20.8 1745s
 167552 130928 infeasible  114         0.87000    1.30800  50.3%  20.7 1751s
 167804 130948 infeasible   94         0.87000    1.30800  50.3%  20.7 1756s
 168040 130982 infeasible  189         0.87000    1.30800  50.3%  20.8 1760s
 168437 131106 infeasible  128         0.87000    1.30800  50.3%  20.8 1766s
 168827 131090 infeasible  124         0.87000    1.30800  50.3%  20.8 1772s
 168938 131127 infeasible  103         0.87000    1.30800  50.3%  20.8 1775s
 169247 131060 infeasible  138         0.87000    1.30800  50.3%  20.8 1783s
 169495 131026 infeasible  108         0.87000    1.30800  50.3%  20.9 1788s
 169746 131081 infeasible  141         0.87000    1.30800  50.3%  20.9 1794s
 170046 131319    1.26000  126  385    0.87000    1.30800  50.3%  20.9 1798s
 170367 131510    1.08600  143  323    0.87000    1.30800  50.3%  20.9 1803s
 170666 131587    1.28400  129  395    0.87000    1.30800  50.3%  20.9 1806s
 170854 131788 infeasible  149         0.87000    1.30800  50.3%  20.9 1810s
 171431 132231    1.03800  238  149    0.87000    1.30800  50.3%  20.9 1818s
 171757 132465    1.28400  144  331    0.87000    1.30800  50.3%  20.9 1821s
 172356 132851    1.11000  131  269    0.87000    1.30800  50.3%  20.9 1827s
 172605 133056    1.11000  147  312    0.87000    1.30800  50.3%  20.9 1831s
 173022 133361    1.08600  160  293    0.87000    1.30800  50.3%  20.9 1837s
 173402 133464    1.03800  194  227    0.87000    1.30800  50.3%  20.9 1840s
 173777 133691    1.06200  192  232    0.87000    1.30800  50.3%  20.9 1845s
 174139 133894 infeasible  123         0.87000    1.30800  50.3%  20.9 1851s
 174572 134064    1.30800  102  412    0.87000    1.30800  50.3%  20.9 1857s
 174673 134146    1.28400  138  340    0.87000    1.30800  50.3%  20.9 1860s
 175057 134226    1.23600  178  299    0.87000    1.30800  50.3%  20.9 1866s
 175394 134436    1.28400  116  288    0.87000    1.30800  50.3%  20.9 1872s
 175720 134466 infeasible  111         0.87000    1.30800  50.3%  20.9 1877s
 175976 134474 infeasible  135         0.87000    1.30800  50.3%  20.9 1882s
 176124 134566    1.30800  126  379    0.87000    1.30800  50.3%  20.9 1885s
 176529 134635    1.29600  157  303    0.87000    1.30800  50.3%  20.9 1891s
 176691 134643 infeasible  125         0.87000    1.30800  50.3%  20.9 1895s
 177082 134750 infeasible  137         0.87000    1.30800  50.3%  21.0 1901s
 177299 134766    1.28400  121  320    0.87000    1.30800  50.3%  21.0 1905s
 177700 134746 infeasible  115         0.87000    1.30800  50.3%  21.0 1912s
 177723 134755 infeasible  134         0.87000    1.30800  50.3%  21.0 1915s
 177913 134980    1.08600  133  306    0.87000    1.30800  50.3%  21.0 1922s
 178132 135241    1.30800  128  334    0.87000    1.30800  50.3%  21.0 1927s
 178680 135191    1.28400  106  379    0.87000    1.30800  50.3%  21.0 1930s
 179024 135404    1.26000  121  330    0.87000    1.30800  50.3%  21.0 1937s
 179275 135538    1.08600  211  166    0.87000    1.30800  50.3%  21.0 1940s
 179738 135720    1.30800   92  424    0.87000    1.30800  50.3%  21.1 1947s
 179967 135742    1.30800  112  411    0.87000    1.30800  50.3%  21.0 1951s
 180196 136064    1.06200  190  270    0.87000    1.30800  50.3%  21.0 1957s
 180514 136189    1.30800  120  406    0.87000    1.30800  50.3%  21.0 1960s
 180984 136375 infeasible  142         0.87000    1.30800  50.3%  21.0 1968s
 181113 136473    1.30800  166  339    0.87000    1.30800  50.3%  21.0 1970s
 181473 136652    1.30800  112  412    0.87000    1.30800  50.3%  21.0 1976s
 182047 137035    1.30800   97  377    0.87000    1.30800  50.3%  21.0 1982s
 182380 137031 infeasible  124         0.87000    1.30800  50.3%  21.0 1985s
 182703 137070    1.30800  132  358    0.87000    1.30800  50.3%  21.0 1991s
 183065 137088 infeasible  142         0.87000    1.30800  50.3%  21.0 1997s
 183421 137250 infeasible   92         0.87000    1.30800  50.3%  21.1 2003s
 183546 137280    1.30800  106  393    0.87000    1.30800  50.3%  21.1 2006s
 183909 137508    1.26000  124  345    0.87000    1.30800  50.3%  21.1 2012s
 184116 137589 infeasible   95         0.87000    1.30800  50.3%  21.1 2015s
 184473 137798    1.06200  186  270    0.87000    1.30800  50.3%  21.1 2020s
 184821 137900    1.30800   90  349    0.87000    1.30800  50.3%  21.1 2026s
 185136 138106    1.30800   97  450    0.87000    1.30800  50.3%  21.2 2031s
 185369 138158 infeasible  179         0.87000    1.30800  50.3%  21.2 2035s
 185672 138246 infeasible   99         0.87000    1.30800  50.3%  21.2 2041s
 185993 138398    1.30800  123  390    0.87000    1.30800  50.3%  21.2 2048s
 186162 138740 infeasible  131         0.87000    1.30800  50.3%  21.2 2051s
 186657 138697    1.12200  176  297    0.87000    1.30800  50.3%  21.2 2055s
 187129 138909    1.26000  122  359    0.87000    1.30800  50.3%  21.2 2062s
 187368 139129    1.13400  141  342    0.87000    1.30800  50.3%  21.2 2065s
 187778 139294    1.30800   93  409    0.87000    1.30800  50.3%  21.2 2070s
 188184 139398    1.30800  131  383    0.87000    1.30800  50.3%  21.2 2076s
 188406 139501    1.28400  102  359    0.87000    1.30800  50.3%  21.2 2080s
 188861 139757    1.11000   90  294    0.87000    1.30800  50.3%  21.3 2086s
 189344 140108    1.17600  184  160    0.87000    1.30800  50.3%  21.3 2092s
 189512 140246    1.28400   72  394    0.87000    1.30800  50.3%  21.3 2096s
 189845 140591    1.08600  133  336    0.87000    1.30800  50.3%  21.3 2102s
 190418 141009    1.13400  115  328    0.87000    1.30800  50.3%  21.3 2108s
 190695 141158    1.05000  268  220    0.87000    1.30800  50.3%  21.3 2111s
 191170 141461    1.09800  228  298    0.87000    1.30800  50.3%  21.3 2117s
 191370 141595    1.29600  106  335    0.87000    1.30800  50.3%  21.3 2121s
 191804 141873    1.13400   82  319    0.87000    1.30800  50.3%  21.3 2126s
 192189 142073 infeasible  116         0.87000    1.30800  50.3%  21.3 2132s
 192358 142073 infeasible   91         0.87000    1.30800  50.3%  21.3 2135s
 192364 142089    1.30800   82  367    0.87000    1.30800  50.3%  21.3 2140s
 192466 142214    1.28400  110  304    0.87000    1.30800  50.3%  21.3 2147s
 192645 142507    1.30800  138  319    0.87000    1.30800  50.3%  21.4 2150s
 193216 142874    1.30800  130  375    0.87000    1.30800  50.3%  21.4 2157s
 193777 143073    1.23600  186  250    0.87000    1.30800  50.3%  21.4 2162s
 194037 143075 infeasible  112         0.87000    1.30800  50.3%  21.4 2165s
 194410 143289    1.26000  121  298    0.87000    1.30800  50.3%  21.4 2170s
 194822 143540 infeasible   71         0.87000    1.30800  50.3%  21.4 2176s
 195224 143705    1.23600  126  332    0.87000    1.30800  50.3%  21.4 2182s
 195696 143992    1.08600  180  258    0.87000    1.30800  50.3%  21.4 2187s
 195853 144114    1.30800  109  363    0.87000    1.30800  50.3%  21.4 2190s
 196227 144268    1.28400   95  401    0.87000    1.30800  50.3%  21.4 2196s
 196612 144548    1.30800  121  370    0.87000    1.30800  50.3%  21.4 2201s
 197036 144774    1.29600  111  330    0.87000    1.30800  50.3%  21.5 2207s
 197216 144930 infeasible  123         0.87000    1.30800  50.3%  21.5 2210s
 197623 145179 infeasible  130         0.87000    1.30800  50.3%  21.5 2216s
 197990 145364    1.30800   79  428    0.87000    1.30800  50.3%  21.5 2221s
 198291 145553    1.23600  125  290    0.87000    1.30800  50.3%  21.5 2227s
 198514 145630    1.08600  216  276    0.87000    1.30800  50.3%  21.5 2230s
 198911 145902    1.28400   92  352    0.87000    1.30800  50.3%  21.5 2237s
 199146 146005    1.30800  105  352    0.87000    1.30800  50.3%  21.5 2240s
 199538 146143 infeasible  145         0.87000    1.30800  50.3%  21.6 2246s
 199890 146291 infeasible  119         0.87000    1.30800  50.3%  21.6 2253s
 200064 146424    1.30800  120  354    0.87000    1.30800  50.3%  21.6 2256s
 200516 146767    1.23600  168  311    0.87000    1.30800  50.3%  21.7 2264s
 200855 146871    1.23600  146  328    0.87000    1.30800  50.3%  21.7 2267s
 201037 147000    1.28400  135  312    0.87000    1.30800  50.3%  21.7 2270s
 201512 147395    1.28400  199  309    0.87000    1.30800  50.3%  21.7 2277s
 202056 147680    1.30800  116  400    0.87000    1.30800  50.3%  21.7 2283s
 202329 147720    1.30800   77  353    0.87000    1.30800  50.3%  21.7 2286s
 202751 147961 infeasible  168         0.87000    1.30800  50.3%  21.7 2292s
 203202 148038 infeasible  127         0.87000    1.30800  50.3%  21.7 2298s
 203356 148204    1.28400  171  323    0.87000    1.30800  50.3%  21.7 2300s
 203707 148382    1.28400  126  360    0.87000    1.30800  50.3%  21.7 2306s
 204120 148731    1.13400  138  317    0.87000    1.30800  50.3%  21.7 2312s
 204482 148826 infeasible  176         0.87000    1.30800  50.3%  21.7 2315s
 204978 149215    1.30800   65  412    0.87000    1.30800  50.3%  21.7 2321s
 205559 149621    1.16400  170  226    0.87000    1.30800  50.3%  21.7 2326s
 206116 149963 infeasible   85         0.87000    1.30800  50.3%  21.7 2332s
 206215 150501    1.11000  100  298    0.87000    1.30800  50.3%  21.7 2337s
 206994 150862    1.01400  178  189    0.87000    1.30800  50.3%  21.7 2341s
 207487 151310 infeasible  186         0.87000    1.30800  50.3%  21.7 2345s
 208317 151763    1.15800  132  402    0.87000    1.30800  50.3%  21.6 2351s
 208797 152193    1.13400  146  284    0.87000    1.30800  50.3%  21.6 2355s
 209206 152376 infeasible  102         0.87000    1.30800  50.3%  21.6 2361s
 209444 152554    1.11000   77  385    0.87000    1.30800  50.3%  21.6 2365s
 209647 152619    1.08600  138  299    0.87000    1.30800  50.3%  21.6 2371s
 209832 152873    1.26000  100  318    0.87000    1.30800  50.3%  21.6 2377s
 210244 153106    1.06200  227  191    0.87000    1.30800  50.3%  21.6 2381s
 210476 153283    1.15800   95  332    0.87000    1.30800  50.3%  21.6 2385s
 210949 153592    1.28400   87  455    0.87000    1.30800  50.3%  21.6 2392s
 211278 153787 infeasible  140         0.87000    1.30800  50.3%  21.6 2396s
 211680 154032    1.06200  254  177    0.87000    1.30800  50.3%  21.6 2401s
 212214 154373 infeasible  179         0.87000    1.30800  50.3%  21.6 2405s
 212666 154716    1.28400   97  380    0.87000    1.30800  50.3%  21.6 2410s
 213303 155383    1.11000  153  284    0.87000    1.30800  50.3%  21.6 2416s
 213615 155458    1.30800   94  439    0.87000    1.30800  50.3%  21.6 2420s
 213759 155756    1.28400  107  377    0.87000    1.30800  50.3%  21.6 2425s
 214259 156048    1.11000  144  354    0.87000    1.30800  50.3%  21.6 2432s
 214586 156126    1.15800  173  476    0.87000    1.30800  50.3%  21.5 2435s
 215169 156651    1.13400  122  428    0.87000    1.30800  50.3%  21.5 2441s
 215646 157008    1.13400  157  454    0.87000    1.30800  50.3%  21.5 2445s
 216410 157384    1.30800   95  432    0.87000    1.30800  50.3%  21.5 2450s
 216788 157708    1.28400  108  354    0.87000    1.30800  50.3%  21.5 2456s
 217070 157851    1.08600  109  350    0.87000    1.30800  50.3%  21.5 2461s
 217320 158067 infeasible  120         0.87000    1.30800  50.3%  21.5 2465s
 217550 158262 infeasible  165         0.87000    1.30800  50.3%  21.5 2471s
 217774 158404    1.09800  271  270    0.87000    1.30800  50.3%  21.5 2475s
 218175 158676    1.08600  187  251    0.87000    1.30800  50.3%  21.5 2480s
 218506 158964    1.09800  198  243    0.87000    1.30800  50.3%  21.5 2489s
 218752 159074 infeasible  102         0.87000    1.30800  50.3%  21.5 2492s
 219086 159290    1.30800  130  342    0.87000    1.30800  50.3%  21.5 2497s
 219213 159479    1.06200  188  193    0.87000    1.30800  50.3%  21.5 2500s
 219596 159737    1.11000  225  196    0.87000    1.30800  50.3%  21.5 2506s
 220038 160090    1.08600  207  292    0.87000    1.30800  50.3%  21.5 2511s
 220334 160225    1.30560  157  344    0.87000    1.30800  50.3%  21.5 2517s
 220487 160278 infeasible  115         0.87000    1.30800  50.3%  21.5 2520s
 220960 160665 infeasible  186         0.87000    1.30800  50.3%  21.4 2527s
 221098 161031    1.30800  139  319    0.87000    1.30800  50.3%  21.5 2531s
 221676 161223    1.08600  164  267    0.87000    1.30800  50.3%  21.4 2536s
 222039 161448    1.11000  128  311    0.87000    1.30800  50.3%  21.4 2542s
 222432 161797    1.15800  139  388    0.87000    1.30800  50.3%  21.4 2547s
 222644 161878 infeasible  113         0.87000    1.30800  50.3%  21.4 2550s
 222954 162135    1.13400  107  366    0.87000    1.30800  50.3%  21.5 2556s
 223356 162474    1.15800  100  409    0.87000    1.30800  50.3%  21.5 2562s
 223580 162649    1.15800  166  363    0.87000    1.30800  50.3%  21.5 2565s
 223991 162996    1.30800  144  377    0.87000    1.30800  50.3%  21.5 2571s
 224448 163411    1.13400  136  340    0.87000    1.30800  50.3%  21.4 2576s
 224957 163822    1.13400  236  293    0.87000    1.30800  50.3%  21.4 2582s
 225195 164053    1.08600  194  316    0.87000    1.30800  50.3%  21.4 2585s
 225662 164375    1.26000  173  245    0.87000    1.30800  50.3%  21.4 2590s
 226085 164777    1.30800  131  358    0.87000    1.30800  50.3%  21.4 2596s
 226545 165034    1.15800  155  380    0.87000    1.30800  50.3%  21.4 2601s
 226938 165406    1.15800  156  361    0.87000    1.30800  50.3%  21.4 2606s
 227346 165638 infeasible  379         0.87000    1.30800  50.3%  21.4 2611s
 227763 165981    1.02600  330  164    0.87000    1.30800  50.3%  21.4 2617s
 227947 166130    1.06200  196  296    0.87000    1.30800  50.3%  21.4 2620s
 228399 166609    1.07400  277  298    0.87000    1.30800  50.3%  21.3 2626s
 228813 166891    1.08600  176  221    0.87000    1.30800  50.3%  21.3 2630s
 229281 167297    1.03800  342  169    0.87000    1.30800  50.3%  21.3 2635s
 229676 167533 infeasible  234         0.87000    1.30800  50.3%  21.3 2640s
 229804 167596    1.15800  183  323    0.87000    1.30800  50.3%  21.3 2645s
 230254 168036    1.15800  185  369    0.87000    1.30800  50.3%  21.3 2650s
 230671 168327 infeasible  182         0.87000    1.30800  50.3%  21.3 2655s
 230982 168484 infeasible  277         0.87000    1.30800  50.3%  21.3 2660s
 231241 168749    1.11000  175  366    0.87000    1.30800  50.3%  21.3 2665s
 231633 169092    1.13400  230  279    0.87000    1.30800  50.3%  21.3 2670s
 232056 169432    1.13400  219  218    0.87000    1.30800  50.3%  21.3 2676s
 232517 169759    1.15800  167  359    0.87000    1.30800  50.3%  21.3 2681s
 232939 170037 infeasible  107         0.87000    1.30800  50.3%  21.3 2686s
 233290 170283    1.11000  123  313    0.87000    1.30800  50.3%  21.3 2692s
 233711 170537 infeasible  207         0.87000    1.30800  50.3%  21.3 2697s
 233838 170739    1.15800  163  394    0.87000    1.30800  50.3%  21.3 2700s
 234262 171003    1.15800  227  330    0.87000    1.30800  50.3%  21.3 2705s
 234627 171314    1.13400  249  278    0.87000    1.30800  50.3%  21.3 2711s
 235101 171673    1.13400  241  196    0.87000    1.30800  50.3%  21.3 2716s
 235574 172044    1.07400  305  190    0.87000    1.30800  50.3%  21.2 2721s
 235823 172169    1.15800  184  307    0.87000    1.30800  50.3%  21.2 2725s
 236265 172556    1.13400  250  216    0.87000    1.30800  50.3%  21.3 2732s
 236491 172815    1.11000  207  333    0.87000    1.30800  50.3%  21.3 2736s
 236961 173099    1.11000  187  236    0.87000    1.30800  50.3%  21.2 2742s
 237420 173393    1.08600  288  264    0.87000    1.30800  50.3%  21.2 2747s
 237591 173462    1.06200  223  325    0.87000    1.30800  50.3%  21.2 2750s
 237973 173945    1.05000  331  178    0.87000    1.30800  50.3%  21.2 2756s
 238507 174364    1.15800  211  364    0.87000    1.30800  50.3%  21.2 2762s
 238784 174430 infeasible  229         0.87000    1.30800  50.3%  21.2 2765s
 239144 174758 infeasible  258         0.87000    1.30800  50.3%  21.2 2771s
 239615 175126    1.13400  258  336    0.87000    1.30800  50.3%  21.2 2777s
 239785 175312    1.15800  166  441    0.87000    1.30800  50.3%  21.2 2780s
 240175 175615    1.11000  179  375    0.87000    1.30800  50.3%  21.2 2785s
 240574 175905    1.13400  260  262    0.87000    1.30800  50.3%  21.2 2791s
 241018 176068    1.15800  189  418    0.87000    1.30800  50.3%  21.2 2797s
 241033 176133    1.15800  196  392    0.87000    1.30800  50.3%  21.2 2801s
 241128 176420    1.15800  193  384    0.87000    1.30800  50.3%  21.2 2805s
 241649 176837    1.15800  174  412    0.87000    1.30800  50.3%  21.2 2810s
 242264 177280    1.11000  344  274    0.87000    1.30800  50.3%  21.2 2815s
 242726 177606    1.28400  145  384    0.87000    1.30800  50.3%  21.1 2821s
 243306 178094    1.06200  249  233    0.87000    1.30800  50.3%  21.1 2827s
 243765 178285    1.15800  185  359    0.87000    1.30800  50.3%  21.1 2831s
 244147 178559    1.28160  136  388    0.87000    1.30800  50.3%  21.1 2836s
 244567 178942    1.06200  260  251    0.87000    1.30800  50.3%  21.1 2840s
 245186 179328    1.13400  200  345    0.87000    1.30800  50.3%  21.1 2846s
 245534 179520    1.28400  116  350    0.87000    1.30800  50.3%  21.1 2850s
 245832 179774    1.09800  215  219    0.87000    1.30800  50.3%  21.1 2855s
 246157 179987 infeasible   99         0.87000    1.30800  50.3%  21.1 2860s
 246486 180264    1.15800  179  349    0.87000    1.30800  50.3%  21.1 2865s
 246855 180527 infeasible  128         0.87000    1.30800  50.3%  21.1 2870s
 247264 180752 infeasible  195         0.87000    1.30800  50.3%  21.1 2875s
 247530 181035    1.13400  203  318    0.87000    1.30800  50.3%  21.1 2880s
 247877 181356    1.15800  188  405    0.87000    1.30800  50.3%  21.1 2885s
 248276 181579    1.15800  221  283    0.87000    1.30800  50.3%  21.1 2891s
 248669 181876    1.06200  285  340    0.87000    1.30800  50.3%  21.1 2896s
 248984 182107    1.11000  242  285    0.87000    1.30800  50.3%  21.1 2901s
 249456 182577    1.01400  376  182    0.87000    1.30800  50.3%  21.0 2907s
 249712 182658    1.11000  184  288    0.87000    1.30800  50.3%  21.0 2910s
 250022 182851    1.13400  193  311    0.87000    1.30800  50.3%  21.0 2915s
 250310 183196 infeasible  218         0.87000    1.30800  50.3%  21.0 2921s
 250754 183489    1.30800  149  387    0.87000    1.30800  50.3%  21.0 2926s
 251145 183760    1.11000   96  351    0.87000    1.30800  50.3%  21.0 2931s
 251308 183877    1.30800  183  384    0.87000    1.30800  50.3%  21.0 2935s
 251658 184214    1.11000  201  369    0.87000    1.30800  50.3%  21.0 2941s
 252136 184587    1.23600  136  305    0.87000    1.30800  50.3%  21.0 2947s
 252654 185017    1.15800  205  471    0.87000    1.30800  50.3%  21.0 2952s
 252887 185108    1.05000  335  244    0.87000    1.30800  50.3%  21.0 2955s
 253215 185393    1.26000  155  326    0.87000    1.30800  50.3%  21.0 2961s
 253399 185588    1.15800  199  450    0.87000    1.30800  50.3%  21.0 2965s
 253808 185816    1.06200  261  226    0.87000    1.30800  50.3%  21.0 2971s
 254006 185864    1.06200  137  248    0.87000    1.30800  50.3%  21.0 2976s
 254117 186092    1.08600  202  338    0.87000    1.30800  50.3%  21.0 2980s
 254434 186210    1.11000  272  320    0.87000    1.30800  50.3%  21.0 2986s
 254605 186372    1.11000  182  286    0.87000    1.30800  50.3%  21.0 2991s
 255176 186780    1.28400   94  314    0.87000    1.30800  50.3%  21.0 2997s
 255677 187201 infeasible  282         0.87000    1.30800  50.3%  21.0 3002s
 256230 187597    1.13400  205  397    0.87000    1.30800  50.3%  21.0 3007s
 256358 187872    1.13400  207  377    0.87000    1.30800  50.3%  21.0 3010s
 256852 188267    1.15800  234  320    0.87000    1.30800  50.3%  20.9 3015s
 257332 188501    1.13400  178  353    0.87000    1.30800  50.3%  20.9 3020s
 257791 188916    1.13400  217  304    0.87000    1.30800  50.3%  20.9 3029s
 258298 189035    1.15800  189  346    0.87000    1.30800  50.3%  20.9 3032s
 258447 189346    1.30800   69  391    0.87000    1.30800  50.3%  20.9 3035s
 258924 189583    1.15800  213  326    0.87000    1.30800  50.3%  20.9 3040s
 259339 189924    1.08600  195  373    0.87000    1.30800  50.3%  20.9 3045s
 259817 190192    1.30800   83  419    0.87000    1.30800  50.3%  20.9 3050s
 260240 190444    1.15800   92  417    0.87000    1.30800  50.3%  20.9 3056s
 260628 190773    1.06200  269  233    0.87000    1.30800  50.3%  20.8 3060s
 261226 191024    1.28400  109  440    0.87000    1.30800  50.3%  20.8 3065s
 261414 191101 infeasible  146         0.87000    1.30800  50.3%  20.8 3071s
 261492 191276    1.26000  112  292    0.87000    1.30800  50.3%  20.9 3075s
 262033 191741    1.28400   94  462    0.87000    1.30800  50.3%  20.9 3080s
 262637 192137    1.28400  100  451    0.87000    1.30800  50.3%  20.9 3085s
 263308 192558    1.15800   98  435    0.87000    1.30800  50.3%  20.9 3090s
 263861 193104    1.08600  176  358    0.87000    1.30800  50.3%  20.9 3095s
 264716 193717    1.23600  150  249    0.87000    1.30800  50.3%  20.9 3100s
 265336 194063 infeasible   73         0.87000    1.30800  50.3%  20.9 3106s
 265726 194380    1.13400   94  417    0.87000    1.30800  50.3%  20.9 3110s
 266306 194675    1.13400   87  415    0.87000    1.30800  50.3%  20.9 3116s
 266764 194976    1.13400  104  356    0.87000    1.30800  50.3%  20.9 3120s
 267336 195243 infeasible  162         0.87000    1.30800  50.3%  21.0 3126s
 267748 195493    1.26000   93  318    0.87000    1.30800  50.3%  21.0 3130s
 268417 195829    1.30800  126  377    0.87000    1.30800  50.3%  21.0 3136s
 268870 195931 infeasible  136         0.87000    1.30800  50.3%  21.0 3140s
 269265 196137 infeasible  247         0.87000    1.30800  50.3%  21.0 3145s
 269824 196401    1.26000  160  276    0.87000    1.30800  50.3%  21.1 3150s
 270491 196730    1.13400  172  329    0.87000    1.30800  50.3%  21.1 3156s
 270964 197006    1.20000  134  257    0.87000    1.30800  50.3%  21.1 3160s
 271603 197405    1.28400   68  352    0.87000    1.30800  50.3%  21.1 3166s
 272008 197578    1.28400   99  366    0.87000    1.30800  50.3%  21.2 3170s
 272686 197853 infeasible  204         0.87000    1.30800  50.3%  21.2 3176s
 273080 198212    1.28400  118  422    0.87000    1.30800  50.3%  21.2 3180s
 273706 198500    1.30800   98  335    0.87000    1.30800  50.3%  21.2 3186s
 274090 198668    1.30800   91  376    0.87000    1.30800  50.3%  21.2 3190s
 274794 199004    1.30800   85  340    0.87000    1.30800  50.3%  21.2 3196s
 275205 199175 infeasible  103         0.87000    1.30800  50.3%  21.2 3200s
 275774 199349 infeasible  175         0.87000    1.30800  50.3%  21.3 3205s
 276239 199534    1.26000  106  338    0.87000    1.30800  50.3%  21.3 3212s
 276603 199715    1.30800  146  376    0.87000    1.30800  50.3%  21.3 3215s
 277227 200004 infeasible  152         0.87000    1.30800  50.3%  21.3 3221s
 277433 199998 infeasible  135         0.87000    1.30800  50.3%  21.3 3225s
 277488 200068    1.30800  116  348    0.87000    1.30800  50.3%  21.3 3230s
 277765 200338    1.30800   98  379    0.87000    1.30800  50.3%  21.4 3236s
 278282 200434    1.30800   97  441    0.87000    1.30800  50.3%  21.4 3241s
 278794 200584    1.30800  119  396    0.87000    1.30800  50.3%  21.4 3245s
 279483 200659    1.30800   81  379    0.87000    1.30800  50.3%  21.4 3251s
 279919 200818 infeasible   85         0.87000    1.30800  50.3%  21.4 3255s
 280331 200988 infeasible  110         0.87000    1.30800  50.3%  21.4 3260s
 280962 201278    1.28400  122  344    0.87000    1.30800  50.3%  21.5 3266s
 281381 201534    1.28400   78  339    0.87000    1.30800  50.3%  21.5 3270s
 281823 201844    1.26000   75  337    0.87000    1.30800  50.3%  21.5 3275s
 282622 202234 infeasible   90         0.87000    1.30800  50.3%  21.5 3280s
 283155 202599 infeasible   95         0.87000    1.30800  50.3%  21.5 3286s
 283554 202845    1.30800  155  368    0.87000    1.30800  50.3%  21.5 3290s
 284361 203315 infeasible  110         0.87000    1.30800  50.3%  21.5 3295s
 284965 203811    1.26000   85  309    0.87000    1.30800  50.3%  21.5 3301s
 285356 204050    1.18800  133  227    0.87000    1.30800  50.3%  21.6 3305s
 286013 204294 infeasible  175         0.87000    1.30800  50.3%  21.6 3310s
 286663 204959    1.30800  102  413    0.87000    1.30800  50.3%  21.6 3316s
 287193 205319    1.24800  147  364    0.87000    1.30800  50.3%  21.6 3320s
 288149 205910    1.08600  225  147    0.87000    1.30800  50.3%  21.5 3326s
 288794 206183 infeasible  118         0.87000    1.30800  50.3%  21.5 3330s
 289396 206532    1.28400  117  317    0.87000    1.30800  50.3%  21.5 3335s
 289913 206896    1.22400  127  320    0.87000    1.30800  50.3%  21.5 3340s
 290632 207272 infeasible  111         0.87000    1.30800  50.3%  21.6 3346s
 291184 207599    1.07400  227  184    0.87000    1.30800  50.3%  21.5 3351s
 291659 207854 infeasible  119         0.87000    1.30800  50.3%  21.6 3355s
 292192 208139    1.13400  222  294    0.87000    1.30800  50.3%  21.6 3361s
 292806 208429 infeasible  100         0.87000    1.30800  50.3%  21.6 3365s
 293271 208774    1.28400   95  375    0.87000    1.30800  50.3%  21.6 3370s
 293849 209071    1.15800   97  345    0.87000    1.30800  50.3%  21.6 3376s
 294463 209566    1.21200  122  321    0.87000    1.30800  50.3%  21.6 3381s
 294863 209887    1.13400   84  382    0.87000    1.30800  50.3%  21.6 3385s
 295672 210333    1.30800   53  436    0.87000    1.30800  50.3%  21.6 3390s
 296168 210725    1.30800   83  384    0.87000    1.30800  50.3%  21.6 3395s
 296850 211048    1.30800   48  408    0.87000    1.30800  50.3%  21.6 3400s
 297830 211739    1.11000  135  294    0.87000    1.30800  50.3%  21.6 3406s
 298477 212296 infeasible  104         0.87000    1.30800  50.3%  21.6 3410s
 298921 212437 infeasible  123         0.87000    1.30800  50.3%  21.6 3415s
 299727 213077    1.16400   99  313    0.87000    1.30800  50.3%  21.6 3421s
 300247 213531    1.30800   88  401    0.87000    1.30800  50.3%  21.6 3425s
 300999 213905    1.30800   76  431    0.87000    1.30800  50.3%  21.6 3430s
 301974 214494 infeasible   81         0.87000    1.30800  50.3%  21.5 3436s
 302522 214843    1.16400  124  228    0.87000    1.30800  50.3%  21.6 3441s
 303088 215231    1.30800   79  423    0.87000    1.30800  50.3%  21.6 3446s
 303718 215475    1.23600   84  396    0.87000    1.30800  50.3%  21.6 3451s
 304151 215769    1.26000  116  312    0.87000    1.30800  50.3%  21.6 3456s
 304577 215959    1.30800   75  406    0.87000    1.30800  50.3%  21.6 3460s
 305007 216256 infeasible  126         0.87000    1.30800  50.3%  21.6 3466s
 305374 216471    1.26000   91  315    0.87000    1.30800  50.3%  21.6 3470s
 305958 216798    1.30800   97  358    0.87000    1.30800  50.3%  21.6 3475s
 306217 216998    1.26000  124  293    0.87000    1.30800  50.3%  21.6 3480s
 306838 217317 infeasible  100         0.87000    1.30800  50.3%  21.6 3486s
 307180 217483 infeasible   89         0.87000    1.30800  50.3%  21.6 3490s
 307819 218016    1.28400  158  272    0.87000    1.30800  50.3%  21.6 3496s
 308152 218160    1.26000  132  275    0.87000    1.30800  50.3%  21.6 3500s
 308714 218375    1.28400  125  313    0.87000    1.30800  50.3%  21.7 3506s
 309053 218565 infeasible  152         0.87000    1.30800  50.3%  21.7 3511s
 309431 218766 infeasible  121         0.87000    1.30800  50.3%  21.7 3515s
 310022 219113    1.30800  109  358    0.87000    1.30800  50.3%  21.7 3521s
 310411 219239 infeasible  135         0.87000    1.30800  50.3%  21.7 3525s
 310982 219456    1.28400  130  297    0.87000    1.30800  50.3%  21.7 3532s
 311160 219563    1.28400  106  335    0.87000    1.30800  50.3%  21.7 3535s
 311554 219789    1.30800  137  296    0.87000    1.30800  50.3%  21.7 3540s
 312001 219954    1.30800  131  288    0.87000    1.30800  50.3%  21.8 3545s
 312563 220096 infeasible  145         0.87000    1.30800  50.3%  21.8 3552s
 312960 220273 infeasible   59         0.87000    1.30800  50.3%  21.8 3556s
 313350 220407 infeasible  116         0.87000    1.30800  50.3%  21.8 3561s
 313756 220603 infeasible  150         0.87000    1.30800  50.3%  21.8 3566s
 314206 220806    1.27200  117  354    0.87000    1.30800  50.3%  21.8 3570s
 314896 221444    1.15800  102  381    0.87000    1.30800  50.3%  21.9 3577s
 315566 222055    1.30800  119  425    0.87000    1.30800  50.3%  21.8 3581s
 316129 222453    1.11000  211  374    0.87000    1.30800  50.3%  21.8 3585s
 316562 222730    1.05000  176  125    0.87000    1.30800  50.3%  21.8 3590s
 317233 223103    1.15800  133  341    0.87000    1.30800  50.3%  21.8 3596s
 317265 223147    1.13400  158  321    0.87000    1.30800  50.3%  21.8 3600s

Cutting planes:
  Cover: 101
  Implied bound: 7
  Clique: 69
  Flow cover: 9
  RLT: 1
  Relax-and-lift: 1
  PSD: 1

Explored 317283 nodes (6941116 simplex iterations) in 3600.14 seconds (1009.24 work units)
Thread count was 4 (of 4 available processors)

Solution count 5: 0.87 0.858 0.738 ... 0.18

Time limit reached
Best objective 8.700000000000e-01, best bound 1.308000000000e+00, gap 50.3448%
