10 10 10
0 0 4 2 5 6 5 1
5 0 4 2 5 6 5 1
0 4 0 2 3 4 7 1
0 7 0 2 3 4 7 1
8 0 0 2 3 4 7 1
8 3 0 2 3 4 7 1
0 0 0 3 2 2 12 1
0 2 0 3 2 2 12 1
2 0 6 3 2 2 12 1
2 0 8 3 2 2 12 1
2 2 4 3 2 2 12 1
2 2 6 3 2 2 12 1
2 2 8 3 2 2 12 1
2 4 2 3 2 2 12 1
2 4 4 3 2 2 12 1
2 4 6 3 2 2 12 1
2 4 8 3 2 2 12 1
2 6 0 3 2 2 12 1
2 6 6 3 2 2 12 1
2 8 8 3 2 2 12 1
5 2 2 3 2 2 12 1
7 0 4 3 2 2 12 1
7 0 6 3 2 2 12 1
7 0 8 3 2 2 12 1
7 2 4 3 2 2 12 1
7 2 8 3 2 2 12 1
7 8 2 3 2 2 12 1
7 8 6 3 2 2 12 1
2 0 4 3 2 2 12 1
2 4 0 3 2 2 12 1
2 6 4 3 2 2 12 1
2 6 8 3 2 2 12 1
2 8 0 3 2 2 12 1
2 8 4 3 2 2 12 1
2 8 6 3 2 2 12 1
5 0 2 3 2 2 12 1
5 4 0 3 2 2 12 1
5 4 2 3 2 2 12 1
7 2 6 3 2 2 12 1
7 4 4 3 2 2 12 1
7 4 6 3 2 2 12 1
7 4 8 3 2 2 12 1
7 6 2 3 2 2 12 1
7 6 4 3 2 2 12 1
7 6 6 3 2 2 12 1
7 6 8 3 2 2 12 1
7 8 4 3 2 2 12 1
7 8 8 3 2 2 12 1
0 5 4 2 5 3 13 1
0 5 7 2 5 3 13 1
5 5 7 2 5 3 13 1
0 0 2 5 4 2 15 1
2 6 2 5 4 2 15 1
3 0 0 5 4 2 15 1
5 6 0 5 4 2 15 1
5 5 4 2 5 3 13 1
