10 10 10
0 0 4 2 3 6 2 1
4 5 4 2 3 6 2 1
0 0 2 2 3 2 8 1
0 3 4 2 3 2 8 1
0 7 8 2 3 2 8 1
2 7 4 2 3 2 8 1
2 7 6 2 3 2 8 1
2 7 8 2 3 2 8 1
6 0 4 2 3 2 8 1
8 0 0 2 3 2 8 1
8 0 2 2 3 2 8 1
8 2 4 2 3 2 8 1
8 7 0 2 3 2 8 1
8 7 4 2 3 2 8 1
0 0 0 2 5 2 9 1
0 3 6 2 5 2 9 1
6 0 0 2 5 2 9 1
6 0 2 2 5 2 9 1
6 3 4 2 5 2 9 1
8 3 2 2 5 2 9 1
2 2 0 2 3 5 12 1
2 2 5 2 3 5 12 1
4 2 0 2 3 5 12 1
4 2 5 2 3 5 12 1
0 3 2 2 2 2 13 1
0 3 8 2 2 2 13 1
0 5 8 2 2 2 13 1
0 6 4 2 2 2 13 1
0 8 4 2 2 2 13 1
0 8 6 2 2 2 13 1
2 0 0 2 2 2 13 1
2 0 2 2 2 2 13 1
2 0 4 2 2 2 13 1
2 0 6 2 2 2 13 1
2 0 8 2 2 2 13 1
2 5 4 2 2 2 13 1
2 5 6 2 2 2 13 1
2 5 8 2 2 2 13 1
4 0 0 2 2 2 13 1
4 0 2 2 2 2 13 1
4 0 4 2 2 2 13 1
4 0 6 2 2 2 13 1
4 0 8 2 2 2 13 1
4 8 4 2 2 2 13 1
4 8 6 2 2 2 13 1
4 8 8 2 2 2 13 1
6 8 4 2 2 2 13 1
8 0 4 2 2 2 13 1
8 3 0 2 2 2 13 1
8 5 0 2 2 2 13 1
8 5 4 2 2 2 13 1
8 8 2 2 2 2 13 1
0 5 0 4 5 4 17 1
4 5 0 4 5 4 17 1
6 0 6 4 5 4 17 1
6 5 6 4 5 4 17 1
