10 10 10
8 4 0 2 4 3 1 1
3 4 0 5 6 3 3 1
2 6 3 6 4 3 4 1
4 0 0 6 4 3 4 1
4 2 3 6 4 3 4 1
7 0 6 3 6 2 6 1
7 0 8 3 6 2 6 1
0 0 4 2 2 3 7 1
0 0 7 2 2 3 7 1
0 2 0 2 2 3 7 1
0 2 7 2 2 3 7 1
2 0 4 2 2 3 7 1
2 0 7 2 2 3 7 1
2 2 4 2 2 3 7 1
2 2 7 2 2 3 7 1
2 4 3 2 2 3 7 1
8 6 7 2 2 3 7 1
8 8 4 2 2 3 7 1
8 8 7 2 2 3 7 1
0 4 0 3 3 3 8 1
0 7 0 3 3 3 8 1
4 0 6 3 6 4 11 1
0 2 3 2 2 4 12 1
2 2 0 2 2 4 12 1
8 6 3 2 2 4 12 1
8 8 0 2 2 4 12 1
0 0 0 4 2 4 13 1
0 4 6 4 2 4 13 1
4 8 6 4 2 4 13 1
0 4 3 2 6 3 14 1
4 0 3 6 2 3 17 1
0 6 6 4 2 4 13 1
0 8 6 4 2 4 13 1
4 6 6 4 2 4 13 1
