10 10 10
0 0 4 3 2 2 5 1
0 0 8 3 2 2 5 1
0 2 2 3 2 2 5 1
0 2 4 3 2 2 5 1
0 4 0 3 2 2 5 1
0 4 2 3 2 2 5 1
0 4 4 3 2 2 5 1
0 4 6 3 2 2 5 1
2 6 6 3 2 2 5 1
2 8 6 3 2 2 5 1
3 0 0 3 2 2 5 1
3 0 2 3 2 2 5 1
3 4 0 3 2 2 5 1
7 0 4 3 2 2 5 1
7 2 4 3 2 2 5 1
7 2 6 3 2 2 5 1
7 4 4 3 2 2 5 1
7 4 6 3 2 2 5 1
3 2 2 3 4 2 7 1
7 0 8 3 4 2 7 1
7 6 4 3 4 2 7 1
0 6 0 5 4 2 12 1
0 6 2 5 4 2 12 1
2 6 4 5 4 2 12 1
5 6 0 5 4 2 12 1
5 6 2 5 4 2 12 1
5 6 6 5 4 2 12 1
5 6 8 5 4 2 12 1
6 0 0 4 3 4 13 1
6 3 0 4 3 4 13 1
0 0 0 3 2 2 5 1
0 0 2 3 2 2 5 1
0 0 6 3 2 2 5 1
0 2 0 3 2 2 5 1
0 2 6 3 2 2 5 1
0 2 8 3 2 2 5 1
0 4 8 3 2 2 5 1
2 6 8 3 2 2 5 1
2 8 8 3 2 2 5 1
3 2 0 3 2 2 5 1
7 0 6 3 2 2 5 1
7 4 8 3 2 2 5 1
3 0 4 2 6 6 17 1
5 0 4 2 6 6 17 1
0 6 4 2 4 3 19 1
0 6 7 2 4 3 19 1
