4
5 5 10
5 5 10
5 5 10
5 5 10
0 0 0 4 1 3 1 1 0
0 0 4 4 1 3 1 1 0
0 0 7 4 1 3 1 1 0
0 1 6 4 4 2 2 1 0
0 1 4 4 4 2 2 1 0
0 1 8 4 4 2 2 1 0
0 1 0 2 2 4 4 1 0
0 3 0 2 2 4 4 1 0
2 1 0 2 2 4 4 1 0
2 3 0 2 2 4 4 1 0
5 0 0 4 1 3 1 1 1
5 0 3 4 1 3 1 1 1
5 0 7 4 1 3 1 1 1
5 1 0 4 4 2 2 1 1
5 1 6 4 4 2 2 1 1
5 1 8 4 4 2 2 1 1
5 1 2 4 4 2 2 1 1
5 1 4 4 4 2 2 1 1
0 5 4 4 1 3 1 1 2
0 5 7 4 1 3 1 1 2
0 9 0 4 1 3 1 1 2
0 5 0 4 4 2 2 1 2
0 5 2 4 4 2 2 1 2
0 6 6 4 4 2 2 1 2
0 6 8 4 4 2 2 1 2
0 6 4 4 4 2 2 1 2
5 5 3 4 1 3 1 1 3
5 7 0 4 1 3 1 1 3
5 9 7 4 1 3 1 1 3
5 5 0 4 2 3 3 1 3
5 6 3 4 2 3 3 1 3
5 7 7 4 2 3 3 1 3
5 8 0 4 2 3 3 1 3
5 5 6 2 2 4 4 1 3
5 8 3 2 2 4 4 1 3
7 5 6 2 2 4 4 1 3
7 8 3 2 2 4 4 1 3
