30 30 30
0 3 13 5 9 13 0
0 6 0 5 9 13 0
0 21 0 5 9 13 0
0 21 13 5 9 13 0
5 3 13 5 9 13 0
5 6 0 5 9 13 0
5 21 0 5 9 13 0
5 21 13 5 9 13 0
10 3 13 5 9 13 0
10 6 0 5 9 13 0
15 0 0 5 9 13 0
15 6 13 5 9 13 0
20 0 0 5 9 13 0
20 6 13 5 9 13 0
25 0 0 5 9 13 0
25 6 13 5 9 13 0
0 0 0 14 3 11 0
0 0 13 14 3 11 0
0 3 0 14 3 11 0
0 12 13 14 3 11 0
0 15 0 14 3 11 0
0 15 13 14 3 11 0
0 18 0 14 3 11 0
0 18 13 14 3 11 0
15 12 0 14 3 11 0
15 15 13 14 3 11 0
15 18 13 14 3 11 0
16 0 13 14 3 11 0
16 3 13 14 3 11 0
16 9 0 14 3 11 0
16 15 0 14 3 11 0
16 18 0 14 3 11 0
10 22 0 5 8 10 0
10 22 10 5 8 10 0
10 22 20 5 8 10 0
15 21 10 5 8 10 0
15 22 0 5 8 10 0
15 22 20 5 8 10 0
20 21 10 5 8 10 0
20 21 20 5 8 10 0
20 22 0 5 8 10 0
25 21 10 5 8 10 0
25 21 20 5 8 10 0
25 22 0 5 8 10 0
15 0 0 0.1 30 30 1
0 15 0 30 0.1 30 1
15 15 0 30 0.1 30 1
