30 30 30
0 0 14 5 9 9 0
5 0 21 5 9 9 0
10 0 21 5 9 9 0
15 15 0 5 9 9 0
20 15 21 5 9 9 0
25 15 0 5 9 9 0
0 0 0 5 5 7 0
0 0 7 5 5 7 0
0 0 23 5 5 7 0
0 5 0 5 5 7 0
0 5 7 5 5 7 0
0 5 23 5 5 7 0
5 0 0 5 5 7 0
5 0 7 5 5 7 0
5 0 14 5 5 7 0
5 5 0 5 5 7 0
5 5 7 5 5 7 0
5 5 14 5 5 7 0
10 0 0 5 5 7 0
10 0 7 5 5 7 0
10 0 14 5 5 7 0
10 5 0 5 5 7 0
10 5 7 5 5 7 0
10 5 14 5 5 7 0
15 15 9 5 5 7 0
15 15 16 5 5 7 0
15 15 23 5 5 7 0
15 20 9 5 5 7 0
15 20 16 5 5 7 0
15 20 23 5 5 7 0
20 15 0 5 5 7 0
20 15 7 5 5 7 0
20 15 14 5 5 7 0
20 20 0 5 5 7 0
20 20 7 5 5 7 0
20 20 14 5 5 7 0
25 15 9 5 5 7 0
25 15 16 5 5 7 0
25 15 23 5 5 7 0
25 20 9 5 5 7 0
25 20 16 5 5 7 0
25 20 23 5 5 7 0
0 10 0 3 5 10 0
0 10 10 3 5 10 0
0 10 20 3 5 10 0
0 15 0 3 5 10 0
0 15 10 3 5 10 0
0 15 20 3 5 10 0
0 20 0 3 5 10 0
0 20 10 3 5 10 0
0 20 20 3 5 10 0
0 25 0 3 5 10 0
0 25 10 3 5 10 0
0 25 20 3 5 10 0
3 10 0 3 5 10 0
3 10 10 3 5 10 0
3 10 20 3 5 10 0
3 15 0 3 5 10 0
3 15 10 3 5 10 0
3 15 20 3 5 10 0
3 20 0 3 5 10 0
3 20 10 3 5 10 0
3 20 20 3 5 10 0
3 25 0 3 5 10 0
3 25 10 3 5 10 0
3 25 20 3 5 10 0
6 10 0 3 5 10 0
6 10 10 3 5 10 0
6 10 20 3 5 10 0
6 15 0 3 5 10 0
6 15 10 3 5 10 0
6 15 20 3 5 10 0
6 20 0 3 5 10 0
6 20 10 3 5 10 0
6 20 20 3 5 10 0
6 25 0 3 5 10 0
6 25 10 3 5 10 0
6 25 20 3 5 10 0
9 10 0 3 5 10 0
9 10 10 3 5 10 0
9 10 20 3 5 10 0
9 15 0 3 5 10 0
9 15 10 3 5 10 0
9 15 20 3 5 10 0
9 20 0 3 5 10 0
9 20 10 3 5 10 0
9 20 20 3 5 10 0
9 25 0 3 5 10 0
9 25 10 3 5 10 0
9 25 20 3 5 10 0
12 10 0 3 5 10 0
12 10 10 3 5 10 0
12 10 20 3 5 10 0
12 15 0 3 5 10 0
12 15 10 3 5 10 0
12 15 20 3 5 10 0
12 20 0 3 5 10 0
12 20 10 3 5 10 0
12 20 20 3 5 10 0
12 25 0 3 5 10 0
12 25 10 3 5 10 0
12 25 20 3 5 10 0
15 0 0 3 5 10 0
15 0 10 3 5 10 0
15 0 20 3 5 10 0
15 5 0 3 5 10 0
15 5 10 3 5 10 0
15 5 20 3 5 10 0
15 10 0 3 5 10 0
15 10 10 3 5 10 0
15 10 20 3 5 10 0
15 25 0 3 5 10 0
15 25 10 3 5 10 0
15 25 20 3 5 10 0
18 0 0 3 5 10 0
18 0 10 3 5 10 0
18 0 20 3 5 10 0
18 5 0 3 5 10 0
18 5 10 3 5 10 0
18 5 20 3 5 10 0
18 10 0 3 5 10 0
18 10 10 3 5 10 0
18 10 20 3 5 10 0
18 25 0 3 5 10 0
18 25 10 3 5 10 0
18 25 20 3 5 10 0
21 0 0 3 5 10 0
21 0 10 3 5 10 0
21 0 20 3 5 10 0
21 5 0 3 5 10 0
21 5 10 3 5 10 0
21 5 20 3 5 10 0
21 10 0 3 5 10 0
21 10 10 3 5 10 0
21 10 20 3 5 10 0
21 25 0 3 5 10 0
21 25 10 3 5 10 0
21 25 20 3 5 10 0
24 0 0 3 5 10 0
24 0 10 3 5 10 0
24 0 20 3 5 10 0
24 5 0 3 5 10 0
24 5 10 3 5 10 0
24 5 20 3 5 10 0
24 10 0 3 5 10 0
24 10 10 3 5 10 0
24 10 20 3 5 10 0
24 25 0 3 5 10 0
24 25 10 3 5 10 0
24 25 20 3 5 10 0
27 0 0 3 5 10 0
27 0 10 3 5 10 0
27 0 20 3 5 10 0
27 5 0 3 5 10 0
27 5 10 3 5 10 0
27 5 20 3 5 10 0
27 10 0 3 5 10 0
27 10 10 3 5 10 0
27 10 20 3 5 10 0
27 25 0 3 5 10 0
27 25 10 3 5 10 0
27 25 20 3 5 10 0
15 0 0 0.1 30 30 1
0 15 0 30 0.1 30 1
15 15 0 30 0.1 30 1
