30 30 30
0 19 10 8 11 10 0
7 4 0 8 11 10 0
7 4 10 8 11 10 0
7 4 20 8 11 10 0
7 19 0 8 11 10 0
7 19 20 8 11 10 0
15 4 0 8 11 10 0
15 4 10 8 11 10 0
15 4 20 8 11 10 0
15 19 0 8 11 10 0
15 19 10 8 11 10 0
22 19 20 8 11 10 0
0 15 5 3 4 13 0
5 15 5 3 4 13 0
6 0 0 3 4 13 0
6 0 15 3 4 13 0
9 0 0 3 4 13 0
9 0 15 3 4 13 0
9 15 0 3 4 13 0
9 15 15 3 4 13 0
12 0 0 3 4 13 0
12 0 15 3 4 13 0
12 15 0 3 4 13 0
12 15 13 3 4 13 0
15 0 0 3 4 13 0
15 0 15 3 4 13 0
16 15 0 3 4 13 0
18 0 5 3 4 13 0
20 15 0 3 4 13 0
21 15 15 3 4 13 0
22 0 5 3 4 13 0
24 15 10 3 4 13 0
27 15 10 3 4 13 0
0 6 0 7 9 10 0
0 6 10 7 9 10 0
0 6 20 7 9 10 0
0 15 20 7 9 10 0
0 21 0 7 9 10 0
8 21 10 7 9 10 0
15 21 20 7 9 10 0
23 6 0 7 9 10 0
23 6 10 7 9 10 0
23 6 20 7 9 10 0
23 15 0 7 9 10 0
23 19 10 7 9 10 0
0 0 0 5 6 5 0
0 0 5 5 6 5 0
0 0 10 5 6 5 0
0 0 15 5 6 5 0
0 0 20 5 6 5 0
0 0 25 5 6 5 0
0 15 0 5 6 5 0
0 24 23 5 6 5 0
16 15 20 5 6 5 0
16 15 25 5 6 5 0
24 0 20 5 6 5 0
25 0 0 5 6 5 0
25 0 5 5 6 5 0
25 0 15 5 6 5 0
25 0 25 5 6 5 0
25 24 0 5 6 5 0
25 24 5 5 6 5 0
15 0 0 0.1 30 30 1
0 15 0 30 0.1 30 1
15 15 0 30 0.1 30 1
