16 20 8
0 8 5 2 3 3 0
4 1 2 2 3 3 0
4 4 3 2 3 3 0
4 7 4 2 3 3 0
4 13 3 2 3 3 0
4 16 2 2 3 3 0
6 1 2 2 3 3 0
6 5 3 2 3 3 0
6 8 4 2 3 3 0
6 13 3 2 3 3 0
6 16 2 2 3 3 0
8 14 1 2 3 3 0
10 14 1 2 3 3 0
12 1 2 2 3 3 0
12 6 2 2 3 3 0
12 6 5 2 3 3 0
12 14 0 2 3 3 0
14 1 2 2 3 3 0
14 1 5 2 3 3 0
14 6 2 2 3 3 0
14 6 5 2 3 3 0
14 13 5 2 3 3 0
0 1 1 4 2 2 0
0 5 0 4 2 2 0
0 5 2 4 2 2 0
0 9 0 4 2 2 0
0 9 2 4 2 2 0
0 13 0 4 2 2 0
0 13 2 4 2 2 0
0 13 4 4 2 2 0
0 13 6 4 2 2 0
0 16 1 4 2 2 0
0 17 3 4 2 2 0
0 17 5 4 2 2 0
0 18 1 4 2 2 0
4 1 5 4 2 2 0
4 9 2 4 2 2 0
4 10 0 4 2 2 0
4 12 6 4 2 2 0
4 13 1 4 2 2 0
4 14 6 4 2 2 0
4 16 0 4 2 2 0
4 18 0 4 2 2 0
8 1 1 4 2 2 0
8 1 3 4 2 2 0
8 5 0 4 2 2 0
8 5 2 4 2 2 0
8 5 5 4 2 2 0
8 8 3 4 2 2 0
8 9 1 4 2 2 0
8 9 6 4 2 2 0
8 17 0 4 2 2 0
8 17 6 4 2 2 0
12 10 1 4 2 2 0
12 10 4 4 2 2 0
12 13 3 4 2 2 0
12 15 3 4 2 2 0
12 18 6 4 2 2 0
0 0 4 4 1 4 0
0 1 4 4 1 4 0
0 2 4 4 1 4 0
0 3 4 4 1 4 0
0 4 4 4 1 4 0
0 5 4 4 1 4 0
0 6 4 4 1 4 0
0 7 0 4 1 4 0
0 8 0 4 1 4 0
0 11 0 4 1 4 0
0 12 2 4 1 4 0
0 15 0 4 1 4 0
0 16 3 4 1 4 0
0 19 3 4 1 4 0
4 0 3 4 1 4 0
4 8 0 4 1 4 0
4 11 2 4 1 4 0
4 12 2 4 1 4 0
8 0 1 4 1 4 0
8 3 1 4 1 4 0
8 4 0 4 1 4 0
8 7 0 4 1 4 0
8 11 2 4 1 4 0
8 12 1 4 1 4 0
8 13 1 4 1 4 0
8 18 2 4 1 4 0
8 19 0 4 1 4 0
8 19 4 4 1 4 0
12 0 1 4 1 4 0
12 4 2 4 1 4 0
12 5 2 4 1 4 0
12 9 2 4 1 4 0
12 12 0 4 1 4 0
12 12 4 4 1 4 0
12 17 0 4 1 4 0
12 17 4 4 1 4 0
12 18 2 4 1 4 0
12 19 0 4 1 4 0
0 0 1 4 1 2 0
0 4 1 4 1 2 0
0 7 5 4 1 2 0
0 11 4 4 1 2 0
0 12 0 4 1 2 0
0 12 6 4 1 2 0
0 15 4 4 1 2 0
0 15 6 4 1 2 0
2 10 5 4 1 2 0
4 0 1 4 1 2 0
4 6 0 4 1 2 0
4 7 0 4 1 2 0
4 9 0 4 1 2 0
4 15 1 4 1 2 0
4 19 2 4 1 2 0
8 8 1 4 1 2 0
8 10 3 4 1 2 0
8 11 6 4 1 2 0
8 12 5 4 1 2 0
8 17 2 4 1 2 0
12 5 6 4 1 2 0
12 9 6 4 1 2 0
12 10 6 4 1 2 0
12 11 6 4 1 2 0
12 13 1 4 1 2 0
12 19 4 4 1 2 0
0 0 3 3 4 1 0
0 1 0 3 4 1 0
0 7 4 3 4 1 0
0 16 0 3 4 1 0
0 16 7 3 4 1 0
2 7 7 3 4 1 0
5 0 7 3 4 1 0
5 1 1 3 4 1 0
5 2 0 3 4 1 0
5 3 6 3 4 1 0
5 4 2 3 4 1 0
5 4 7 3 4 1 0
5 8 7 3 4 1 0
5 12 0 3 4 1 0
5 16 5 3 4 1 0
5 16 6 3 4 1 0
5 16 7 3 4 1 0
8 0 0 3 4 1 0
8 0 6 3 4 1 0
8 0 7 3 4 1 0
8 1 5 3 4 1 0
8 4 4 3 4 1 0
8 5 7 3 4 1 0
8 7 5 3 4 1 0
8 8 0 3 4 1 0
8 12 7 3 4 1 0
8 13 0 3 4 1 0
8 13 5 3 4 1 0
8 13 6 3 4 1 0
8 14 4 3 4 1 0
11 0 5 3 4 1 0
11 0 7 3 4 1 0
11 1 6 3 4 1 0
11 13 5 3 4 1 0
11 13 6 3 4 1 0
11 13 7 3 4 1 0
13 0 0 3 4 1 0
13 1 1 3 4 1 0
13 4 0 3 4 1 0
13 5 1 3 4 1 0
13 8 0 3 4 1 0
8 0 0 0.1 20 8 1
0 12 0 20 0.1 8 1
10 12 0 20 0.1 8 1
