16 20 8
0 0 0 3 2 2 0
0 0 2 3 2 2 0
0 0 4 3 2 2 0
0 0 6 3 2 2 0
0 2 0 3 2 2 0
0 2 2 3 2 2 0
0 2 4 3 2 2 0
0 2 6 3 2 2 0
0 4 0 3 2 2 0
0 4 2 3 2 2 0
0 4 4 3 2 2 0
0 4 6 3 2 2 0
0 6 0 3 2 2 0
0 6 2 3 2 2 0
0 6 4 3 2 2 0
0 6 6 3 2 2 0
0 8 0 3 2 2 0
0 8 2 3 2 2 0
0 8 4 3 2 2 0
0 8 6 3 2 2 0
0 10 0 3 2 2 0
0 10 2 3 2 2 0
0 10 4 3 2 2 0
0 10 6 3 2 2 0
0 12 0 3 2 2 0
0 12 2 3 2 2 0
0 12 4 3 2 2 0
0 12 6 3 2 2 0
0 14 0 3 2 2 0
0 14 2 3 2 2 0
0 14 4 3 2 2 0
0 14 6 3 2 2 0
0 16 0 3 2 2 0
0 16 2 3 2 2 0
0 16 4 3 2 2 0
0 16 6 3 2 2 0
0 18 0 3 2 2 0
0 18 2 3 2 2 0
0 18 4 4 1 4 0
0 19 4 4 1 4 0
3 0 0 4 1 4 0
3 0 4 4 1 4 0
3 1 0 4 1 4 0
3 1 4 4 1 4 0
3 2 0 4 1 4 0
3 2 4 4 1 4 0
3 3 0 4 1 4 0
3 3 4 4 1 4 0
3 4 0 4 1 4 0
3 4 4 4 1 4 0
3 5 0 4 1 4 0
3 5 4 4 1 4 0
3 6 0 4 1 4 0
3 6 4 4 1 4 0
3 7 0 4 1 4 0
3 7 4 4 1 4 0
3 8 0 4 1 4 0
3 8 4 4 1 4 0
3 9 0 4 1 4 0
3 9 4 4 1 4 0
3 10 0 4 1 4 0
3 10 4 4 1 4 0
3 11 0 4 1 4 0
3 11 4 4 1 4 0
3 12 0 4 1 4 0
3 12 4 4 1 4 0
3 13 0 4 1 4 0
3 13 4 4 1 4 0
3 14 0 4 1 4 0
3 14 4 4 1 4 0
3 15 0 4 3 1 0
3 15 1 4 3 1 0
3 15 2 4 3 1 0
3 15 3 4 3 1 0
3 15 4 4 3 1 0
3 15 5 4 3 1 0
3 15 6 4 3 1 0
3 15 7 4 3 1 0
8 0 0 4 3 1 0
8 0 1 4 3 1 0
8 0 2 4 3 1 0
8 0 3 4 3 1 0
8 0 4 4 3 1 0
8 0 5 4 3 1 0
8 0 6 4 3 1 0
8 0 7 4 3 1 0
8 3 0 4 3 1 0
8 3 1 4 3 1 0
8 3 2 4 3 1 0
8 3 3 4 3 1 0
8 3 4 4 3 1 0
8 3 5 4 3 1 0
8 3 6 4 3 1 0
8 3 7 4 3 1 0
8 6 0 4 3 1 0
8 6 1 4 3 1 0
8 6 2 4 3 1 0
8 6 3 4 3 1 0
8 6 4 4 3 1 0
8 6 5 4 3 1 0
8 6 6 4 3 1 0
8 6 7 4 3 1 0
8 9 0 4 3 1 0
8 9 1 4 3 1 0
8 9 2 4 3 1 0
8 9 3 4 3 1 0
8 9 4 4 3 1 0
8 9 5 4 3 1 0
8 9 6 4 3 1 0
8 9 7 4 3 1 0
8 12 0 4 3 1 0
8 12 1 4 3 1 0
8 12 2 4 3 1 0
8 12 3 4 3 1 0
8 12 4 4 3 1 0
8 15 0 4 4 4 0
8 12 5 4 4 2 0
8 16 4 4 4 2 0
8 16 6 4 4 2 0
12 0 0 4 4 2 0
12 0 2 4 4 2 0
12 0 4 4 4 2 0
12 0 6 4 4 2 0
12 4 0 4 4 2 0
12 4 2 4 4 2 0
8 0 0 0.05 20 8 1
0 12 0 20 0.05 8 1
10 12 0 20 0.05 8 1
