16 20 8
0 0 0 4 1 3 0
0 0 3 4 1 3 0
0 1 0 4 1 3 0
0 1 3 4 1 3 0
0 2 0 4 1 3 0
0 2 3 4 1 3 0
0 3 0 4 1 3 0
0 3 3 4 1 3 0
0 4 0 4 1 3 0
0 4 3 4 1 3 0
0 5 0 4 1 3 0
0 5 3 4 1 3 0
0 6 0 4 1 3 0
0 6 3 4 1 3 0
0 7 0 4 1 3 0
0 7 3 4 1 3 0
0 8 0 4 1 3 0
0 8 3 4 1 3 0
0 9 0 4 1 3 0
0 9 3 4 1 3 0
0 10 0 4 1 3 0
0 10 3 4 1 3 0
0 11 0 4 1 3 0
0 11 3 4 1 3 0
0 12 0 4 1 3 0
0 12 3 4 1 3 0
0 13 0 4 1 3 0
0 13 3 4 1 3 0
0 14 0 4 1 3 0
0 14 3 4 1 3 0
0 15 0 4 1 3 0
0 15 3 4 1 3 0
0 16 0 4 1 3 0
0 16 3 4 1 3 0
0 17 0 4 1 3 0
0 17 3 4 1 3 0
0 18 0 4 1 3 0
0 0 6 4 4 2 0
0 4 6 4 4 2 0
0 8 6 4 4 2 0
0 12 6 4 4 2 0
0 16 6 4 4 2 0
4 0 0 4 4 2 0
4 0 2 4 4 2 0
4 0 4 4 4 2 0
4 0 6 4 4 2 0
4 4 0 4 4 2 0
4 4 2 4 4 2 0
4 4 4 4 4 2 0
4 4 6 4 4 2 0
4 8 0 4 4 2 0
4 8 2 4 4 2 0
4 8 4 4 4 2 0
4 8 6 4 4 2 0
4 12 0 4 4 2 0
4 12 2 4 4 2 0
4 12 4 4 4 2 0
4 12 6 4 4 2 0
4 16 0 4 4 2 0
4 16 2 4 4 2 0
4 16 4 4 4 2 0
4 16 6 4 4 2 0
8 0 0 4 4 2 0
8 0 2 4 4 2 0
8 0 4 4 4 2 0
8 0 6 4 4 2 0
8 4 0 4 4 2 0
8 4 2 4 4 2 0
8 4 4 4 4 2 0
8 4 6 4 4 2 0
8 8 0 4 4 2 0
8 8 2 4 4 2 0
8 8 4 4 4 2 0
0 18 3 4 2 3 0
8 12 0 4 2 3 0
8 12 3 4 2 3 0
8 14 0 4 2 3 0
8 14 3 4 2 3 0
8 16 0 4 2 3 0
8 16 3 2 2 4 0
8 18 0 2 2 4 0
8 18 4 2 2 4 0
10 16 3 2 2 4 0
10 18 0 2 2 4 0
10 18 4 2 2 4 0
12 0 0 2 2 4 0
12 0 4 2 2 4 0
12 2 0 2 2 4 0
12 2 4 2 2 4 0
12 4 0 2 2 4 0
12 4 4 2 2 4 0
12 6 0 2 2 4 0
12 6 4 2 2 4 0
12 8 0 2 2 4 0
12 8 4 2 2 4 0
12 10 0 2 2 4 0
12 10 4 2 2 4 0
12 12 0 2 2 4 0
12 12 4 2 2 4 0
12 14 0 2 2 4 0
12 14 4 2 2 4 0
12 16 0 2 2 4 0
12 16 4 2 2 4 0
12 18 0 2 2 4 0
12 18 4 2 2 4 0
14 0 0 2 2 4 0
14 0 4 2 2 4 0
14 2 0 2 2 4 0
14 2 4 2 2 4 0
14 4 0 2 2 4 0
8 0 0 0.1 20 8 1
0 12 0 20 0.1 8 1
10 12 0 20 0.1 8 1
