16 20 8
0 0 0 4 1 3 0
0 0 3 4 1 3 0
0 1 0 4 1 3 0
0 1 3 4 1 3 0
0 2 0 4 1 3 0
0 2 3 4 1 3 0
0 3 0 4 1 3 0
0 3 3 4 1 3 0
0 4 0 4 1 3 0
0 0 6 3 2 1 0
0 0 7 3 2 1 0
0 2 6 3 2 1 0
0 2 7 3 2 1 0
0 4 3 3 2 1 0
0 4 4 3 2 1 0
0 4 5 3 2 1 0
0 4 6 3 2 1 0
0 4 7 3 2 1 0
0 5 0 3 2 1 0
0 5 1 3 2 1 0
0 5 2 3 2 1 0
0 6 3 3 2 1 0
0 6 4 3 2 1 0
0 6 5 3 2 1 0
0 6 6 3 2 1 0
0 6 7 3 2 1 0
0 7 0 3 2 1 0
0 7 1 3 2 1 0
0 7 2 3 2 1 0
0 8 3 3 2 1 0
0 8 4 3 2 1 0
0 8 5 3 2 1 0
0 8 6 3 2 1 0
0 8 7 3 2 1 0
0 9 0 3 2 1 0
0 9 1 3 2 1 0
0 9 2 3 2 1 0
0 10 3 3 2 1 0
0 10 4 3 2 1 0
0 10 5 3 2 1 0
0 10 6 3 2 1 0
0 10 7 3 2 1 0
0 12 0 3 2 1 0
0 12 1 3 2 1 0
0 12 2 3 2 1 0
0 12 3 3 2 1 0
0 12 4 3 2 1 0
0 12 5 3 2 1 0
0 12 6 3 2 1 0
0 12 7 3 2 1 0
0 14 0 3 2 1 0
0 14 1 3 2 1 0
0 14 2 3 2 1 0
0 14 3 3 2 1 0
0 14 4 3 2 1 0
0 14 5 3 2 1 0
0 14 6 3 2 1 0
0 14 7 3 2 1 0
0 16 0 3 2 1 0
0 16 1 3 2 1 0
0 16 2 3 2 1 0
0 16 3 3 2 1 0
0 16 4 3 2 1 0
0 16 5 3 2 1 0
0 16 6 3 2 1 0
0 16 7 3 2 1 0
0 18 0 3 2 1 0
0 18 1 3 2 1 0
0 18 2 3 2 1 0
0 18 3 3 2 1 0
0 18 4 3 2 1 0
0 18 5 3 2 1 0
0 18 6 3 2 1 0
0 18 7 3 2 1 0
3 0 6 3 2 1 0
3 0 7 3 2 1 0
3 2 6 3 2 1 0
3 2 7 3 2 1 0
3 4 3 3 2 1 0
3 4 4 3 2 1 0
3 4 5 3 2 1 0
3 4 6 3 2 1 0
3 4 7 3 2 1 0
3 5 0 3 2 1 0
3 5 1 3 2 1 0
3 5 2 3 2 1 0
3 6 3 3 2 1 0
3 6 4 3 2 1 0
3 6 5 3 2 1 0
3 6 6 3 2 1 0
3 6 7 3 2 1 0
3 7 0 3 2 1 0
3 7 1 3 2 1 0
3 7 2 3 2 1 0
3 8 3 3 2 1 0
3 8 4 3 2 1 0
3 8 5 3 2 1 0
3 8 6 3 2 1 0
3 8 7 3 2 1 0
3 9 0 3 2 1 0
3 9 1 3 2 1 0
3 9 2 3 2 1 0
3 10 3 3 2 1 0
3 10 4 3 2 1 0
3 10 5 3 2 1 0
3 10 6 3 2 1 0
3 10 7 3 2 1 0
3 12 0 3 2 1 0
3 12 1 3 2 1 0
3 12 2 3 2 1 0
3 12 3 3 2 1 0
3 12 4 3 2 1 0
3 12 5 3 2 1 0
3 12 6 3 2 1 0
3 12 7 3 2 1 0
3 14 0 3 2 1 0
3 14 1 3 2 1 0
3 14 2 3 2 1 0
3 14 3 3 2 1 0
3 14 4 3 2 1 0
3 14 5 3 2 1 0
3 14 6 3 2 1 0
3 14 7 3 2 1 0
3 16 0 3 2 1 0
3 16 1 3 2 1 0
3 16 2 3 2 1 0
3 16 3 3 2 1 0
3 16 4 3 2 1 0
3 16 5 3 2 1 0
3 16 6 3 2 1 0
3 16 7 3 2 1 0
3 18 0 3 2 1 0
3 18 1 3 2 1 0
3 18 2 3 2 1 0
3 18 3 3 2 1 0
3 18 4 3 2 1 0
3 18 5 3 2 1 0
3 18 6 3 2 1 0
4 0 0 3 2 2 0
4 0 2 3 2 2 0
4 0 4 3 2 2 0
4 2 0 3 2 2 0
4 2 2 3 2 2 0
4 2 4 3 2 2 0
8 0 0 3 2 2 0
8 0 2 3 2 2 0
8 0 4 3 3 4 0
8 2 0 3 3 4 0
8 3 4 3 3 4 0
8 5 0 3 3 4 0
6 4 0 2 2 3 0
6 4 3 2 2 3 0
6 6 0 2 2 3 0
6 6 3 2 2 3 0
6 8 0 2 2 3 0
6 8 3 2 2 3 0
6 10 0 2 2 3 0
6 10 3 2 2 3 0
6 12 0 2 2 3 0
6 12 3 2 2 3 0
6 14 0 2 2 3 0
6 14 3 2 2 3 0
6 16 0 2 2 3 0
8 0 0 0.1 20 8 1
0 12 0 20 0.1 8 1
10 12 0 20 0.1 8 1
