16 20 8
0 0 0 4 3 3 0
0 0 3 4 3 3 0
0 3 0 4 3 3 0
0 3 3 4 3 3 0
0 6 0 4 3 3 0
0 6 3 4 3 3 0
0 9 0 4 3 3 0
0 9 3 4 3 3 0
0 12 0 4 3 3 0
0 12 3 4 3 3 0
0 15 0 4 3 3 0
0 15 3 4 3 3 0
4 0 0 4 3 3 0
4 0 3 4 3 3 0
4 3 0 4 3 3 0
4 3 3 4 3 3 0
4 6 0 1 3 4 0
4 6 4 1 3 4 0
4 9 0 1 3 4 0
4 9 4 1 3 4 0
4 12 0 1 3 4 0
4 12 4 1 3 4 0
4 15 0 1 3 4 0
4 15 4 1 3 4 0
5 6 0 1 3 4 0
5 6 4 1 3 4 0
5 9 0 1 3 4 0
5 9 4 1 3 4 0
5 12 0 1 3 4 0
5 12 4 1 3 4 0
5 15 0 1 3 4 0
5 15 4 1 3 4 0
6 6 0 1 3 4 0
6 6 4 1 3 4 0
6 9 0 1 3 4 0
6 9 4 1 3 4 0
6 12 0 1 3 4 0
6 12 4 1 3 4 0
6 15 0 1 3 4 0
6 15 4 1 3 4 0
7 6 0 1 3 4 0
7 6 4 1 3 4 0
7 9 0 1 3 4 0
7 9 4 1 3 4 0
7 12 0 1 3 4 0
7 12 4 1 3 4 0
7 15 0 1 3 4 0
7 15 4 1 3 4 0
8 0 0 1 3 4 0
8 0 4 1 3 4 0
8 3 0 1 3 4 0
8 3 4 1 3 4 0
8 6 0 1 3 4 0
8 6 4 1 3 4 0
8 9 0 1 3 4 0
0 0 6 1 1 1 0
0 0 7 1 1 1 0
0 1 6 1 1 1 0
0 1 7 1 1 1 0
0 2 6 1 1 1 0
0 2 7 1 1 1 0
0 3 6 1 1 1 0
0 3 7 1 1 1 0
0 4 6 1 1 1 0
0 4 7 1 1 1 0
0 5 6 1 1 1 0
0 5 7 1 1 1 0
0 6 6 1 1 1 0
0 6 7 1 1 1 0
0 7 6 1 1 1 0
0 7 7 1 1 1 0
0 8 6 1 1 1 0
0 8 7 1 1 1 0
0 9 6 1 1 1 0
0 9 7 1 1 1 0
0 10 6 1 1 1 0
0 10 7 1 1 1 0
0 11 6 1 1 1 0
0 11 7 1 1 1 0
0 12 6 1 1 1 0
0 12 7 1 1 1 0
0 13 6 1 1 1 0
0 13 7 1 1 1 0
0 14 6 1 1 1 0
0 14 7 1 1 1 0
0 15 6 1 1 1 0
0 15 7 1 1 1 0
0 16 6 1 1 1 0
0 16 7 1 1 1 0
0 17 6 1 1 1 0
0 17 7 1 1 1 0
0 18 0 1 1 1 0
0 18 1 1 1 1 0
0 18 2 1 1 1 0
0 18 3 1 1 1 0
0 18 4 1 1 1 0
0 18 5 1 1 1 0
0 18 6 1 1 1 0
0 18 7 1 1 1 0
0 19 0 1 1 1 0
0 19 1 1 1 1 0
0 19 2 1 1 1 0
0 19 3 1 1 1 0
0 19 4 1 1 1 0
0 19 5 1 1 1 0
0 19 6 1 1 1 0
0 19 7 1 1 1 0
1 0 6 1 1 1 0
1 0 7 1 1 1 0
1 1 6 1 1 1 0
1 1 7 1 1 1 0
1 2 6 1 1 1 0
1 2 7 1 1 1 0
1 3 6 1 1 1 0
1 3 7 1 1 1 0
1 4 6 1 1 1 0
1 4 7 1 1 1 0
1 5 6 1 1 1 0
1 5 7 1 1 1 0
1 6 6 1 1 1 0
1 6 7 1 1 1 0
1 7 6 1 1 1 0
1 7 7 1 1 1 0
1 8 6 1 1 1 0
1 8 7 1 1 1 0
1 9 6 1 1 1 0
1 9 7 1 1 1 0
1 10 6 1 1 1 0
1 10 7 1 1 1 0
1 11 6 1 1 1 0
1 11 7 1 1 1 0
1 12 6 1 1 1 0
1 12 7 1 1 1 0
1 13 6 1 1 1 0
1 13 7 1 1 1 0
1 14 6 1 1 1 0
1 14 7 1 1 1 0
1 15 6 1 1 1 0
1 15 7 1 1 1 0
1 16 6 1 1 1 0
1 16 7 1 1 1 0
1 17 6 1 1 1 0
1 17 7 1 1 1 0
1 18 0 1 1 1 0
1 18 1 1 1 1 0
1 18 2 1 1 1 0
1 18 3 1 1 1 0
1 18 4 1 1 1 0
1 18 5 1 1 1 0
1 18 6 1 1 1 0
1 18 7 1 1 1 0
1 19 0 1 1 1 0
1 19 1 1 1 1 0
1 19 2 1 1 1 0
1 19 3 1 1 1 0
1 19 4 1 1 1 0
1 19 5 1 1 1 0
1 19 6 1 1 1 0
1 19 7 1 1 1 0
2 0 6 1 1 1 0
2 0 7 1 1 1 0
2 1 6 1 1 1 0
2 1 7 1 1 1 0
2 2 6 1 1 1 0
2 2 7 1 1 1 0
2 3 6 1 1 1 0
2 3 7 1 1 1 0
2 4 6 1 1 1 0
2 4 7 1 1 1 0
2 5 6 1 1 1 0
2 5 7 1 1 1 0
2 6 6 1 1 1 0
2 6 7 1 1 1 0
2 7 6 1 1 1 0
2 7 7 1 1 1 0
2 8 6 1 1 1 0
2 8 7 1 1 1 0
2 9 6 1 1 1 0
2 9 7 1 1 1 0
2 10 6 1 1 1 0
2 10 7 1 1 1 0
2 11 6 1 1 1 0
2 11 7 1 1 1 0
2 12 6 1 1 1 0
2 12 7 1 1 1 0
2 13 6 1 1 1 0
2 13 7 1 1 1 0
2 14 6 1 1 1 0
2 14 7 1 1 1 0
2 15 6 1 1 1 0
2 15 7 1 1 1 0
2 16 6 1 1 1 0
2 16 7 1 1 1 0
2 17 6 1 1 1 0
2 17 7 1 1 1 0
2 18 0 1 1 1 0
2 18 1 1 1 1 0
2 18 2 1 1 1 0
2 18 3 1 1 1 0
2 18 4 1 1 1 0
2 18 5 1 1 1 0
2 18 6 1 1 1 0
2 18 7 1 1 1 0
2 19 0 1 1 1 0
2 19 1 1 1 1 0
2 19 2 1 1 1 0
2 19 3 1 1 1 0
2 19 4 1 1 1 0
2 19 5 1 1 1 0
2 19 6 1 1 1 0
2 19 7 1 1 1 0
3 0 6 1 1 1 0
3 0 7 1 1 1 0
3 1 6 1 1 1 0
3 1 7 1 1 1 0
3 2 6 1 1 1 0
3 2 7 1 1 1 0
3 3 6 1 1 1 0
3 3 7 1 1 1 0
3 4 6 1 1 1 0
3 4 7 1 1 1 0
3 5 6 1 1 1 0
3 5 7 1 1 1 0
3 6 6 1 1 1 0
3 6 7 1 1 1 0
3 7 6 1 1 1 0
3 7 7 1 1 1 0
3 8 6 1 1 1 0
3 8 7 1 1 1 0
3 9 6 1 1 1 0
3 9 7 1 1 1 0
3 10 6 1 1 1 0
3 10 7 1 1 1 0
3 11 6 1 1 1 0
3 11 7 1 1 1 0
3 12 6 1 1 1 0
3 12 7 1 1 1 0
3 13 6 1 1 1 0
3 13 7 1 1 1 0
3 14 6 1 1 1 0
3 14 7 1 1 1 0
3 15 6 1 1 1 0
3 15 7 1 1 1 0
3 16 6 1 1 1 0
3 16 7 1 1 1 0
3 17 6 1 1 1 0
3 17 7 1 1 1 0
3 18 0 1 1 1 0
3 18 1 1 1 1 0
3 18 2 1 1 1 0
3 18 3 1 1 1 0
3 18 4 1 1 1 0
3 18 5 1 1 1 0
3 18 6 1 1 1 0
3 18 7 1 1 1 0
3 19 0 1 1 1 0
3 19 1 1 1 1 0
3 19 2 1 1 1 0
3 19 3 1 1 1 0
3 19 4 1 1 1 0
3 19 5 1 1 1 0
3 19 6 1 1 1 0
3 19 7 1 1 1 0
4 0 6 1 1 1 0
4 0 7 1 1 1 0
4 1 6 1 1 1 0
4 1 7 1 1 1 0
4 2 6 1 1 1 0
4 2 7 1 1 1 0
4 3 6 1 1 1 0
4 3 7 1 1 1 0
4 4 6 1 1 1 0
4 4 7 1 1 1 0
4 5 6 1 1 1 0
4 5 7 1 1 1 0
4 18 0 1 1 1 0
4 18 1 1 1 1 0
4 18 2 1 1 1 0
4 18 3 1 1 1 0
4 18 4 1 1 1 0
4 18 5 1 1 1 0
4 18 6 1 1 1 0
4 18 7 1 1 1 0
4 19 0 1 1 1 0
4 19 1 1 1 1 0
4 19 2 1 1 1 0
4 19 3 1 1 1 0
4 19 4 1 1 1 0
4 19 5 1 1 1 0
4 19 6 1 1 1 0
4 19 7 1 1 1 0
5 0 6 1 1 1 0
5 0 7 1 1 1 0
5 1 6 1 1 1 0
5 1 7 1 1 1 0
5 2 6 1 1 1 0
5 2 7 1 1 1 0
5 3 6 1 1 1 0
5 3 7 1 1 1 0
5 4 6 1 1 1 0
5 4 7 1 1 1 0
5 5 6 1 1 1 0
5 5 7 1 1 1 0
5 18 0 1 1 1 0
5 18 1 1 1 1 0
5 18 2 1 1 1 0
5 18 3 1 1 1 0
5 18 4 1 1 1 0
5 18 5 1 1 1 0
5 18 6 1 1 1 0
5 18 7 1 1 1 0
5 19 0 1 1 1 0
5 19 1 1 1 1 0
5 19 2 1 1 1 0
5 19 3 1 1 1 0
5 19 4 1 1 1 0
5 19 5 1 1 1 0
5 19 6 1 1 1 0
5 19 7 1 1 1 0
6 0 6 1 1 1 0
6 0 7 1 1 1 0
6 1 6 1 1 1 0
6 1 7 1 1 1 0
6 2 6 1 1 1 0
6 2 7 1 1 1 0
6 3 6 1 1 1 0
6 3 7 1 1 1 0
6 4 6 1 1 1 0
6 4 7 1 1 1 0
6 5 6 1 1 1 0
6 5 7 1 1 1 0
6 18 0 1 1 1 0
6 18 1 1 1 1 0
6 18 2 1 1 1 0
6 18 3 1 1 1 0
6 18 4 1 1 1 0
6 18 5 1 1 1 0
6 18 6 1 1 1 0
6 18 7 1 1 1 0
6 19 0 1 1 1 0
6 19 1 1 1 1 0
6 19 2 1 1 1 0
6 19 3 1 1 1 0
6 19 4 1 1 1 0
6 19 5 1 1 1 0
6 19 6 1 1 1 0
6 19 7 1 1 1 0
7 0 6 1 1 1 0
7 0 7 1 1 1 0
7 1 6 1 1 1 0
7 1 7 1 1 1 0
7 2 6 1 1 1 0
7 2 7 1 1 1 0
7 3 6 1 1 1 0
7 3 7 1 1 1 0
7 4 6 1 1 1 0
7 4 7 1 1 1 0
7 5 6 1 1 1 0
7 5 7 1 1 1 0
7 18 0 1 1 1 0
7 18 1 1 1 1 0
7 18 2 1 1 1 0
7 18 3 1 1 1 0
7 18 4 1 1 1 0
7 18 5 1 1 1 0
7 18 6 1 1 1 0
7 18 7 1 1 1 0
7 19 0 1 1 1 0
7 19 1 1 1 1 0
7 19 2 1 1 1 0
7 19 3 1 1 1 0
7 19 4 1 1 1 0
7 19 5 1 1 1 0
7 19 6 1 1 1 0
7 19 7 1 1 1 0
8 9 4 1 1 1 0
8 9 5 1 1 1 0
8 9 6 1 1 1 0
8 9 7 1 1 1 0
8 10 4 1 1 1 0
8 10 5 1 1 1 0
8 10 6 1 1 1 0
8 10 7 1 1 1 0
8 11 4 1 1 1 0
8 11 5 1 1 1 0
8 11 6 1 1 1 0
8 11 7 1 1 1 0
8 12 0 1 1 1 0
8 12 1 1 1 1 0
8 12 2 1 1 1 0
8 12 3 1 1 1 0
8 12 4 1 1 1 0
8 12 5 1 1 1 0
8 12 6 1 1 1 0
8 12 7 1 1 1 0
8 13 0 1 1 1 0
8 13 1 1 1 1 0
8 13 2 1 1 1 0
8 13 3 1 1 1 0
8 13 4 1 1 1 0
8 13 5 1 1 1 0
8 13 6 1 1 1 0
8 13 7 1 1 1 0
8 14 0 1 1 1 0
8 14 1 1 1 1 0
8 14 2 1 1 1 0
8 14 3 1 1 1 0
8 14 4 1 1 1 0
8 14 5 1 1 1 0
8 14 6 1 1 1 0
8 14 7 1 1 1 0
8 15 0 1 1 1 0
8 15 1 1 1 1 0
8 15 2 1 1 1 0
8 15 3 1 1 1 0
8 15 4 1 1 1 0
8 15 5 1 1 1 0
8 15 6 1 1 1 0
8 15 7 1 1 1 0
8 16 0 1 1 1 0
8 16 1 1 1 1 0
8 16 2 1 1 1 0
8 16 3 1 1 1 0
8 16 4 1 1 1 0
8 16 5 1 1 1 0
8 16 6 1 1 1 0
8 16 7 1 1 1 0
8 17 0 1 1 1 0
8 17 1 1 1 1 0
8 17 2 1 1 1 0
8 17 3 1 1 1 0
8 17 4 1 1 1 0
8 17 5 1 1 1 0
8 17 6 1 1 1 0
8 17 7 1 1 1 0
8 18 0 1 1 1 0
8 18 1 1 1 1 0
8 18 2 1 1 1 0
8 18 3 1 1 1 0
8 18 4 1 1 1 0
8 18 5 1 1 1 0
8 18 6 1 1 1 0
8 18 7 1 1 1 0
8 19 0 1 1 1 0
8 19 1 1 1 1 0
8 19 2 1 1 1 0
8 19 3 1 1 1 0
8 19 4 1 1 1 0
8 19 5 1 1 1 0
8 19 6 1 1 1 0
8 19 7 1 1 1 0
9 0 0 1 1 1 0
9 0 1 1 1 1 0
9 0 2 1 1 1 0
9 0 3 1 1 1 0
9 0 4 1 1 1 0
9 0 5 1 1 1 0
9 0 6 1 1 1 0
9 0 7 1 1 1 0
9 1 0 1 1 1 0
9 1 1 1 1 1 0
9 1 2 1 1 1 0
9 1 3 1 1 1 0
9 1 4 1 1 1 0
9 1 5 1 1 1 0
9 1 6 1 1 1 0
9 1 7 1 1 1 0
9 2 0 1 1 1 0
9 2 1 1 1 1 0
9 2 2 1 1 1 0
9 2 3 1 1 1 0
9 2 4 1 1 1 0
9 2 5 1 1 1 0
9 2 6 1 1 1 0
9 2 7 1 1 1 0
9 3 0 1 1 1 0
9 3 1 1 1 1 0
9 3 2 1 1 1 0
9 3 3 1 1 1 0
9 3 4 1 1 1 0
9 3 5 1 1 1 0
9 3 6 1 1 1 0
9 3 7 1 1 1 0
9 4 0 1 1 1 0
9 4 1 1 1 1 0
9 4 2 1 1 1 0
9 4 3 1 1 1 0
9 4 4 1 1 1 0
9 4 5 1 1 1 0
9 4 6 1 1 1 0
9 4 7 1 1 1 0
9 5 0 1 1 1 0
9 5 1 1 1 1 0
9 5 2 1 1 1 0
9 5 3 1 1 1 0
9 5 4 1 1 1 0
9 5 5 1 1 1 0
9 5 6 1 1 1 0
9 5 7 1 1 1 0
9 6 0 1 1 1 0
9 6 1 1 1 1 0
9 6 2 1 1 1 0
9 6 3 1 1 1 0
9 6 4 1 1 1 0
9 6 5 1 1 1 0
9 6 6 1 1 1 0
9 6 7 1 1 1 0
9 7 0 1 1 1 0
9 7 1 1 1 1 0
9 7 2 1 1 1 0
9 7 3 1 1 1 0
9 7 4 1 1 1 0
9 7 5 1 1 1 0
9 7 6 1 1 1 0
9 7 7 1 1 1 0
9 8 0 1 1 1 0
9 8 1 1 1 1 0
9 8 2 1 1 1 0
9 8 3 1 1 1 0
9 8 4 1 1 1 0
9 8 5 1 1 1 0
9 8 6 1 1 1 0
9 8 7 1 1 1 0
9 9 0 1 1 1 0
9 9 1 1 1 1 0
9 9 2 1 1 1 0
9 9 3 1 1 1 0
9 9 4 1 1 1 0
9 9 5 1 1 1 0
9 9 6 1 1 1 0
9 9 7 1 1 1 0
9 10 0 1 1 1 0
9 10 1 1 1 1 0
9 10 2 1 1 1 0
9 10 3 1 1 1 0
9 10 4 1 1 1 0
9 10 5 1 1 1 0
9 10 6 1 1 1 0
9 10 7 1 1 1 0
9 11 0 1 1 1 0
9 11 1 1 1 1 0
9 11 2 1 1 1 0
9 11 3 1 1 1 0
9 11 4 1 1 1 0
9 11 5 1 1 1 0
9 11 6 1 1 1 0
9 11 7 1 1 1 0
9 12 0 1 1 1 0
9 12 1 1 1 1 0
9 12 2 1 1 1 0
9 12 3 1 1 1 0
9 12 4 1 1 1 0
9 12 5 1 1 1 0
9 12 6 1 1 1 0
9 12 7 1 1 1 0
9 13 0 1 1 1 0
9 13 1 1 1 1 0
9 13 2 1 1 1 0
9 13 3 1 1 1 0
9 13 4 1 1 1 0
9 13 5 1 1 1 0
9 13 6 1 1 1 0
9 13 7 1 1 1 0
9 14 0 1 1 1 0
9 14 1 1 1 1 0
9 14 2 1 1 1 0
9 14 3 1 1 1 0
9 14 4 1 1 1 0
9 14 5 1 1 1 0
9 14 6 1 1 1 0
9 14 7 1 1 1 0
9 15 0 1 1 1 0
9 15 1 1 1 1 0
9 15 2 1 1 1 0
9 15 3 1 1 1 0
9 15 4 1 1 1 0
9 15 5 1 1 1 0
9 15 6 1 1 1 0
9 15 7 1 1 1 0
9 16 0 1 1 1 0
9 16 1 1 1 1 0
9 16 2 1 1 1 0
9 16 3 1 1 1 0
9 16 4 1 1 1 0
9 16 5 1 1 1 0
9 16 6 1 1 1 0
9 16 7 1 1 1 0
9 17 0 1 1 1 0
9 17 1 1 1 1 0
9 17 2 1 1 1 0
9 17 3 1 1 1 0
9 17 4 1 1 1 0
9 17 5 1 1 1 0
9 17 6 1 1 1 0
9 17 7 1 1 1 0
9 18 0 1 1 1 0
9 18 1 1 1 1 0
9 18 2 1 1 1 0
9 18 3 1 1 1 0
9 18 4 1 1 1 0
9 18 5 1 1 1 0
9 18 6 1 1 1 0
9 18 7 1 1 1 0
9 19 0 1 1 1 0
9 19 1 1 1 1 0
9 19 2 1 1 1 0
9 19 3 1 1 1 0
9 19 4 1 1 1 0
9 19 5 1 1 1 0
9 19 6 1 1 1 0
9 19 7 1 1 1 0
10 0 0 1 1 1 0
10 0 1 1 1 1 0
10 0 2 1 1 1 0
10 0 3 1 1 1 0
10 0 4 1 1 1 0
10 0 5 1 1 1 0
10 0 6 1 1 1 0
10 0 7 1 1 1 0
10 1 0 1 1 1 0
10 1 1 1 1 1 0
10 1 2 1 1 1 0
10 1 3 1 1 1 0
10 1 4 1 1 1 0
10 1 5 1 1 1 0
10 1 6 1 1 1 0
10 1 7 1 1 1 0
10 2 0 1 1 1 0
10 2 1 1 1 1 0
10 2 2 1 1 1 0
10 2 3 1 1 1 0
10 2 4 1 1 1 0
10 2 5 1 1 1 0
10 2 6 1 1 1 0
10 2 7 1 1 1 0
10 3 0 1 1 1 0
10 3 1 1 1 1 0
10 3 2 1 1 1 0
10 3 3 1 1 1 0
10 3 4 1 1 1 0
10 3 5 1 1 1 0
10 3 6 1 1 1 0
10 3 7 1 1 1 0
10 4 0 1 1 1 0
10 4 1 1 1 1 0
10 4 2 1 1 1 0
10 4 3 1 1 1 0
10 4 4 1 1 1 0
10 4 5 1 1 1 0
10 4 6 1 1 1 0
10 4 7 1 1 1 0
10 5 0 1 1 1 0
10 5 1 1 1 1 0
10 5 2 1 1 1 0
10 5 3 1 1 1 0
10 5 4 1 1 1 0
10 5 5 1 1 1 0
10 5 6 1 1 1 0
10 5 7 1 1 1 0
10 6 0 1 1 1 0
10 6 1 1 1 1 0
10 6 2 1 1 1 0
10 6 3 1 1 1 0
10 6 4 1 1 1 0
10 6 5 1 1 1 0
10 6 6 1 1 1 0
10 6 7 1 1 1 0
10 7 0 1 1 1 0
10 7 1 1 1 1 0
10 7 2 1 1 1 0
10 7 3 1 1 1 0
10 7 4 1 1 1 0
10 7 5 1 1 1 0
10 7 6 1 1 1 0
10 7 7 1 1 1 0
10 8 0 1 1 1 0
10 8 1 1 1 1 0
10 8 2 1 1 1 0
10 8 3 1 1 1 0
10 8 4 1 1 1 0
10 8 5 1 1 1 0
10 8 6 1 1 1 0
10 8 7 1 1 1 0
10 9 0 1 1 1 0
10 9 1 1 1 1 0
10 9 2 1 1 1 0
10 9 3 1 1 1 0
10 9 4 1 1 1 0
10 9 5 1 1 1 0
10 9 6 1 1 1 0
10 9 7 1 1 1 0
10 10 0 1 1 1 0
10 10 1 1 1 1 0
10 10 2 1 1 1 0
10 10 3 1 1 1 0
10 10 4 1 1 1 0
10 10 5 1 1 1 0
10 10 6 1 1 1 0
10 10 7 1 1 1 0
10 11 0 1 1 1 0
10 11 1 1 1 1 0
10 11 2 1 1 1 0
10 11 3 1 1 1 0
10 11 4 1 1 1 0
10 11 5 1 1 1 0
10 11 6 1 1 1 0
10 11 7 1 1 1 0
10 12 0 1 1 1 0
10 12 1 1 1 1 0
10 12 2 1 1 1 0
10 12 3 1 1 1 0
10 12 4 1 1 1 0
10 12 5 1 1 1 0
10 12 6 1 1 1 0
10 12 7 1 1 1 0
10 13 0 1 1 1 0
10 13 1 1 1 1 0
10 13 2 1 1 1 0
10 13 3 1 1 1 0
10 13 4 1 1 1 0
10 13 5 1 1 1 0
10 13 6 1 1 1 0
10 13 7 1 1 1 0
10 14 0 1 1 1 0
10 14 1 1 1 1 0
10 14 2 1 1 1 0
10 14 3 1 1 1 0
10 14 4 1 1 1 0
10 14 5 1 1 1 0
10 14 6 1 1 1 0
10 14 7 1 1 1 0
10 15 0 1 1 1 0
10 15 1 1 1 1 0
10 15 2 1 1 1 0
10 15 3 1 1 1 0
10 15 4 1 1 1 0
10 15 5 1 1 1 0
10 15 6 1 1 1 0
10 15 7 1 1 1 0
10 16 0 1 1 1 0
10 16 1 1 1 1 0
10 16 2 1 1 1 0
10 16 3 1 1 1 0
10 16 4 1 1 1 0
10 16 5 1 1 1 0
10 16 6 1 1 1 0
10 16 7 1 1 1 0
10 17 0 1 1 1 0
10 17 1 1 1 1 0
10 17 2 1 1 1 0
10 17 3 1 1 1 0
10 17 4 1 1 1 0
10 17 5 1 1 1 0
10 17 6 1 1 1 0
10 17 7 1 1 1 0
10 18 0 1 1 1 0
10 18 1 1 1 1 0
10 18 2 1 1 1 0
10 18 3 1 1 1 0
10 18 4 1 1 1 0
10 18 5 1 1 1 0
10 18 6 1 1 1 0
10 18 7 1 1 1 0
10 19 0 1 1 1 0
10 19 1 1 1 1 0
10 19 2 1 1 1 0
10 19 3 1 1 1 0
10 19 4 1 1 1 0
10 19 5 1 1 1 0
10 19 6 1 1 1 0
10 19 7 1 1 1 0
11 0 0 1 1 1 0
11 0 1 1 1 1 0
11 0 2 1 1 1 0
11 0 3 1 1 1 0
11 0 4 1 1 1 0
11 0 5 1 1 1 0
11 0 6 1 1 1 0
11 0 7 1 1 1 0
11 1 0 1 1 1 0
11 1 1 1 1 1 0
11 1 2 1 1 1 0
11 1 3 1 1 1 0
11 1 4 1 1 1 0
11 1 5 1 1 1 0
11 1 6 1 1 1 0
11 1 7 1 1 1 0
11 2 0 1 1 1 0
11 2 1 1 1 1 0
11 2 2 1 1 1 0
11 2 3 1 1 1 0
11 2 4 1 1 1 0
11 2 5 1 1 1 0
11 2 6 1 1 1 0
11 2 7 1 1 1 0
11 3 0 1 1 1 0
11 3 1 1 1 1 0
11 3 2 1 1 1 0
11 3 3 1 1 1 0
11 3 4 1 1 1 0
11 3 5 1 1 1 0
11 3 6 1 1 1 0
11 3 7 1 1 1 0
11 4 0 1 1 1 0
11 4 1 1 1 1 0
11 4 2 1 1 1 0
11 4 3 1 1 1 0
11 4 4 1 1 1 0
11 4 5 1 1 1 0
11 4 6 1 1 1 0
11 4 7 1 1 1 0
11 5 0 1 1 1 0
11 5 1 1 1 1 0
11 5 2 1 1 1 0
11 5 3 1 1 1 0
11 5 4 1 1 1 0
11 5 5 1 1 1 0
11 5 6 1 1 1 0
11 5 7 1 1 1 0
11 6 0 1 1 1 0
11 6 1 1 1 1 0
11 6 2 1 1 1 0
11 6 3 1 1 1 0
11 6 4 1 1 1 0
11 6 5 1 1 1 0
11 6 6 1 1 1 0
11 6 7 1 1 1 0
11 7 0 1 1 1 0
11 7 1 1 1 1 0
11 7 2 1 1 1 0
11 7 3 1 1 1 0
11 7 4 1 1 1 0
11 7 5 1 1 1 0
11 7 6 1 1 1 0
11 7 7 1 1 1 0
11 8 0 1 1 1 0
11 8 1 1 1 1 0
11 8 2 1 1 1 0
11 8 3 1 1 1 0
11 8 4 1 1 1 0
11 8 5 1 1 1 0
11 8 6 1 1 1 0
11 8 7 1 1 1 0
11 9 0 1 1 1 0
11 9 1 1 1 1 0
11 9 2 1 1 1 0
11 9 3 1 1 1 0
11 9 4 1 1 1 0
11 9 5 1 1 1 0
11 9 6 1 1 1 0
11 9 7 1 1 1 0
11 10 0 1 1 1 0
11 10 1 1 1 1 0
11 10 2 1 1 1 0
11 12 0 2 3 2 0
11 12 2 2 3 2 0
11 12 4 2 3 2 0
11 12 6 2 3 2 0
11 15 0 2 3 2 0
11 15 2 2 3 2 0
11 15 4 2 3 2 0
11 15 6 2 3 2 0
12 0 0 2 3 2 0
12 0 2 2 3 2 0
12 0 4 2 3 2 0
12 0 6 2 3 2 0
12 3 0 2 3 2 0
12 3 2 2 3 2 0
12 3 4 2 3 2 0
12 3 6 2 3 2 0
12 6 0 2 3 2 0
12 6 2 2 3 2 0
12 6 4 2 3 2 0
12 6 6 2 3 2 0
12 9 0 2 3 2 0
12 9 2 2 3 2 0
13 12 0 3 4 2 0
13 12 2 3 4 2 0
8 0 0 0.05 20 8 1
0 12 0 20 0.05 8 1
10 12 0 20 0.05 8 1
