11 10 10
0 6 0 4 4 4 0
1 0 0 4 4 4 0
1 6 6 4 4 4 0
6 0 6 4 4 4 0
6 6 6 4 4 4 0
7 0 0 4 4 4 0
1 0 4 3 4 1 0
1 0 5 3 4 1 0
1 6 4 3 4 1 0
1 6 5 3 4 1 0
7 0 4 3 4 1 0
7 0 5 3 4 1 0
7 4 4 3 4 1 0
7 4 5 3 4 1 0
0 0 6 4 1 4 0
0 1 6 4 1 4 0
0 2 6 4 1 4 0
0 3 6 4 1 4 0
0 4 0 4 1 4 0
1 5 0 4 1 4 0
6 4 0 4 1 4 0
6 5 0 4 1 4 0
7 4 6 4 1 4 0
7 5 6 4 1 4 0
7 6 0 4 1 4 0
7 7 0 4 1 4 0
7 8 0 4 1 4 0
0 0 0 1 1 3 0
0 0 3 1 1 3 0
0 1 0 1 1 3 0
0 1 3 1 1 3 0
0 2 0 1 1 3 0
0 2 3 1 1 3 0
0 3 0 1 1 3 0
0 3 3 1 1 3 0
0 4 4 1 1 3 0
0 4 7 1 1 3 0
0 5 0 1 1 3 0
0 5 4 1 1 3 0
0 6 4 1 1 3 0
0 6 7 1 1 3 0
0 7 4 1 1 3 0
0 7 7 1 1 3 0
0 8 4 1 1 3 0
0 8 7 1 1 3 0
0 9 4 1 1 3 0
0 9 7 1 1 3 0
1 4 4 1 1 3 0
1 4 7 1 1 3 0
1 5 4 1 1 3 0
2 4 4 1 1 3 0
2 4 7 1 1 3 0
2 5 4 1 1 3 0
3 4 4 1 1 3 0
3 4 7 1 1 3 0
3 5 4 1 1 3 0
4 0 4 1 1 3 0
4 0 7 1 1 3 0
4 1 4 1 1 3 0
4 1 7 1 1 3 0
4 2 4 1 1 3 0
4 2 7 1 1 3 0
4 3 4 1 1 3 0
4 3 7 1 1 3 0
4 4 0 1 1 3 0
4 4 4 1 1 3 0
4 4 7 1 1 3 0
4 5 4 1 1 3 0
4 5 7 1 1 3 0
4 6 0 1 1 3 0
4 6 3 1 1 3 0
4 7 0 1 1 3 0
4 7 3 1 1 3 0
4 8 0 1 1 3 0
4 8 3 1 1 3 0
4 9 0 1 1 3 0
4 9 3 1 1 3 0
6 0 0 1 1 3 0
6 0 3 1 1 3 0
6 1 0 1 1 3 0
6 1 3 1 1 3 0
6 2 0 1 1 3 0
6 2 3 1 1 3 0
6 3 0 1 1 3 0
6 3 3 1 1 3 0
6 4 4 1 1 3 0
6 4 7 1 1 3 0
6 5 4 1 1 3 0
6 5 7 1 1 3 0
6 6 0 1 1 3 0
6 6 3 1 1 3 0
6 7 0 1 1 3 0
6 7 3 1 1 3 0
6 8 0 1 1 3 0
6 8 3 1 1 3 0
6 9 0 1 1 3 0
10 0 4 1 1 3 0
10 0 7 1 1 3 0
10 1 4 1 1 3 0
10 1 7 1 1 3 0
10 2 4 1 1 3 0
10 2 7 1 1 3 0
10 3 4 1 1 3 0
10 3 7 1 1 3 0
10 4 0 1 1 3 0
10 4 3 1 1 3 0
10 5 0 1 1 3 0
10 5 3 1 1 3 0
10 6 4 1 1 3 0
10 6 7 1 1 3 0
10 7 4 1 1 3 0
10 7 7 1 1 3 0
10 8 4 1 1 3 0
10 8 7 1 1 3 0
10 9 4 1 1 3 0
10 9 7 1 1 3 0
0 5 7 4 1 3 0
6 9 3 4 1 3 0
7 9 0 4 1 3 0
5 0 0 1 10 10 1
