16 20 8
0 0 0 3 3 1 0
0 0 1 3 3 1 0
0 0 2 3 3 1 0
0 0 3 3 3 1 0
0 1 7 3 3 1 0
0 5 7 3 3 1 0
0 8 2 3 3 1 0
0 9 0 3 3 1 0
0 9 1 3 3 1 0
0 13 0 3 3 1 0
0 13 1 3 3 1 0
0 13 2 3 3 1 0
0 13 3 3 3 1 0
0 14 5 3 3 1 0
0 14 7 3 3 1 0
0 17 0 3 3 1 0
0 17 6 3 3 1 0
0 17 7 3 3 1 0
2 9 7 3 3 1 0
2 14 4 3 3 1 0
2 14 6 3 3 1 0
3 0 7 3 3 1 0
3 3 7 3 3 1 0
3 6 7 3 3 1 0
3 14 1 3 3 1 0
3 14 2 3 3 1 0
3 14 3 3 3 1 0
3 15 0 3 3 1 0
3 15 5 3 3 1 0
3 17 6 3 3 1 0
3 17 7 3 3 1 0
5 3 0 3 3 1 0
5 3 1 3 3 1 0
5 3 2 3 3 1 0
5 3 3 3 3 1 0
5 9 4 3 3 1 0
5 9 5 3 3 1 0
5 9 6 3 3 1 0
5 9 7 3 3 1 0
5 14 4 3 3 1 0
5 14 6 3 3 1 0
5 14 7 3 3 1 0
8 0 7 3 3 1 0
8 3 7 3 3 1 0
8 6 0 3 3 1 0
8 6 4 3 3 1 0
8 8 7 3 3 1 0
8 9 4 3 3 1 0
8 9 5 3 3 1 0
8 12 4 3 3 1 0
9 0 0 3 3 1 0
9 2 1 3 3 1 0
9 2 2 3 3 1 0
9 2 3 3 3 1 0
9 3 0 3 3 1 0
9 9 0 3 3 1 0
9 9 1 3 3 1 0
9 9 2 3 3 1 0
9 9 3 3 3 1 0
10 9 6 3 3 1 0
10 15 0 3 3 1 0
10 16 1 3 3 1 0
10 16 2 3 3 1 0
10 16 3 3 3 1 0
10 17 4 3 3 1 0
11 9 4 3 3 1 0
11 12 0 3 3 1 0
11 14 4 3 3 1 0
12 0 0 3 3 1 0
12 14 5 3 3 1 0
12 14 6 3 3 1 0
12 14 7 3 3 1 0
13 0 4 3 3 1 0
13 0 5 3 3 1 0
13 0 6 3 3 1 0
13 0 7 3 3 1 0
13 2 1 3 3 1 0
13 2 2 3 3 1 0
13 2 3 3 3 1 0
13 3 0 3 3 1 0
13 6 0 3 3 1 0
13 9 5 3 3 1 0
13 9 6 3 3 1 0
13 12 1 3 3 1 0
13 12 2 3 3 1 0
13 12 3 3 3 1 0
13 17 5 3 3 1 0
13 17 6 3 3 1 0
13 17 7 3 3 1 0
0 6 1 4 2 3 0
1 4 0 4 2 3 0
2 0 4 4 2 3 0
2 2 4 4 2 3 0
2 18 3 4 2 3 0
3 8 0 4 2 3 0
3 10 0 4 2 3 0
3 18 0 4 2 3 0
4 4 4 4 2 3 0
4 6 4 4 2 3 0
8 0 1 4 2 3 0
8 0 4 4 2 3 0
8 2 4 4 2 3 0
8 4 4 4 2 3 0
8 5 1 4 2 3 0
8 6 5 4 2 3 0
8 7 1 4 2 3 0
8 12 5 4 2 3 0
8 14 5 4 2 3 0
8 16 5 4 2 3 0
9 12 1 4 2 3 0
9 14 1 4 2 3 0
9 18 5 4 2 3 0
12 0 1 4 2 3 0
12 5 1 4 2 3 0
12 7 1 4 2 3 0
0 0 4 1 1 4 0
0 3 0 1 1 4 0
0 4 0 1 1 4 0
0 4 4 1 1 4 0
0 5 0 1 1 4 0
0 11 2 1 1 4 0
0 12 0 1 1 4 0
0 12 4 1 1 4 0
0 13 4 1 1 4 0
0 16 0 1 1 4 0
0 17 2 1 1 4 0
0 18 2 1 1 4 0
0 19 1 1 1 4 0
1 0 4 1 1 4 0
1 3 0 1 1 4 0
1 4 4 1 1 4 0
1 11 4 1 1 4 0
1 12 0 1 1 4 0
1 12 4 1 1 4 0
1 13 4 1 1 4 0
1 16 0 1 1 4 0
1 17 2 1 1 4 0
1 18 2 1 1 4 0
1 19 2 1 1 4 0
2 3 0 1 1 4 0
2 4 4 1 1 4 0
2 11 2 1 1 4 0
2 12 0 1 1 4 0
2 12 4 1 1 4 0
2 13 4 1 1 4 0
2 16 0 1 1 4 0
2 17 2 1 1 4 0
3 3 0 1 1 4 0
3 4 3 1 1 4 0
3 11 3 1 1 4 0
3 12 0 1 1 4 0
3 12 4 1 1 4 0
3 13 0 1 1 4 0
3 13 4 1 1 4 0
3 17 1 1 1 4 0
4 3 0 1 1 4 0
4 6 0 1 1 4 0
4 7 0 1 1 4 0
4 8 3 1 1 4 0
4 9 3 1 1 4 0
4 10 3 1 1 4 0
4 11 3 1 1 4 0
4 12 0 1 1 4 0
4 12 4 1 1 4 0
4 13 0 1 1 4 0
4 13 4 1 1 4 0
4 17 1 1 1 4 0
5 6 0 1 1 4 0
5 7 0 1 1 4 0
5 8 3 1 1 4 0
5 12 0 1 1 4 0
5 12 4 1 1 4 0
5 13 0 1 1 4 0
5 13 4 1 1 4 0
5 17 1 1 1 4 0
6 0 4 1 1 4 0
6 1 4 1 1 4 0
6 2 4 1 1 4 0
6 3 4 1 1 4 0
6 6 0 1 1 4 0
6 7 0 1 1 4 0
6 8 4 1 1 4 0
6 12 0 1 1 4 0
6 12 4 1 1 4 0
6 13 0 1 1 4 0
6 13 4 1 1 4 0
6 14 0 1 1 4 0
6 15 0 1 1 4 0
6 16 0 1 1 4 0
6 17 0 1 1 4 0
6 17 4 1 1 4 0
6 18 3 1 1 4 0
6 19 3 1 1 4 0
7 0 0 1 1 4 0
7 0 4 1 1 4 0
7 1 0 1 1 4 0
7 1 4 1 1 4 0
7 2 0 1 1 4 0
7 2 4 1 1 4 0
7 3 4 1 1 4 0
7 6 0 1 1 4 0
7 7 0 1 1 4 0
7 8 0 1 1 4 0
7 8 4 1 1 4 0
7 9 0 1 1 4 0
7 10 0 1 1 4 0
7 11 0 1 1 4 0
7 12 0 1 1 4 0
7 12 4 1 1 4 0
7 13 0 1 1 4 0
7 13 4 1 1 4 0
7 14 0 1 1 4 0
7 15 0 1 1 4 0
7 16 0 1 1 4 0
7 17 0 1 1 4 0
7 17 4 1 1 4 0
7 18 0 1 1 4 0
7 18 4 1 1 4 0
7 19 0 1 1 4 0
7 19 4 1 1 4 0
8 2 0 1 1 4 0
8 3 0 1 1 4 0
8 4 0 1 1 4 0
8 9 0 1 1 4 0
8 10 0 1 1 4 0
8 11 0 1 1 4 0
8 12 0 1 1 4 0
8 13 0 1 1 4 0
8 14 0 1 1 4 0
8 15 0 1 1 4 0
8 16 0 1 1 4 0
8 17 0 1 1 4 0
8 18 0 1 1 4 0
8 18 4 1 1 4 0
8 19 0 1 1 4 0
8 19 4 1 1 4 0
9 16 0 1 1 4 0
9 17 0 1 1 4 0
9 18 1 1 1 4 0
9 19 1 1 1 4 0
10 19 0 1 1 4 0
11 8 4 1 1 4 0
11 19 0 1 1 4 0
12 0 4 1 1 4 0
12 1 4 1 1 4 0
12 2 1 1 1 4 0
12 3 0 1 1 4 0
12 4 0 1 1 4 0
12 5 4 1 1 4 0
12 9 0 1 1 4 0
12 10 0 1 1 4 0
12 11 0 1 1 4 0
12 12 4 1 1 4 0
12 13 4 1 1 4 0
12 19 0 1 1 4 0
13 3 4 1 1 4 0
13 4 4 1 1 4 0
13 5 4 1 1 4 0
13 9 0 1 1 4 0
13 10 0 1 1 4 0
13 11 0 1 1 4 0
13 12 4 1 1 4 0
13 13 4 1 1 4 0
13 15 0 1 1 4 0
13 16 0 1 1 4 0
13 17 1 1 1 4 0
13 18 1 1 1 4 0
13 19 1 1 1 4 0
14 3 4 1 1 4 0
14 4 4 1 1 4 0
14 5 4 1 1 4 0
14 9 0 1 1 4 0
14 10 0 1 1 4 0
14 11 0 1 1 4 0
14 12 4 1 1 4 0
14 13 4 1 1 4 0
14 15 0 1 1 4 0
14 16 1 1 1 4 0
14 17 0 1 1 4 0
14 18 0 1 1 4 0
14 19 0 1 1 4 0
15 3 4 1 1 4 0
15 4 4 1 1 4 0
15 5 4 1 1 4 0
15 9 0 1 1 4 0
15 11 0 1 1 4 0
15 12 4 1 1 4 0
15 13 4 1 1 4 0
15 14 4 1 1 4 0
15 15 0 1 1 4 0
15 15 4 1 1 4 0
15 16 0 1 1 4 0
15 16 4 1 1 4 0
15 17 0 1 1 4 0
15 18 0 1 1 4 0
15 19 0 1 1 4 0
0 1 4 2 3 1 0
0 1 5 2 3 1 0
0 1 6 2 3 1 0
0 5 4 2 3 1 0
0 5 5 2 3 1 0
0 5 6 2 3 1 0
0 8 7 2 3 1 0
0 14 4 2 3 1 0
0 14 6 2 3 1 0
1 6 0 2 3 1 0
1 17 1 2 3 1 0
2 5 4 2 3 1 0
2 5 5 2 3 1 0
2 5 6 2 3 1 0
3 14 7 2 3 1 0
5 9 3 2 3 1 0
6 5 7 2 3 1 0
6 14 5 2 3 1 0
8 8 6 2 3 1 0
8 15 4 2 3 1 0
9 12 0 2 3 1 0
11 2 7 2 3 1 0
11 6 0 2 3 1 0
11 9 5 2 3 1 0
12 9 7 2 3 1 0
14 9 4 2 3 1 0
14 9 7 2 3 1 0
14 12 0 2 3 1 0
14 17 4 2 3 1 0
0 8 3 4 3 4 0
3 0 0 4 3 4 0
12 6 4 4 3 4 0
8 0 0 0.1 20 8 1
0 12 0 20 0.1 8 1
10 12 0 20 0.1 8 1
