11 10 10
0 0 6 2 2 2 0
0 0 8 2 2 2 0
0 2 0 2 2 2 0
0 2 2 2 2 2 0
0 4 6 2 2 2 0
0 4 8 2 2 2 0
0 6 0 2 2 2 0
0 8 0 2 2 2 0
1 0 4 2 2 2 0
2 4 4 2 2 2 0
2 6 4 2 2 2 0
3 0 0 2 2 2 0
3 0 2 2 2 2 0
3 0 4 2 2 2 0
3 2 4 2 2 2 0
3 2 6 2 2 2 0
3 4 0 2 2 2 0
3 4 2 2 2 2 0
3 6 8 2 2 2 0
3 8 8 2 2 2 0
6 4 0 2 2 2 0
6 6 0 2 2 2 0
6 6 2 2 2 2 0
6 8 6 2 2 2 0
6 8 8 2 2 2 0
8 6 2 2 2 2 0
8 8 6 2 2 2 0
8 8 8 2 2 2 0
9 0 0 2 2 2 0
9 0 2 2 2 2 0
9 0 8 2 2 2 0
9 1 4 2 2 2 0
9 3 2 2 2 2 0
9 6 4 2 2 2 0
9 6 6 2 2 2 0
9 8 0 2 2 2 0
9 8 2 2 2 2 0
9 8 4 2 2 2 0
0 0 4 1 1 2 0
0 1 4 1 1 2 0
0 2 8 1 1 2 0
0 3 8 1 1 2 0
0 4 4 1 1 2 0
0 5 4 1 1 2 0
0 9 2 1 1 2 0
1 2 8 1 1 2 0
1 3 8 1 1 2 0
1 4 4 1 1 2 0
1 5 4 1 1 2 0
1 9 2 1 1 2 0
3 9 4 1 1 2 0
3 9 6 1 1 2 0
4 4 4 1 1 2 0
4 5 4 1 1 2 0
4 6 4 1 1 2 0
4 7 4 1 1 2 0
4 9 4 1 1 2 0
4 9 6 1 1 2 0
6 4 8 1 1 2 0
6 5 8 1 1 2 0
6 6 8 1 1 2 0
6 7 8 1 1 2 0
9 0 4 1 1 2 0
9 0 6 1 1 2 0
9 1 6 1 1 2 0
9 2 0 1 1 2 0
9 2 2 1 1 2 0
9 2 6 1 1 2 0
9 2 8 1 1 2 0
9 3 0 1 1 2 0
9 3 4 1 1 2 0
9 3 6 1 1 2 0
9 3 8 1 1 2 0
9 4 4 1 1 2 0
9 4 6 1 1 2 0
9 5 2 1 1 2 0
9 5 4 1 1 2 0
9 5 6 1 1 2 0
10 0 4 1 1 2 0
10 0 6 1 1 2 0
10 1 6 1 1 2 0
10 2 0 1 1 2 0
10 2 2 1 1 2 0
10 2 6 1 1 2 0
10 2 8 1 1 2 0
10 3 0 1 1 2 0
10 3 4 1 1 2 0
10 3 6 1 1 2 0
10 3 8 1 1 2 0
10 4 4 1 1 2 0
10 4 6 1 1 2 0
10 4 8 1 1 2 0
10 5 2 1 1 2 0
10 5 4 1 1 2 0
10 5 6 1 1 2 0
10 5 8 1 1 2 0
10 6 2 1 1 2 0
10 6 8 1 1 2 0
10 7 2 1 1 2 0
10 7 8 1 1 2 0
10 8 6 1 1 2 0
10 8 8 1 1 2 0
10 9 6 1 1 2 0
10 9 8 1 1 2 0
0 6 8 3 4 2 0
2 2 8 3 4 2 0
2 4 6 3 4 2 0
2 6 0 3 4 2 0
2 6 2 3 4 2 0
6 0 0 3 4 2 0
6 0 2 3 4 2 0
6 0 4 3 4 2 0
6 0 6 3 4 2 0
6 0 8 3 4 2 0
6 4 6 3 4 2 0
6 6 4 3 4 2 0
7 4 8 3 4 2 0
8 4 0 3 4 2 0
0 0 0 3 1 4 0
0 1 0 3 1 4 0
0 2 4 3 1 4 0
0 3 4 3 1 4 0
0 4 0 3 1 4 0
0 5 0 3 1 4 0
0 9 4 3 1 4 0
2 0 6 3 1 4 0
2 1 6 3 1 4 0
2 2 0 3 1 4 0
2 3 0 3 1 4 0
2 8 4 3 1 4 0
6 4 2 3 1 4 0
6 5 2 3 1 4 0
6 8 0 3 1 4 0
6 9 0 3 1 4 0
0 6 2 2 3 3 0
0 6 5 2 3 3 0
5 0 0 1 10 10 1
