4
15 15 30
15 15 30
15 15 30
15 15 30
0 0 15 4 12 14 1 7 0
4 0 15 4 12 14 1 7 0
7 0 0 4 12 14 1 7 0
11 0 0 4 12 14 1 7 0
0 0 0 6 7 14 3 26 0
0 8 0 6 7 14 3 26 0
8 0 15 6 7 14 3 26 0
8 8 15 6 7 14 3 26 0
26 0 0 4 12 14 1 7 1
26 0 15 4 12 14 1 7 1
22 0 0 4 12 14 1 7 1
22 0 15 4 12 14 1 7 1
15 0 0 7 8 6 2 9 1
15 0 6 7 8 6 2 9 1
15 0 12 7 8 6 2 9 1
15 0 18 7 8 6 2 9 1
15 0 24 7 8 6 2 9 1
16 8 0 6 7 14 3 26 1
16 8 15 6 7 14 3 26 1
7 15 0 4 12 14 1 7 2
11 15 0 4 12 14 1 7 2
11 15 15 4 12 14 1 7 2
0 15 0 6 7 14 3 26 2
0 23 0 6 7 14 3 26 2
0 15 15 11 14 14 4 41 2
26 15 15 4 12 14 1 7 3
22 15 15 4 12 14 1 7 3
19 15 0 4 12 14 1 7 3
15 15 0 4 12 14 1 7 3
15 15 15 7 8 6 2 9 3
15 15 24 7 8 6 2 9 3
24 15 0 6 7 14 3 26 3
24 23 0 6 7 14 3 26 3
16 23 15 6 7 14 3 26 3
