
Gurobi 12.0.2 (win64) logging started Tue Jun 23 20:35:57 2026

Set parameter LogFile to value "resultados DATA_1_n30m05b2d1\instancia_6_log.txt"
Set parameter TimeLimit to value 3600
Gurobi Optimizer version 12.0.2 build v12.0.2rc0 (win64 - Windows 11+.0 (26200.2))

CPU model: 12th Gen Intel(R) Core(TM) i7-12700, instruction set [SSE2|AVX|AVX2]
Thread count: 12 physical cores, 20 logical processors, using up to 20 threads

Non-default parameters:
TimeLimit  3600

Optimize a model with 1445 rows, 1900 columns and 51560 nonzeros
Model fingerprint: 0xbc9d8d4b
Variable types: 20 continuous, 1880 integer (1880 binary)
Coefficient statistics:
  Matrix range     [1e+00, 1e+00]
  Objective range  [2e+02, 1e+03]
  Bounds range     [1e+00, 1e+00]
  RHS range        [1e+00, 7e+01]
Found heuristic solution: objective 20780.000000
Presolve removed 120 rows and 644 columns
Presolve time: 0.43s
Presolved: 1325 rows, 1256 columns, 32168 nonzeros
Found heuristic solution: objective 20220.000000
Variable types: 0 continuous, 1256 integer (1256 binary)

Root relaxation: objective 2.377767e+04, 6471 iterations, 3.23 seconds (0.74 work units)

    Nodes    |    Current Node    |     Objective Bounds      |     Work
 Expl Unexpl |  Obj  Depth IntInf | Incumbent    BestBd   Gap | It/Node Time

     0     0 23777.6667    0   64 20780.0000 23777.6667  14.4%     -    5s
H    0     0                    21767.000000 23777.6667  9.24%     -    5s
H    0     0                    22292.000000 23777.6667  6.66%     -    5s
H    0     0                    22751.000000 23777.6667  4.51%     -    5s
H    0     0                    22922.000000 23777.6667  3.73%     -    5s
H    0     0                    23342.000000 23777.6667  1.87%     -    5s
     0     0 23777.6667    0   97 23342.0000 23777.6667  1.87%     -    5s
     0     0 23777.6667    0   92 23342.0000 23777.6667  1.87%     -    8s
     0     0 23777.6667    0   71 23342.0000 23777.6667  1.87%     -    8s
     0     0 23777.6667    0   64 23342.0000 23777.6667  1.87%     -   10s
     0     0 23777.6667    0  131 23342.0000 23777.6667  1.87%     -   12s
     0     0 23777.6667    0   84 23342.0000 23777.6667  1.87%     -   14s
     0     0 23777.6667    0   89 23342.0000 23777.6667  1.87%     -   15s
     0     0 23777.6667    0   89 23342.0000 23777.6667  1.87%     -   16s
     0     2 23777.6667    0   89 23342.0000 23777.6667  1.87%     -   21s
    27    41 23741.0000    5  137 23342.0000 23777.6667  1.87%   759   27s
H   33    41                    23353.000000 23777.6667  1.82%   712   27s
    77   101 23568.6667    9   20 23353.0000 23777.6667  1.82%   547   31s
   213   216 23568.6667   18   20 23353.0000 23777.6667  1.82%   299   35s
   336   283 23563.6667   24   49 23353.0000 23777.6667  1.82%   228   40s
   569   431     cutoff   39      23353.0000 23777.6667  1.82%   177   46s
   700   498     cutoff   43      23353.0000 23777.6667  1.82%   167   51s
   774   536 23377.0000   47   97 23353.0000 23777.6667  1.82%   163   55s
   866   569 23615.0247   12   61 23353.0000 23777.6667  1.82%   160   60s
   901   583 23615.0247   13   57 23353.0000 23777.6667  1.82%   161   65s
  1031   691 23568.6667   18   20 23353.0000 23777.6667  1.82%   158   70s
  1347   850 23493.3889   26  130 23353.0000 23777.6667  1.82%   146   75s
  1645  1105 23362.3333   42   68 23353.0000 23745.0000  1.68%   137   80s
  2481  1505 23367.0000   82   84 23353.0000 23745.0000  1.68%   119   86s
  3057  1618 23745.0000    5   89 23353.0000 23745.0000  1.68%   111   93s
  3059  1619 23745.0000   17   64 23353.0000 23745.0000  1.68%   111   96s
  3061  1621 23483.5328   18  106 23353.0000 23745.0000  1.68%   111  101s
  3064  1623 23714.6271   18  106 23353.0000 23745.0000  1.68%   111  105s
  3072  1637 23745.0000   14  306 23353.0000 23745.0000  1.68%   120  110s
  3111  1678 23744.4510   17  107 23353.0000 23745.0000  1.68%   127  115s
  3204  1750 23681.6957   20   43 23353.0000 23745.0000  1.68%   138  120s
  3336  1825 23591.3892   26  113 23353.0000 23745.0000  1.68%   142  125s
  3569  1880 23543.0000   33  109 23353.0000 23745.0000  1.68%   142  130s
  3782  1945     cutoff   41      23353.0000 23745.0000  1.68%   145  135s
  4181  2027 23643.4103   21  146 23353.0000 23745.0000  1.68%   142  140s
  4511  2144 23521.0000   32   27 23353.0000 23745.0000  1.68%   145  146s
  4839  2225 23745.0000   19  123 23353.0000 23745.0000  1.68%   144  150s
  5404  2445 23675.0000   25   43 23353.0000 23745.0000  1.68%   143  155s
  5960  2588 23582.6000   31   76 23353.0000 23745.0000  1.68%   140  160s
  7489  3012     cutoff   31      23353.0000 23745.0000  1.68%   131  165s
  8401  3340 23659.2051   24  101 23353.0000 23745.0000  1.68%   128  170s
  9423  4196 23633.0000   24  143 23353.0000 23745.0000  1.68%   123  176s
 10300  4693     cutoff   23      23353.0000 23734.2947  1.63%   119  180s
 11162  5202 23433.8302   38   78 23353.0000 23726.3333  1.60%   115  185s
 12712  6176 23395.0000   61   83 23353.0000 23723.2778  1.59%   111  191s
 13208  6303 23487.0000   27   22 23353.0000 23723.0215  1.58%   110  195s
 13437  6642     cutoff   41      23353.0000 23723.0215  1.58%   109  200s
 13968  6977     cutoff   42      23353.0000 23721.5441  1.58%   109  205s
 15145  7572 23648.9444   32  188 23353.0000 23716.0667  1.55%   106  214s
 15765  8068 23479.9333   32   86 23353.0000 23709.2222  1.53%   106  220s
 16460  8539 23482.5000   48   89 23353.0000 23709.2222  1.53%   105  225s
 17363  8848     cutoff   41      23353.0000 23703.5185  1.50%   103  230s
 17845  9221 23577.0000   22  120 23353.0000 23700.6667  1.49%   103  238s
 18647  9637 23399.6667   43   80 23353.0000 23700.6667  1.49%   102  244s
 19325 10008 23378.2683   55   86 23353.0000 23700.6667  1.49%   102  250s
 20043 10449 23615.2388   33  137 23353.0000 23700.6667  1.49%   101  255s
 20888 10864 23381.2593   56  167 23353.0000 23697.0000  1.47%   100  261s
 21652 11246 23367.0000   42   65 23353.0000 23692.1111  1.45%   100  266s
 22474 11812 23405.5000   50   50 23353.0000 23692.1111  1.45%  98.7  272s
 23421 12396 23614.0622   31  201 23353.0000 23689.0000  1.44%  97.4  278s
 24248 12684 23483.6667   42   77 23353.0000 23686.8246  1.43%  96.8  284s
 24724 13261 23635.3333   25   59 23353.0000 23684.0588  1.42%  96.4  291s
 25721 13822 23428.6000   33   69 23353.0000 23682.7578  1.41%  95.4  297s
 26596 14378 23508.6667   25   54 23353.0000 23681.6957  1.41%  95.3  305s
 27706 15115 23376.0588   59   60 23353.0000 23675.4087  1.38%  94.3  312s
 29080 15781 23521.0000   46   12 23353.0000 23675.0000  1.38%  92.6  319s
 30469 16495     cutoff   39      23353.0000 23675.0000  1.38%  91.1  326s
 31701 17144 23428.6000   38   21 23353.0000 23675.0000  1.38%  90.0  334s
 32838 17729 23521.0000   39   16 23353.0000 23675.0000  1.38%  89.7  342s
 33981 18389 23607.6250   35   70 23353.0000 23675.0000  1.38%  89.2  350s
 35394 18991 23357.0000   47    4 23353.0000 23675.0000  1.38%  88.0  359s
 36538 18992 23395.6667   65   89 23353.0000 23675.0000  1.38%  87.7  463s
 36540 18993 23368.0000   87   64 23353.0000 23675.0000  1.38%  87.7  468s
 36541 18994 23412.5000   54  154 23353.0000 23675.0000  1.38%  87.7  470s
 36543 18995 23398.4902   44  183 23353.0000 23675.0000  1.38%  87.7  475s
 36544 18996 23419.8916   95  133 23353.0000 23675.0000  1.38%  87.7  483s
 36545 18997 23418.3333   53  130 23353.0000 23675.0000  1.38%  87.7  487s
 36546 18997 23471.8511   35  127 23353.0000 23675.0000  1.38%  87.7  499s
 36547 18998 23357.0000   55  120 23353.0000 23675.0000  1.38%  87.7  510s
 36548 18999 23379.3200   39  114 23353.0000 23675.0000  1.38%  87.7  517s
 36549 18999 23459.4000   47  114 23353.0000 23675.0000  1.38%  87.7  521s
 36550 19003 23675.0000   23  102 23353.0000 23675.0000  1.38%  88.5  528s
 36556 19013 23675.0000   25  226 23353.0000 23675.0000  1.38%  88.7  531s
 36576 19034 23675.0000   27  187 23353.0000 23675.0000  1.38%  89.1  537s
 36621 19072 23622.5021   29   95 23353.0000 23675.0000  1.38%  89.9  542s
 36735 19135 23611.6061   33   74 23353.0000 23675.0000  1.38%  91.1  545s
 37116 19229     cutoff   45      23353.0000 23675.0000  1.38%  92.6  551s
 37207 19246 23423.0000   49   54 23353.0000 23675.0000  1.38%  92.9  556s
 37337 19294 23458.0000   57   87 23353.0000 23675.0000  1.38%  93.4  561s
 37457 19332 23381.0000   65   46 23353.0000 23675.0000  1.38%  93.7  566s
 37614 19384 23559.8686   33   89 23353.0000 23675.0000  1.38%  93.8  570s
 37795 19402 23527.3261   36  103 23353.0000 23675.0000  1.38%  94.0  579s
 37902 19390 23527.3261   40  114 23353.0000 23675.0000  1.38%  94.0  582s
 37991 19382 23522.5982   42  145 23353.0000 23675.0000  1.38%  94.1  586s
 38058 19406 23482.2184   45   92 23353.0000 23675.0000  1.38%  94.3  590s
 38223 19449 23452.1013   53   80 23353.0000 23675.0000  1.38%  94.7  596s
 38342 19464 23357.8696   67   59 23353.0000 23675.0000  1.38%  95.2  602s
 38381 19480 23675.0000   36  270 23353.0000 23675.0000  1.38%  95.4  605s
 38476 19556 23642.3333   46  109 23353.0000 23675.0000  1.38%  95.9  612s
 38560 19605 23593.0305   52  162 23353.0000 23675.0000  1.38%  96.2  616s
 38666 19641 23514.7778   60   86 23353.0000 23675.0000  1.38%  96.6  620s
 38866 19700 23615.3478   34   56 23353.0000 23675.0000  1.38%  97.3  628s
 39033 19755 23610.2534   37   83 23353.0000 23675.0000  1.38%  97.8  632s
 39189 19815 23479.2222   44  130 23353.0000 23675.0000  1.38%  98.2  636s
 39392 19891 23413.1905   62   83 23353.0000 23675.0000  1.38%  98.7  640s
 39876 19942 23675.0000   38  319 23353.0000 23675.0000  1.38%   100  647s
 40133 20073 23643.0513   44  157 23353.0000 23675.0000  1.38%   100  652s
 40412 20243 23600.2471   56  295 23353.0000 23675.0000  1.38%   101  655s
 40789 20347 23368.0000  104    4 23353.0000 23675.0000  1.38%   101  660s
 41692 20423 23429.1676   50   77 23353.0000 23675.0000  1.38%   101  669s
 42068 20453 23596.0520   40   43 23353.0000 23675.0000  1.38%   102  673s
 42479 20493 23423.0000   53   10 23353.0000 23675.0000  1.38%   102  678s
 42818 20661 23577.0000   47   37 23353.0000 23675.0000  1.38%   102  682s
 43286 20830     cutoff   67      23353.0000 23675.0000  1.38%   102  687s
 43735 20989 23636.7348   35  133 23353.0000 23675.0000  1.38%   103  691s
 44227 21274 23486.7778   53   76 23353.0000 23675.0000  1.38%   103  695s
 45628 21437 23357.0000   67    4 23353.0000 23675.0000  1.38%   102  704s
 46162 21542 23488.3333   62   50 23353.0000 23675.0000  1.38%   102  708s
 46623 21673 23560.9700   34   69 23353.0000 23675.0000  1.38%   102  713s
 47147 21814 23541.2754   51  141 23353.0000 23675.0000  1.38%   103  717s
 47750 21926 23675.0000   34   49 23353.0000 23675.0000  1.38%   103  722s
 48194 22157 23623.8125   32  171 23353.0000 23675.0000  1.38%   104  727s
 48894 22359 23596.7110   34   72 23353.0000 23675.0000  1.38%   104  732s
 49631 22430 23615.3478   34   41 23353.0000 23675.0000  1.38%   104  737s
 50316 22612 23397.1000   36  139 23353.0000 23675.0000  1.38%   104  742s
 51191 22735 23513.0000   42   26 23353.0000 23675.0000  1.38%   104  747s
 52023 22709 23560.9700   32   73 23353.0000 23675.0000  1.38%   104  753s
 52621 22954 23435.7037   54  129 23353.0000 23675.0000  1.38%   105  758s
 53505 23204 23619.9333   41  118 23353.0000 23675.0000  1.38%   105  763s
 54502 23699 23390.3333   45   61 23353.0000 23675.0000  1.38%   105  770s
 56758 23772 23471.2899   60   81 23353.0000 23675.0000  1.38%   104  778s
 57478 23851 23496.5362   55  126 23353.0000 23675.0000  1.38%   104  783s
 57999 23968 23582.1798   53   96 23353.0000 23675.0000  1.38%   104  788s
 58530 24017 23429.8301   72  165 23353.0000 23675.0000  1.38%   104  793s
 59317 24298 23591.3382   34   41 23353.0000 23675.0000  1.38%   104  799s
 60279 24343     cutoff   61      23353.0000 23675.0000  1.38%   104  804s
 61089 24605 23357.0000   57   48 23353.0000 23675.0000  1.38%   104  810s
 62019 24897 23454.6119   48  127 23353.0000 23675.0000  1.38%   104  816s
 63061 25275 23409.0000   41   76 23353.0000 23670.4500  1.36%   104  822s
 64368 25584 23651.6318   45  145 23353.0000 23670.3333  1.36%   104  828s
 65496 25765 23437.0000   71   39 23353.0000 23670.3333  1.36%   104  834s
 66529 26250 23576.0278   57  150 23353.0000 23662.9556  1.33%   104  841s
 67959 26433 23434.0833   74   35 23353.0000 23662.8836  1.33%   103  848s
 69080 26749 23390.9726   84   96 23353.0000 23660.0769  1.31%   104  854s
 70356 27137 23478.7591   56  149 23353.0000 23658.0250  1.31%   103  861s
 71692 27386 23539.6667   47   30 23353.0000 23652.5556  1.28%   103  868s
 72896 27898     cutoff   48      23353.0000 23651.3432  1.28%   103  877s
 74602 27705 23539.6667   58   52 23353.0000 23646.6236  1.26%   103  883s
 75575 27911 23398.9565   76   75 23353.0000 23645.6000  1.25%   103  890s
 76838 28036 23523.5372   46  199 23353.0000 23645.6000  1.25%   103  895s
 78065 28277 23421.4444   62   34 23353.0000 23642.3333  1.24%   103  905s
 79291 28439 23459.1934   45   90 23353.0000 23642.3333  1.24%   103  917s
 80417 28868 23544.3333   42   56 23353.0000 23637.6080  1.22%   103  928s
 81724 29244 23544.3333   40   61 23353.0000 23636.3919  1.21%   103  940s
 83083 29544 23357.7080   41  102 23353.0000 23633.2861  1.20%   103  951s
 84429 29701 23461.0000   66   85 23353.0000 23633.0000  1.20%   103  962s
 85813 29842 23519.3735   55   82 23353.0000 23630.3950  1.19%   102  973s
 86794 30183 23498.6199   52  100 23353.0000 23625.4937  1.17%   103  985s
 87914 30502 23394.0278   81   78 23353.0000 23624.6490  1.16%   103  996s
 89167 30625 23390.3333   64   82 23353.0000 23623.8125  1.16%   103 1008s
 90351 30904 23559.8889   48   70 23353.0000 23620.8462  1.15%   103 1020s
 91528 31470 23527.7366   43  142 23353.0000 23618.5375  1.14%   102 1032s
 93274 31237 23587.6944   47   73 23353.0000 23615.3478  1.12%   102 1037s
 94170 31869 23536.2451   37   88 23353.0000 23615.3478  1.12%   102 1043s
 95593 32697     cutoff   49      23353.0000 23615.3478  1.12%   102 1048s
 97094 33462 23525.4227   39   66 23353.0000 23615.3478  1.12%   101 1052s
 98483 34022 23507.3043   44   44 23353.0000 23615.3478  1.12%   101 1057s
 99438 34444 23527.4150   60   82 23353.0000 23615.3478  1.12%   101 1062s
 100277 35086 23542.3500   36   25 23353.0000 23615.3478  1.12%   101 1067s
 101542 35734     cutoff   53      23353.0000 23615.3478  1.12%   101 1072s
 102960 36487 23429.2956   38   60 23353.0000 23615.3478  1.12%   100 1076s
 104362 37054 23434.6431   61  107 23353.0000 23615.3478  1.12%   100 1081s
 105536 37681 23436.4216   50  127 23353.0000 23615.3478  1.12%   100 1086s
 106643 38237 23399.2609   49   19 23353.0000 23615.3478  1.12%   100 1090s
 107798 38921 23387.0000   59   93 23353.0000 23615.3478  1.12%   100 1095s
 109013 39376 23449.2500   40   14 23353.0000 23615.3478  1.12%   100 1100s
 110100 40025 23468.4729   54  173 23353.0000 23615.3478  1.12%   100 1106s
 111270 40774 23390.3333   55   19 23353.0000 23615.3478  1.12%   100 1113s
 112779 41488     cutoff   57      23353.0000 23615.3478  1.12%   100 1119s
 114306 42127 23571.7168   49  110 23353.0000 23615.3478  1.12%  99.5 1124s
 115406 42777     cutoff   54      23353.0000 23615.3478  1.12%   100 1129s
 116358 43437 23398.5000   71  131 23353.0000 23615.3478  1.12%   100 1135s
 117479 44219 23461.0000   40   70 23353.0000 23615.3478  1.12%   100 1141s
 118904 44924 23473.0711   44  156 23353.0000 23614.2439  1.12%   100 1147s
 120312 45502 23357.0000   45   30 23353.0000 23612.4667  1.11%  99.5 1153s
 121416 46137 23431.6064   52  194 23353.0000 23612.3271  1.11%   100 1158s
 122788 46909     cutoff   40      23353.0000 23610.9231  1.10%   100 1164s
 124320 47592     cutoff   55      23353.0000 23609.7619  1.10%  99.4 1169s
 125575 48377 23535.6022   52  155 23353.0000 23607.5747  1.09%  99.3 1175s
 126839 48835     cutoff   59      23353.0000 23606.7577  1.09%  99.2 1181s
 128019 49465 23485.8772   48  141 23353.0000 23605.6296  1.08%  99.3 1187s
 129493 49897 23376.3348   46  167 23353.0000 23604.2025  1.08%  99.3 1192s
 130412 50830     cutoff   63      23353.0000 23604.2025  1.08%  99.1 1198s
 132147 51338 23359.2222   75   48 23353.0000 23603.3430  1.07%  98.5 1203s
 133188 51831 23463.7857   45   83 23353.0000 23601.9140  1.07%  98.6 1208s
 134347 52320 23584.8596   41   67 23353.0000 23600.8979  1.06%  98.6 1213s
 135429 52929 23357.6667   78   36 23353.0000 23600.7500  1.06%  98.7 1219s
 136705 53429 23357.0000   58    4 23353.0000 23599.7356  1.06%  98.5 1224s
 137946 53878 23482.1111   67   41 23353.0000 23598.7915  1.05%  98.4 1229s
 139122 54504 23465.4200   43  206 23353.0000 23598.2010  1.05%  98.4 1235s
 140302 55084 23444.8400   54  217 23353.0000 23597.7407  1.05%  98.4 1240s
 141482 55385 23409.0000   42   10 23353.0000 23596.5989  1.04%  98.4 1245s
 142443 55875 23544.3333   43   60 23353.0000 23595.9217  1.04%  98.5 1250s
 143726 56477 23388.1795   49   36 23353.0000 23595.6667  1.04%  98.4 1255s
 144988 57008 23522.9444   38   93 23353.0000 23594.8222  1.04%  98.3 1261s
 145990 57694 23439.3333   59  107 23353.0000 23594.7681  1.04%  98.2 1267s
 147425 58300 23430.2333   93  108 23353.0000 23594.7681  1.04%  98.1 1272s
 148740 58922 23357.0000   56    4 23353.0000 23593.5799  1.03%  98.0 1277s
 149934 59523 23453.0330   69   48 23353.0000 23593.1851  1.03%  97.9 1282s
 151022 60129 23451.4828   42   84 23353.0000 23592.4060  1.03%  98.0 1287s
 152125 60889 23391.1818   47   75 23353.0000 23591.3382  1.02%  98.0 1293s
 153519 61789 23472.4964   68  127 23353.0000 23591.3382  1.02%  97.8 1298s
 155198 62413 23426.5833   47  211 23353.0000 23591.3382  1.02%  97.4 1303s
 156563 62974 23550.3417   34  152 23353.0000 23589.9630  1.01%  97.2 1308s
 158065 63437 23391.2667   69  136 23353.0000 23589.9630  1.01%  96.9 1313s
 159108 64028 23457.7143   49  193 23353.0000 23588.7142  1.01%  96.9 1318s
 160194 64535 23445.9919   85   66 23353.0000 23587.9618  1.01%  96.9 1323s
 161250 65091 23446.8000   36  112 23353.0000 23587.4278  1.00%  96.9 1327s
 162736 65672 23357.0000   67    4 23353.0000 23586.5362  1.00%  96.6 1332s
 164038 66600 23423.0000   46   38 23353.0000 23586.2941  1.00%  96.5 1338s
 165872 67178     cutoff   78      23353.0000 23584.7224  0.99%  96.1 1342s
 167092 67673 23433.7333   48   48 23353.0000 23584.2347  0.99%  95.9 1346s
 168071 68133 23403.5881   65   98 23353.0000 23584.1795  0.99%  95.8 1350s
 170252 69117 23484.7395   56  144 23353.0000 23583.0957  0.99%  95.6 1360s
 172127 70179 23471.2899   49   28 23353.0000 23581.7782  0.98%  95.7 1369s
 173357 70632 infeasible   67      23353.0000 23580.9480  0.98%  95.6 1374s
 174480 71127 23521.0317   53  103 23353.0000 23580.6601  0.97%  95.5 1379s
 175756 71591 23503.6667   43   41 23353.0000 23579.3333  0.97%  95.3 1384s
 176746 72075 23430.1158   48  104 23353.0000 23579.3333  0.97%  95.4 1389s
 177814 72436 23449.4159   46  112 23353.0000 23579.3333  0.97%  95.4 1394s
 178736 72876 23367.0000   59   48 23353.0000 23579.3333  0.97%  95.4 1399s
 179858 73501 23356.0159   64   81 23353.0000 23577.4378  0.96%  95.4 1404s
 181281 74278 23435.7839   59  175 23353.0000 23577.0000  0.96%  95.2 1409s
 183328 75301 23357.0000   41    4 23353.0000 23577.0000  0.96%  94.5 1415s
 186704 76191     cutoff   48      23353.0000 23577.0000  0.96%  93.7 1422s
 187783 76591     cutoff   56      23353.0000 23577.0000  0.96%  93.5 1425s
 189930 77639     cutoff   61      23353.0000 23577.0000  0.96%  93.2 1433s
 191184 78080 23456.1667   47   86 23353.0000 23577.0000  0.96%  92.9 1436s
 192270 78599 23393.7273   73   85 23353.0000 23577.0000  0.96%  92.8 1440s
 194147 79838 23577.0000   33   36 23353.0000 23577.0000  0.96%  92.7 1448s
 195237 80452 23417.0000   61   80 23353.0000 23577.0000  0.96%  92.6 1451s
 196282 80934 23390.3333   78   49 23353.0000 23577.0000  0.96%  92.5 1455s
 198080 81802 23502.9033   48  192 23353.0000 23577.0000  0.96%  92.5 1463s
 199061 82346 23414.6812   77  105 23353.0000 23575.4444  0.95%  92.5 1468s
 200098 82866 23529.0229   53  115 23353.0000 23574.7236  0.95%  92.5 1471s
 203719 84838     cutoff   49      23353.0000 23572.9849  0.94%  92.2 1481s
 204977 85490     cutoff   49      23353.0000 23572.9176  0.94%  92.2 1487s
