4
15 15 30
15 15 30
15 15 30
15 15 30
0 0 0 7 5 5 0 0 0
0 0 5 7 5 5 0 0 0
0 0 10 7 5 5 0 0 0
0 0 15 7 5 5 0 0 0
0 0 20 7 5 5 0 0 0
0 0 25 7 5 5 0 0 0
0 5 0 7 5 5 0 0 0
0 5 5 7 5 5 0 0 0
0 5 10 7 5 5 0 0 0
0 5 15 7 5 5 0 0 0
0 5 20 7 5 5 0 0 0
0 5 25 7 5 5 0 0 0
0 10 0 7 5 5 0 0 0
0 10 5 7 5 5 0 0 0
0 10 10 7 5 5 0 0 0
0 10 15 7 5 5 0 0 0
0 10 20 7 5 5 0 0 0
0 10 25 7 5 5 0 0 0
8 0 0 7 5 5 0 0 0
8 0 5 7 5 5 0 0 0
8 0 10 7 5 5 0 0 0
8 0 15 7 5 5 0 0 0
8 0 20 7 5 5 0 0 0
8 0 25 7 5 5 0 0 0
8 5 0 7 5 5 0 0 0
8 5 5 7 5 5 0 0 0
8 5 10 7 5 5 0 0 0
8 5 15 7 5 5 0 0 0
8 5 20 7 5 5 0 0 0
8 5 25 7 5 5 0 0 0
8 10 0 7 5 5 0 0 0
8 10 5 7 5 5 0 0 0
8 10 10 7 5 5 0 0 0
8 10 15 7 5 5 0 0 0
8 10 20 7 5 5 0 0 0
8 10 25 7 5 5 0 0 0
23 0 0 7 5 5 0 0 1
23 0 25 7 5 5 0 0 1
23 5 0 7 5 5 0 0 1
23 5 25 7 5 5 0 0 1
23 10 0 7 5 5 0 0 1
23 10 25 7 5 5 0 0 1
15 0 0 7 5 5 0 0 1
15 0 25 7 5 5 0 0 1
15 5 0 7 5 5 0 0 1
15 5 25 7 5 5 0 0 1
15 10 0 7 5 5 0 0 1
15 10 25 7 5 5 0 0 1
24 0 17 6 4 4 1 7 1
24 0 21 6 4 4 1 7 1
24 4 17 6 4 4 1 7 1
24 4 21 6 4 4 1 7 1
24 8 17 6 4 4 1 7 1
24 8 21 6 4 4 1 7 1
21 0 5 6 4 4 1 7 1
21 0 9 6 4 4 1 7 1
21 0 13 6 4 4 1 7 1
21 4 5 6 4 4 1 7 1
21 4 9 6 4 4 1 7 1
21 4 13 6 4 4 1 7 1
21 8 5 6 4 4 1 7 1
21 8 9 6 4 4 1 7 1
18 0 17 6 4 4 1 7 1
18 0 21 6 4 4 1 7 1
18 4 17 6 4 4 1 7 1
18 4 21 6 4 4 1 7 1
18 8 13 6 4 4 1 7 1
18 8 17 6 4 4 1 7 1
18 8 21 6 4 4 1 7 1
15 0 5 6 4 4 1 7 1
15 0 9 6 4 4 1 7 1
15 4 5 6 4 4 1 7 1
15 4 9 6 4 4 1 7 1
15 8 5 6 4 4 1 7 1
15 8 9 6 4 4 1 7 1
25 12 5 5 3 10 2 17 1
25 12 15 5 3 10 2 17 1
20 12 5 5 3 10 2 17 1
20 12 15 5 3 10 2 17 1
15 12 5 5 3 10 2 17 1
15 12 15 5 3 10 2 17 1
27 0 5 3 10 12 4 23 1
15 0 13 3 10 12 4 23 1
0 15 0 7 5 5 0 0 2
0 15 25 7 5 5 0 0 2
0 20 0 7 5 5 0 0 2
0 20 25 7 5 5 0 0 2
0 25 0 7 5 5 0 0 2
0 25 25 7 5 5 0 0 2
8 15 0 7 5 5 0 0 2
8 15 25 7 5 5 0 0 2
8 20 0 7 5 5 0 0 2
8 20 25 7 5 5 0 0 2
8 25 0 7 5 5 0 0 2
8 25 25 7 5 5 0 0 2
0 18 5 6 4 4 1 7 2
0 18 9 6 4 4 1 7 2
0 22 5 6 4 4 1 7 2
0 22 9 6 4 4 1 7 2
0 26 5 6 4 4 1 7 2
0 26 9 6 4 4 1 7 2
3 18 17 6 4 4 1 7 2
3 18 21 6 4 4 1 7 2
3 22 17 6 4 4 1 7 2
3 22 21 6 4 4 1 7 2
3 26 17 6 4 4 1 7 2
3 26 21 6 4 4 1 7 2
6 18 5 6 4 4 1 7 2
6 18 9 6 4 4 1 7 2
6 18 13 6 4 4 1 7 2
6 22 5 6 4 4 1 7 2
6 22 9 6 4 4 1 7 2
6 22 13 6 4 4 1 7 2
6 26 5 6 4 4 1 7 2
6 26 9 6 4 4 1 7 2
6 26 13 6 4 4 1 7 2
9 18 17 6 4 4 1 7 2
9 18 21 6 4 4 1 7 2
9 22 17 6 4 4 1 7 2
9 22 21 6 4 4 1 7 2
9 26 17 6 4 4 1 7 2
9 26 21 6 4 4 1 7 2
0 15 5 5 3 10 2 17 2
0 15 15 5 3 10 2 17 2
5 15 5 5 3 10 2 17 2
5 15 15 5 3 10 2 17 2
10 15 5 5 3 10 2 17 2
10 15 15 5 3 10 2 17 2
0 20 13 3 10 12 4 23 2
12 20 5 3 10 12 4 23 2
23 15 0 7 5 5 0 0 3
23 20 0 7 5 5 0 0 3
23 25 0 7 5 5 0 0 3
23 25 5 7 5 5 0 0 3
23 25 10 7 5 5 0 0 3
23 25 15 7 5 5 0 0 3
23 25 20 7 5 5 0 0 3
23 25 25 7 5 5 0 0 3
15 15 0 7 5 5 0 0 3
15 20 0 7 5 5 0 0 3
15 25 0 7 5 5 0 0 3
15 25 5 7 5 5 0 0 3
15 25 10 7 5 5 0 0 3
15 25 15 7 5 5 0 0 3
15 25 20 7 5 5 0 0 3
15 25 25 7 5 5 0 0 3
27 15 5 3 10 12 4 23 3
27 15 18 3 10 12 4 23 3
24 15 5 3 10 12 4 23 3
24 15 18 3 10 12 4 23 3
21 15 5 3 10 12 4 23 3
21 15 18 3 10 12 4 23 3
18 15 5 3 10 12 4 23 3
18 15 18 3 10 12 4 23 3
15 15 5 3 10 12 4 23 3
15 15 18 3 10 12 4 23 3
