4
15 15 30
15 15 30
15 15 30
15 15 30
0 3 0 5 8 10 1 7 0
0 3 10 5 8 10 1 7 0
0 3 20 5 8 10 1 7 0
5 3 0 5 8 10 1 7 0
5 3 10 5 8 10 1 7 0
5 3 20 5 8 10 1 7 0
0 0 0 14 3 11 2 9 0
0 0 13 14 3 11 2 9 0
0 12 0 14 3 11 2 9 0
0 12 13 14 3 11 2 9 0
10 3 0 5 9 13 3 14 0
10 3 13 5 9 13 3 14 0
20 6 0 5 8 10 1 7 1
20 6 10 5 8 10 1 7 1
20 6 20 5 8 10 1 7 1
16 0 0 14 3 11 2 9 1
16 0 13 14 3 11 2 9 1
16 3 0 14 3 11 2 9 1
16 3 13 14 3 11 2 9 1
25 6 0 5 9 13 3 14 1
25 6 13 5 9 13 3 14 1
15 6 0 5 9 13 3 14 1
15 6 13 5 9 13 3 14 1
10 21 0 5 8 10 1 7 2
10 21 10 5 8 10 1 7 2
10 21 20 5 8 10 1 7 2
0 15 0 14 3 11 2 9 2
0 15 13 14 3 11 2 9 2
0 18 0 14 3 11 2 9 2
0 18 13 14 3 11 2 9 2
0 21 0 5 9 13 3 14 2
0 21 13 5 9 13 3 14 2
5 21 0 5 9 13 3 14 2
5 21 13 5 9 13 3 14 2
16 15 0 14 3 11 2 9 3
16 18 0 14 3 11 2 9 3
16 24 13 14 3 11 2 9 3
16 27 13 14 3 11 2 9 3
25 15 13 5 9 13 3 14 3
25 21 0 5 9 13 3 14 3
20 15 13 5 9 13 3 14 3
20 21 0 5 9 13 3 14 3
15 15 13 5 9 13 3 14 3
15 21 0 5 9 13 3 14 3
