16 20 8
0 0 0 6 3 2 0
0 0 2 6 3 2 0
0 0 4 6 3 2 0
0 0 6 6 3 2 0
0 3 0 6 3 2 0
0 3 2 6 3 2 0
0 3 4 6 3 2 0
0 3 6 6 3 2 0
0 6 0 6 3 2 0
0 6 2 6 3 2 0
0 6 4 6 4 3 0
0 12 0 6 4 3 0
0 12 3 6 4 3 0
0 16 0 6 4 3 0
0 16 3 6 4 3 0
8 0 0 6 4 3 0
8 0 3 6 4 3 0
8 4 0 6 4 3 0
8 4 3 6 4 3 0
8 8 0 6 4 3 0
0 9 0 8 3 2 0
0 9 2 8 3 2 0
0 12 6 8 3 2 0
0 15 6 8 3 2 0
8 0 6 8 3 2 0
8 3 6 8 3 2 0
8 6 6 8 3 2 0
8 8 3 8 3 2 0
8 9 5 8 3 2 0
8 12 0 8 3 2 0
8 12 2 4 3 2 0
8 12 4 4 3 2 0
8 12 6 4 3 2 0
8 15 0 4 3 2 0
8 15 2 4 3 2 0
8 15 4 4 3 2 0
8 15 6 4 3 2 0
12 12 2 4 3 2 0
12 12 4 4 3 2 0
12 12 6 4 3 2 0
8 0 0 0.05 20 8 1
0 12 0 20 0.05 8 1
10 12 0 20 0.05 8 1
