4
10 10 20
10 10 20
10 10 20
10 10 20
0 0 2 3 3 2 2 4 0
0 0 18 3 3 2 2 4 0
0 7 0 3 3 2 2 4 0
0 7 8 3 3 2 2 4 0
6 0 0 3 3 2 2 4 0
6 0 14 3 3 2 2 4 0
6 0 18 3 3 2 2 4 0
0 0 0 5 7 2 3 4 0
0 0 4 5 7 2 3 4 0
0 0 8 5 7 2 3 4 0
0 0 12 5 7 2 3 4 0
0 0 16 5 7 2 3 4 0
0 3 2 5 7 2 3 4 0
0 3 6 5 7 2 3 4 0
0 3 10 5 7 2 3 4 0
0 3 14 5 7 2 3 4 0
0 3 18 5 7 2 3 4 0
5 0 10 5 7 2 3 4 0
5 0 16 5 7 2 3 4 0
5 3 0 5 7 2 3 4 0
5 3 2 5 7 2 3 4 0
5 3 4 5 7 2 3 4 0
5 3 6 5 7 2 3 4 0
5 3 8 5 7 2 3 4 0
5 3 12 5 7 2 3 4 0
5 3 14 5 7 2 3 4 0
5 3 18 5 7 2 3 4 0
17 0 0 3 3 2 2 4 1
17 0 14 3 3 2 2 4 1
17 7 18 3 3 2 2 4 1
11 0 0 3 3 2 2 4 1
11 0 12 3 3 2 2 4 1
11 0 18 3 3 2 2 4 1
15 0 2 5 7 2 3 4 1
15 0 4 5 7 2 3 4 1
15 0 10 5 7 2 3 4 1
15 0 12 5 7 2 3 4 1
15 0 16 5 7 2 3 4 1
15 0 18 5 7 2 3 4 1
15 3 0 5 7 2 3 4 1
15 3 6 5 7 2 3 4 1
15 3 8 5 7 2 3 4 1
15 3 14 5 7 2 3 4 1
10 0 6 5 7 2 3 4 1
10 0 8 5 7 2 3 4 1
10 0 10 5 7 2 3 4 1
10 3 0 5 7 2 3 4 1
10 3 2 5 7 2 3 4 1
10 3 4 5 7 2 3 4 1
10 3 12 5 7 2 3 4 1
10 3 14 5 7 2 3 4 1
10 3 16 5 7 2 3 4 1
10 3 18 5 7 2 3 4 1
0 17 12 3 3 2 2 4 2
6 17 4 3 3 2 2 4 2
6 17 15 3 3 2 2 4 2
0 10 0 5 7 2 3 4 2
0 10 2 5 7 2 3 4 2
0 10 10 5 7 2 3 4 2
0 10 12 5 7 2 3 4 2
0 10 18 5 7 2 3 4 2
0 13 4 5 7 2 3 4 2
0 13 6 5 7 2 3 4 2
0 13 8 5 7 2 3 4 2
0 13 14 5 7 2 3 4 2
0 13 16 5 7 2 3 4 2
5 10 4 5 7 2 3 4 2
5 10 6 5 7 2 3 4 2
5 10 8 5 7 2 3 4 2
5 10 14 5 7 2 3 4 2
5 10 16 5 7 2 3 4 2
5 13 2 5 7 2 3 4 2
5 13 10 5 7 2 3 4 2
5 13 12 5 7 2 3 4 2
5 13 18 5 7 2 3 4 2
17 10 13 3 3 2 2 4 3
11 10 2 3 3 2 2 4 3
11 10 7 3 3 2 2 4 3
11 17 18 3 3 2 2 4 3
15 10 2 5 7 2 3 4 3
15 10 8 5 7 2 3 4 3
15 10 10 5 7 2 3 4 3
15 10 16 5 7 2 3 4 3
15 10 18 5 7 2 3 4 3
15 13 0 5 7 2 3 4 3
15 13 4 5 7 2 3 4 3
15 13 6 5 7 2 3 4 3
15 13 12 5 7 2 3 4 3
15 13 14 5 7 2 3 4 3
10 10 0 5 7 2 3 4 3
10 10 10 5 7 2 3 4 3
10 10 16 5 7 2 3 4 3
10 10 18 5 7 2 3 4 3
10 13 2 5 7 2 3 4 3
10 13 4 5 7 2 3 4 3
10 13 6 5 7 2 3 4 3
10 13 8 5 7 2 3 4 3
10 13 12 5 7 2 3 4 3
10 13 14 5 7 2 3 4 3
