4
10 10 20
10 10 20
10 10 20
10 10 20
0 0 0 5 9 2 1 4 0
0 0 2 5 9 2 1 4 0
0 0 4 5 9 2 1 4 0
0 0 6 5 9 2 1 4 0
0 0 8 5 9 2 1 4 0
0 0 10 5 9 2 1 4 0
0 0 12 5 9 2 1 4 0
0 0 14 5 9 2 1 4 0
0 0 16 5 9 2 1 4 0
0 0 18 5 9 2 1 4 0
5 0 0 5 9 2 1 4 0
5 0 2 5 9 2 1 4 0
5 0 4 5 9 2 1 4 0
5 0 6 5 9 2 1 4 0
5 0 8 5 9 2 1 4 0
5 0 10 5 9 2 1 4 0
5 0 12 5 9 2 1 4 0
5 0 14 5 9 2 1 4 0
5 0 16 5 9 2 1 4 0
5 0 18 5 9 2 1 4 0
11 0 0 9 2 2 0 1 1
11 0 2 9 2 2 0 1 1
11 0 4 9 2 2 0 1 1
11 0 6 9 2 2 0 1 1
11 0 8 9 2 2 0 1 1
11 0 10 9 2 2 0 1 1
11 0 12 9 2 2 0 1 1
11 0 14 9 2 2 0 1 1
11 0 16 9 2 2 0 1 1
11 0 18 9 2 2 0 1 1
11 2 0 9 2 2 0 1 1
11 2 2 9 2 2 0 1 1
11 2 4 9 2 2 0 1 1
11 2 6 9 2 2 0 1 1
11 2 8 9 2 2 0 1 1
11 2 10 9 2 2 0 1 1
11 2 12 9 2 2 0 1 1
11 2 14 9 2 2 0 1 1
11 2 16 9 2 2 0 1 1
11 2 18 9 2 2 0 1 1
11 4 0 9 2 2 0 1 1
11 4 2 9 2 2 0 1 1
11 4 4 9 2 2 0 1 1
11 4 6 9 2 2 0 1 1
11 4 8 9 2 2 0 1 1
11 4 10 9 2 2 0 1 1
11 4 12 9 2 2 0 1 1
11 4 14 9 2 2 0 1 1
11 4 16 9 2 2 0 1 1
11 4 18 9 2 2 0 1 1
11 6 0 9 2 2 0 1 1
11 6 2 9 2 2 0 1 1
11 6 4 9 2 2 0 1 1
11 6 6 9 2 2 0 1 1
11 6 8 9 2 2 0 1 1
11 6 10 9 2 2 0 1 1
11 6 12 9 2 2 0 1 1
11 6 14 9 2 2 0 1 1
11 6 16 9 2 2 0 1 1
11 6 18 9 2 2 0 1 1
11 8 0 9 2 2 0 1 1
11 8 2 9 2 2 0 1 1
11 8 4 9 2 2 0 1 1
11 8 6 9 2 2 0 1 1
11 8 8 9 2 2 0 1 1
11 8 10 9 2 2 0 1 1
11 8 12 9 2 2 0 1 1
11 8 14 9 2 2 0 1 1
11 8 16 9 2 2 0 1 1
11 8 18 9 2 2 0 1 1
0 10 0 9 2 2 0 1 2
0 10 2 9 2 2 0 1 2
0 10 4 9 2 2 0 1 2
0 10 6 9 2 2 0 1 2
0 10 8 9 2 2 0 1 2
0 10 10 9 2 2 0 1 2
0 10 12 9 2 2 0 1 2
0 10 14 9 2 2 0 1 2
0 10 16 9 2 2 0 1 2
0 10 18 9 2 2 0 1 2
0 12 0 9 2 2 0 1 2
0 12 2 9 2 2 0 1 2
0 12 4 9 2 2 0 1 2
0 12 6 9 2 2 0 1 2
0 12 8 9 2 2 0 1 2
0 12 10 9 2 2 0 1 2
0 12 12 9 2 2 0 1 2
0 12 14 9 2 2 0 1 2
0 12 16 9 2 2 0 1 2
0 12 18 9 2 2 0 1 2
0 14 0 9 2 2 0 1 2
0 14 2 9 2 2 0 1 2
0 14 4 9 2 2 0 1 2
0 14 6 9 2 2 0 1 2
0 14 8 9 2 2 0 1 2
0 14 10 9 2 2 0 1 2
0 14 12 9 2 2 0 1 2
0 14 14 9 2 2 0 1 2
0 14 16 9 2 2 0 1 2
0 14 18 9 2 2 0 1 2
0 16 0 9 2 2 0 1 2
0 16 2 9 2 2 0 1 2
0 16 4 9 2 2 0 1 2
0 16 6 9 2 2 0 1 2
0 16 8 9 2 2 0 1 2
0 16 10 9 2 2 0 1 2
0 16 12 9 2 2 0 1 2
0 16 14 9 2 2 0 1 2
0 16 16 9 2 2 0 1 2
0 16 18 9 2 2 0 1 2
0 18 0 9 2 2 0 1 2
0 18 2 9 2 2 0 1 2
0 18 4 9 2 2 0 1 2
0 18 6 9 2 2 0 1 2
0 18 8 9 2 2 0 1 2
0 18 10 9 2 2 0 1 2
0 18 12 9 2 2 0 1 2
0 18 14 9 2 2 0 1 2
0 18 16 9 2 2 0 1 2
0 18 18 9 2 2 0 1 2
11 10 0 9 2 2 0 1 3
11 10 2 9 2 2 0 1 3
11 10 4 9 2 2 0 1 3
11 10 6 9 2 2 0 1 3
11 10 8 9 2 2 0 1 3
11 10 10 9 2 2 0 1 3
11 10 12 9 2 2 0 1 3
11 10 14 9 2 2 0 1 3
11 10 16 9 2 2 0 1 3
11 10 18 9 2 2 0 1 3
11 12 0 9 2 2 0 1 3
11 12 2 9 2 2 0 1 3
11 12 4 9 2 2 0 1 3
11 12 6 9 2 2 0 1 3
11 12 8 9 2 2 0 1 3
11 12 10 9 2 2 0 1 3
11 12 12 9 2 2 0 1 3
11 12 14 9 2 2 0 1 3
11 12 16 9 2 2 0 1 3
11 12 18 9 2 2 0 1 3
11 14 0 9 2 2 0 1 3
11 14 2 9 2 2 0 1 3
11 14 4 9 2 2 0 1 3
11 14 6 9 2 2 0 1 3
11 14 8 9 2 2 0 1 3
11 14 10 9 2 2 0 1 3
11 14 12 9 2 2 0 1 3
11 14 14 9 2 2 0 1 3
11 14 16 9 2 2 0 1 3
11 14 18 9 2 2 0 1 3
11 16 0 9 2 2 0 1 3
11 16 2 9 2 2 0 1 3
11 16 4 9 2 2 0 1 3
11 16 6 9 2 2 0 1 3
11 16 8 9 2 2 0 1 3
11 16 10 9 2 2 0 1 3
11 16 12 9 2 2 0 1 3
11 16 14 9 2 2 0 1 3
11 16 16 9 2 2 0 1 3
11 16 18 9 2 2 0 1 3
11 18 0 9 2 2 0 1 3
11 18 2 9 2 2 0 1 3
11 18 4 9 2 2 0 1 3
11 18 6 9 2 2 0 1 3
11 18 8 9 2 2 0 1 3
11 18 10 9 2 2 0 1 3
11 18 12 9 2 2 0 1 3
11 18 14 9 2 2 0 1 3
11 18 16 9 2 2 0 1 3
11 18 18 9 2 2 0 1 3
