4
10 10 20
10 10 20
10 10 20
10 10 20
0 0 0 9 5 4 2 6 0
0 0 4 9 5 4 2 6 0
0 0 8 9 5 4 2 6 0
0 0 12 9 5 4 2 6 0
0 0 16 9 5 4 2 6 0
0 5 0 9 5 4 2 6 0
0 5 4 9 5 4 2 6 0
0 5 8 9 5 4 2 6 0
0 5 12 9 5 4 2 6 0
0 5 16 9 5 4 2 6 0
15 0 0 5 8 3 0 3 1
15 0 3 5 8 3 0 3 1
15 0 6 5 8 3 0 3 1
15 0 9 5 8 3 0 3 1
15 0 14 5 8 3 0 3 1
15 0 17 5 8 3 0 3 1
10 0 0 5 8 3 0 3 1
10 0 3 5 8 3 0 3 1
10 0 7 5 8 3 0 3 1
10 0 11 5 8 3 0 3 1
10 0 14 5 8 3 0 3 1
10 0 17 5 8 3 0 3 1
0 10 0 5 8 3 0 3 2
0 10 3 5 8 3 0 3 2
0 10 6 5 8 3 0 3 2
0 10 11 5 8 3 0 3 2
0 10 14 5 8 3 0 3 2
0 10 17 5 8 3 0 3 2
5 10 0 5 8 3 0 3 2
5 10 3 5 8 3 0 3 2
5 10 6 5 8 3 0 3 2
5 10 11 5 8 3 0 3 2
5 10 14 5 8 3 0 3 2
5 10 17 5 8 3 0 3 2
11 10 0 9 5 4 2 6 3
11 10 4 9 5 4 2 6 3
11 10 8 9 5 4 2 6 3
11 10 12 9 5 4 2 6 3
11 10 16 9 5 4 2 6 3
11 15 0 9 5 4 2 6 3
11 15 4 9 5 4 2 6 3
11 15 8 9 5 4 2 6 3
11 15 12 9 5 4 2 6 3
11 15 16 9 5 4 2 6 3
