4
10 10 20
10 10 20
10 10 20
10 10 20
0 0 0 7 5 8 0 0 0
0 0 8 7 5 8 0 0 0
0 5 0 7 5 8 0 0 0
0 5 12 7 5 8 0 0 0
13 0 0 7 3 4 1 7 1
13 0 4 7 3 4 1 7 1
13 0 8 7 3 4 1 7 1
13 0 12 7 3 4 1 7 1
13 0 16 7 3 4 1 7 1
13 3 0 7 3 4 1 7 1
13 3 4 7 3 4 1 7 1
13 3 16 7 3 4 1 7 1
13 4 8 7 3 4 1 7 1
13 4 12 7 3 4 1 7 1
13 7 0 7 3 4 1 7 1
13 7 4 7 3 4 1 7 1
13 7 8 7 3 4 1 7 1
13 7 12 7 3 4 1 7 1
13 7 16 7 3 4 1 7 1
0 10 0 7 3 4 1 7 2
0 10 4 7 3 4 1 7 2
0 10 8 7 3 4 1 7 2
0 10 12 7 3 4 1 7 2
0 10 16 7 3 4 1 7 2
0 13 8 7 3 4 1 7 2
0 13 12 7 3 4 1 7 2
0 13 16 7 3 4 1 7 2
0 14 0 7 3 4 1 7 2
0 14 4 7 3 4 1 7 2
0 16 12 7 3 4 1 7 2
0 17 0 7 3 4 1 7 2
0 17 4 7 3 4 1 7 2
0 17 8 7 3 4 1 7 2
0 17 16 7 3 4 1 7 2
14 10 0 6 8 4 3 10 3
14 10 4 6 8 4 3 10 3
14 10 8 6 8 4 3 10 3
14 10 12 6 8 4 3 10 3
14 10 16 6 8 4 3 10 3
10 18 0 5 2 9 4 13 3
10 18 10 5 2 9 4 13 3
