4
10 10 20
10 10 20
10 10 20
10 10 20
0 0 8 2 6 3 1 0 0
0 0 11 2 6 3 1 0 0
0 0 14 2 6 3 1 0 0
0 0 17 2 6 3 1 0 0
0 4 0 2 6 3 1 0 0
0 4 3 2 6 3 1 0 0
2 4 17 2 6 3 1 0 0
4 0 17 2 6 3 1 0 0
2 0 0 8 5 8 3 10 0
2 0 8 8 5 8 3 10 0
2 5 0 8 5 8 3 10 0
2 5 8 8 5 8 3 10 0
18 0 17 2 6 3 1 0 1
18 4 0 2 6 3 1 0 1
18 4 3 2 6 3 1 0 1
18 4 6 2 6 3 1 0 1
18 4 9 2 6 3 1 0 1
18 4 13 2 6 3 1 0 1
16 0 9 2 6 3 1 0 1
14 0 9 2 6 3 1 0 1
10 0 0 8 5 8 3 10 1
10 0 12 8 5 8 3 10 1
10 5 0 8 5 8 3 10 1
10 5 12 8 5 8 3 10 1
0 10 3 2 6 3 1 0 2
0 10 7 2 6 3 1 0 2
0 14 0 2 6 3 1 0 2
0 14 10 2 6 3 1 0 2
0 14 13 2 6 3 1 0 2
0 14 17 2 6 3 1 0 2
2 10 0 8 2 4 2 1 2
2 10 4 8 2 4 2 1 2
2 10 8 8 2 4 2 1 2
2 10 12 8 2 4 2 1 2
2 10 16 8 2 4 2 1 2
2 12 0 8 2 4 2 1 2
2 12 4 8 2 4 2 1 2
2 12 8 8 2 4 2 1 2
2 12 12 8 2 4 2 1 2
2 12 16 8 2 4 2 1 2
2 14 0 8 2 4 2 1 2
2 14 4 8 2 4 2 1 2
2 14 8 8 2 4 2 1 2
2 14 12 8 2 4 2 1 2
2 14 16 8 2 4 2 1 2
2 16 0 8 2 4 2 1 2
2 16 4 8 2 4 2 1 2
2 16 8 8 2 4 2 1 2
2 16 12 8 2 4 2 1 2
2 16 16 8 2 4 2 1 2
2 18 0 8 2 4 2 1 2
2 18 4 8 2 4 2 1 2
2 18 8 8 2 4 2 1 2
2 18 12 8 2 4 2 1 2
2 18 16 8 2 4 2 1 2
18 10 14 2 6 3 1 0 3
18 10 17 2 6 3 1 0 3
18 14 0 2 6 3 1 0 3
18 14 3 2 6 3 1 0 3
18 14 6 2 6 3 1 0 3
18 14 9 2 6 3 1 0 3
12 10 4 8 2 4 2 1 3
12 12 4 8 2 4 2 1 3
12 12 8 8 2 4 2 1 3
12 16 16 8 2 4 2 1 3
12 18 16 8 2 4 2 1 3
10 10 0 8 2 4 2 1 3
10 10 8 8 2 4 2 1 3
10 10 12 8 2 4 2 1 3
10 10 16 8 2 4 2 1 3
10 12 0 8 2 4 2 1 3
10 12 12 8 2 4 2 1 3
10 12 16 8 2 4 2 1 3
10 14 0 8 2 4 2 1 3
10 14 4 8 2 4 2 1 3
10 14 8 8 2 4 2 1 3
10 14 12 8 2 4 2 1 3
10 14 16 8 2 4 2 1 3
10 16 0 8 2 4 2 1 3
10 16 4 8 2 4 2 1 3
10 16 8 8 2 4 2 1 3
10 16 12 8 2 4 2 1 3
10 18 0 8 2 4 2 1 3
10 18 4 8 2 4 2 1 3
10 18 8 8 2 4 2 1 3
10 18 12 8 2 4 2 1 3
