4
10 10 20
10 10 20
10 10 20
10 10 20
0 0 0 4 4 2 1 2 0
0 0 2 4 4 2 1 2 0
0 0 4 4 4 2 1 2 0
0 0 6 4 4 2 1 2 0
0 0 8 4 4 2 1 2 0
0 0 10 4 4 2 1 2 0
0 0 12 4 4 2 1 2 0
0 0 14 4 4 2 1 2 0
0 0 16 4 4 2 1 2 0
0 0 18 4 4 2 1 2 0
0 6 0 4 4 2 1 2 0
0 6 2 4 4 2 1 2 0
0 6 4 4 4 2 1 2 0
0 6 6 4 4 2 1 2 0
0 6 8 4 4 2 1 2 0
0 6 10 4 4 2 1 2 0
0 6 12 4 4 2 1 2 0
0 6 14 4 4 2 1 2 0
0 6 16 4 4 2 1 2 0
0 6 18 4 4 2 1 2 0
4 0 4 4 4 2 1 2 0
4 0 6 4 4 2 1 2 0
4 0 8 4 4 2 1 2 0
4 0 10 4 4 2 1 2 0
4 0 12 4 4 2 1 2 0
4 0 14 4 4 2 1 2 0
4 0 16 4 4 2 1 2 0
4 0 18 4 4 2 1 2 0
4 6 4 4 4 2 1 2 0
4 6 6 4 4 2 1 2 0
4 6 8 4 4 2 1 2 0
4 6 10 4 4 2 1 2 0
4 6 12 4 4 2 1 2 0
4 6 14 4 4 2 1 2 0
4 6 16 4 4 2 1 2 0
4 6 18 4 4 2 1 2 0
4 0 0 2 8 4 4 7 0
6 0 0 2 8 4 4 7 0
8 0 0 2 8 4 4 7 0
8 0 4 2 8 4 4 7 0
8 0 8 2 8 4 4 7 0
8 0 12 2 8 4 4 7 0
8 0 16 2 8 4 4 7 0
16 0 0 4 4 2 1 2 1
16 0 2 4 4 2 1 2 1
16 0 4 4 4 2 1 2 1
16 0 6 4 4 2 1 2 1
16 0 8 4 4 2 1 2 1
16 0 10 4 4 2 1 2 1
16 0 12 4 4 2 1 2 1
16 0 14 4 4 2 1 2 1
16 0 16 4 4 2 1 2 1
16 0 18 4 4 2 1 2 1
16 6 0 4 4 2 1 2 1
16 6 2 4 4 2 1 2 1
16 6 4 4 4 2 1 2 1
16 6 6 4 4 2 1 2 1
16 6 8 4 4 2 1 2 1
16 6 10 4 4 2 1 2 1
16 6 12 4 4 2 1 2 1
16 6 14 4 4 2 1 2 1
16 6 16 4 4 2 1 2 1
16 6 18 4 4 2 1 2 1
14 0 0 2 8 4 4 7 1
14 0 4 2 8 4 4 7 1
14 0 8 2 8 4 4 7 1
14 0 12 2 8 4 4 7 1
14 0 16 2 8 4 4 7 1
12 0 0 2 8 4 4 7 1
12 0 4 2 8 4 4 7 1
12 0 8 2 8 4 4 7 1
12 0 12 2 8 4 4 7 1
12 0 16 2 8 4 4 7 1
10 0 0 2 8 4 4 7 1
10 0 4 2 8 4 4 7 1
10 0 8 2 8 4 4 7 1
10 0 12 2 8 4 4 7 1
10 0 16 2 8 4 4 7 1
0 10 0 4 4 2 1 2 2
0 10 2 4 4 2 1 2 2
0 10 4 4 4 2 1 2 2
0 10 6 4 4 2 1 2 2
0 10 8 4 4 2 1 2 2
0 10 10 4 4 2 1 2 2
0 10 12 4 4 2 1 2 2
0 10 14 4 4 2 1 2 2
0 10 16 4 4 2 1 2 2
0 10 18 4 4 2 1 2 2
0 16 0 4 4 2 1 2 2
0 16 2 4 4 2 1 2 2
0 16 4 4 4 2 1 2 2
0 16 6 4 4 2 1 2 2
0 16 8 4 4 2 1 2 2
0 16 10 4 4 2 1 2 2
0 16 12 4 4 2 1 2 2
0 16 14 4 4 2 1 2 2
0 16 16 4 4 2 1 2 2
0 16 18 4 4 2 1 2 2
4 10 0 2 8 4 4 7 2
4 10 4 2 8 4 4 7 2
4 10 8 2 8 4 4 7 2
4 10 12 2 8 4 4 7 2
4 10 16 2 8 4 4 7 2
6 10 0 2 8 4 4 7 2
6 10 4 2 8 4 4 7 2
6 10 8 2 8 4 4 7 2
6 10 12 2 8 4 4 7 2
6 10 16 2 8 4 4 7 2
8 10 0 2 8 4 4 7 2
8 10 4 2 8 4 4 7 2
8 10 8 2 8 4 4 7 2
8 10 12 2 8 4 4 7 2
8 10 16 2 8 4 4 7 2
16 10 0 4 4 2 1 2 3
16 10 2 4 4 2 1 2 3
16 10 4 4 4 2 1 2 3
16 10 6 4 4 2 1 2 3
16 10 8 4 4 2 1 2 3
16 10 10 4 4 2 1 2 3
16 10 12 4 4 2 1 2 3
16 10 14 4 4 2 1 2 3
16 10 16 4 4 2 1 2 3
16 10 18 4 4 2 1 2 3
16 16 0 4 4 2 1 2 3
16 16 2 4 4 2 1 2 3
16 16 4 4 4 2 1 2 3
16 16 6 4 4 2 1 2 3
16 16 8 4 4 2 1 2 3
16 16 10 4 4 2 1 2 3
16 16 12 4 4 2 1 2 3
16 16 14 4 4 2 1 2 3
16 16 16 4 4 2 1 2 3
16 16 18 4 4 2 1 2 3
14 10 0 2 8 4 4 7 3
14 10 4 2 8 4 4 7 3
14 10 8 2 8 4 4 7 3
14 10 12 2 8 4 4 7 3
14 10 16 2 8 4 4 7 3
12 10 0 2 8 4 4 7 3
12 10 4 2 8 4 4 7 3
12 10 8 2 8 4 4 7 3
12 10 12 2 8 4 4 7 3
12 10 16 2 8 4 4 7 3
10 10 0 2 8 4 4 7 3
10 10 4 2 8 4 4 7 3
10 10 8 2 8 4 4 7 3
10 10 12 2 8 4 4 7 3
10 10 16 2 8 4 4 7 3
