
Gurobi 12.0.2 (win64) logging started Tue Jun 16 20:46:27 2026

Set parameter LogFile to value "resultados DATA_1_n20m05b2d1\instancia_1_log.txt"
Set parameter TimeLimit to value 3600
Gurobi Optimizer version 12.0.2 build v12.0.2rc0 (win64 - Windows 11+.0 (26200.2))

CPU model: 12th Gen Intel(R) Core(TM) i7-12700, instruction set [SSE2|AVX|AVX2]
Thread count: 12 physical cores, 20 logical processors, using up to 20 threads

Non-default parameters:
TimeLimit  3600

Optimize a model with 16033 rows, 7768 columns and 253680 nonzeros
Model fingerprint: 0x993368b7
Variable types: 20 continuous, 7748 integer (7748 binary)
Coefficient statistics:
  Matrix range     [1e+00, 1e+03]
  Objective range  [2e+01, 2e+02]
  Bounds range     [1e+00, 1e+00]
  RHS range        [1e+00, 1e+03]
Found heuristic solution: objective 2704.0000000
Presolve removed 11560 rows and 2592 columns
Presolve time: 0.58s
Presolved: 4473 rows, 5176 columns, 134632 nonzeros
Found heuristic solution: objective 1888.0000000
Variable types: 0 continuous, 5176 integer (5160 binary)
Found heuristic solution: objective 5584.0000000

Root relaxation: objective 7.998400e+03, 16530 iterations, 2.03 seconds (3.75 work units)

    Nodes    |    Current Node    |     Objective Bounds      |     Work
 Expl Unexpl |  Obj  Depth IntInf | Incumbent    BestBd   Gap | It/Node Time

     0     0 7998.40000    0  650 5584.00000 7998.40000  43.2%     -    2s
H    0     0                    5592.0000000 7998.40000  43.0%     -    2s
H    0     0                    5954.0000000 7998.40000  34.3%     -    2s
H    0     0                    6034.0000000 7998.40000  32.6%     -    2s
H    0     0                    6050.0000000 7998.40000  32.2%     -    2s
H    0     0                    6056.0000000 7998.40000  32.1%     -    2s
H    0     0                    6088.0000000 7998.40000  31.4%     -    2s
H    0     0                    6184.0000000 7998.40000  29.3%     -    2s
H    0     0                    6448.0000000 7998.40000  24.0%     -    2s
H    0     0                    7236.0000000 7998.40000  10.5%     -    3s
H    0     0                    7284.0000000 7998.40000  9.81%     -    3s
H    0     0                    7296.0000000 7991.71309  9.54%     -    3s
H    0     0                    7376.0000000 7991.71309  8.35%     -    3s
     0     0 7991.71309    0  945 7376.00000 7991.71309  8.35%     -    3s
H    0     0                    7388.0000000 7991.71309  8.17%     -    3s
H    0     0                    7444.0000000 7991.71309  7.36%     -    3s
     0     0 7990.49925    0  990 7444.00000 7990.49925  7.34%     -    3s
     0     0 7990.01016    0 1019 7444.00000 7990.01016  7.33%     -    4s
     0     0 7989.97237    0 1025 7444.00000 7989.97237  7.33%     -    4s
     0     0 7980.07711    0 1222 7444.00000 7980.07711  7.20%     -    4s
     0     0 7978.69348    0 1259 7444.00000 7978.69348  7.18%     -    5s
     0     0 7971.50609    0 1262 7444.00000 7971.50609  7.09%     -    5s
     0     0 7971.50609    0 1278 7444.00000 7971.50609  7.09%     -    5s
     0     0 7971.50609    0 1283 7444.00000 7971.50609  7.09%     -    5s
     0     0 7971.50609    0 1290 7444.00000 7971.50609  7.09%     -    5s
     0     0 7947.04621    0 1262 7444.00000 7947.04621  6.76%     -    6s
     0     0 7947.04621    0 1316 7444.00000 7947.04621  6.76%     -    6s
     0     0 7934.90933    0 1372 7444.00000 7934.90933  6.59%     -    6s
     0     0 7934.90933    0 1380 7444.00000 7934.90933  6.59%     -    6s
     0     0 7934.90933    0 1391 7444.00000 7934.90933  6.59%     -    6s
     0     0 7934.90933    0 1396 7444.00000 7934.90933  6.59%     -    6s
     0     0 7914.84986    0 1388 7444.00000 7914.84986  6.33%     -    7s
     0     0 7914.84986    0 1345 7444.00000 7914.84986  6.33%     -    8s
     0     2 7914.84986    0 1336 7444.00000 7914.84986  6.33%     -   13s
    15    28 7859.59626    4 1253 7444.00000 7898.54367  6.11%  2394   15s
   104   123 7747.84603   11 1086 7444.00000 7859.58930  5.58%  1853   20s
   227   247 7630.99356   18 1010 7444.00000 7859.58930  5.58%  2001   25s
   355   371 7677.96921   25 1197 7444.00000 7859.58930  5.58%  2031   30s
H  368   371                    7472.0000000 7859.58930  5.19%  2052   30s
   493   549 7631.96028   28 1218 7472.00000 7859.58930  5.19%  1843   35s
   768   859 7525.48571   31 1145 7472.00000 7859.58930  5.19%  1525   40s
H 1091  1044                    7488.0000000 7859.58930  4.96%  1239   43s
  1187  1272 7512.36575   54  717 7488.00000 7859.58930  4.96%  1202   45s
  2032  1939 7642.76353   11  709 7488.00000 7859.58930  4.96%   855   51s
H 2545  2339                    7504.0000000 7859.58930  4.74%   772   54s
  2761  2360     cutoff   16      7504.00000 7859.58930  4.74%   732   56s
  2983  2420 7523.58365   48 1345 7504.00000 7859.58930  4.74%   736   67s
  2985  2421 7562.93301  142  675 7504.00000 7859.58930  4.74%   736   70s
  2993  2427 7615.25206   63 1344 7504.00000 7859.58930  4.74%   734   77s
  3020  2482 7859.58930   16 1221 7504.00000 7859.58930  4.74%   756   80s
  3190  2571 7764.35948   20 1089 7504.00000 7859.58930  4.74%   785   85s
  3301  2622 7782.68279   24 1289 7504.00000 7859.58930  4.74%   832   90s
  3465  2705 7622.31435   28  698 7504.00000 7859.58930  4.74%   873   95s
  3742  2776 7583.90698   32  742 7504.00000 7830.15705  4.35%   872  100s
  4347  2978 7553.38140   40  464 7504.00000 7820.16359  4.21%   831  105s
  4788  3077 7581.15610   58  608 7504.00000 7820.16359  4.21%   817  110s
  5194  3209 7560.29173   76  387 7504.00000 7814.69737  4.14%   808  115s
  6005  3360     cutoff  127      7504.00000 7798.21233  3.92%   764  120s
  6365  3436 7648.08652   21  566 7504.00000 7784.17604  3.73%   760  125s
  6905  3602 7637.87327   23  377 7504.00000 7764.35653  3.47%   754  131s
  7392  3806 7536.76923   30  331 7504.00000 7755.52262  3.35%   744  135s
  8120  3821 7514.00000   31  187 7504.00000 7755.52262  3.35%   738  141s
  8536  3802 7531.62192   27  409 7504.00000 7754.94687  3.34%   745  146s
  9004  3791 7529.68320   26  472 7504.00000 7724.41396  2.94%   755  151s
  9509  3744 7637.58893   26  536 7504.00000 7715.80546  2.82%   759  157s
  9786  3706 7549.22192   24  295 7504.00000 7705.56171  2.69%   762  160s
 10405  3729 7514.00000   27  179 7504.00000 7698.84211  2.60%   767  165s
 11124  3846 7551.09865   30  609 7504.00000 7683.64730  2.39%   770  172s
 11437  3894     cutoff   31      7504.00000 7676.76934  2.30%   775  175s
 12117  3918 7560.00000   41  294 7504.00000 7665.53110  2.15%   781  183s
 12501  3988     cutoff   30      7504.00000 7658.35304  2.06%   786  187s
 12920  4032     cutoff   48      7504.00000 7648.08652  1.92%   789  190s
 14002  4122 7510.34197   34  369 7504.00000 7637.74307  1.78%   784  199s
 14579  4148     cutoff   27      7504.00000 7631.51899  1.70%   782  203s
 15207  4191     cutoff   33      7504.00000 7626.31274  1.63%   778  207s
 15950  4220 7527.62712   28  367 7504.00000 7619.76276  1.54%   772  213s
 16377  4268 7515.83447   44  316 7504.00000 7615.84111  1.49%   770  217s
 17134  4223     cutoff   37      7504.00000 7612.00000  1.44%   766  222s
 18043  4199 7521.18977   30  536 7504.00000 7604.51895  1.34%   758  228s
 19091  4128 7530.80000   38  187 7504.00000 7598.26046  1.26%   746  233s
 20019  4086 7516.00000   48  130 7504.00000 7592.00000  1.17%   739  239s
 21164  3942     cutoff   27      7504.00000 7586.79663  1.10%   726  244s
 22167  3848     cutoff   83      7504.00000 7581.09495  1.03%   720  250s
 23414  3690 7525.60000   29  112 7504.00000 7576.23725  0.96%   708  256s
 24745  3512 7541.33333   58  189 7504.00000 7570.65957  0.89%   696  262s
 26017  3284 7519.33333   32  145 7504.00000 7565.33333  0.82%   686  268s
 27732  3192     cutoff   25      7504.00000 7558.09639  0.72%   667  274s
 30188  3301     cutoff   77      7504.00000 7547.89621  0.58%   635  280s
 33532  3478     cutoff   66      7504.00000 7544.00000  0.53%   591  291s
 39058  3464 7513.33333   63  195 7504.00000 7538.66667  0.46%   534  296s
 41748  3468 7528.00000   63   64 7504.00000 7530.94898  0.36%   512  301s
 45714  3363 7520.44444   66  132 7504.00000 7525.33333  0.28%   478  306s
 49225  2970     cutoff   46      7504.00000 7522.66667  0.25%   452  310s
 53441  2660 7514.66667   85  154 7504.00000 7520.00000  0.21%   425  315s
H54649  1266                    7512.0000000 7518.66667  0.09%   418  315s
 54694  2830     cutoff   87      7512.00000 7518.66667  0.09%   418  323s
 58272  3634 7517.10526   69  180 7512.00000 7518.00000  0.08%   400  326s
 62511  5970     cutoff   88      7512.00000 7518.00000  0.08%   381  331s
 65007  7057 7516.00000   72  128 7512.00000 7518.00000  0.08%   372  335s
 68240  9117     cutoff   86      7512.00000 7518.00000  0.08%   360  341s
 72052 11031 7516.00000   73    3 7512.00000 7518.00000  0.08%   348  346s
 73470 12992 7516.00000   77    3 7512.00000 7518.00000  0.08%   344  354s
 77815 13551 7516.00000   95    7 7512.00000 7517.71429  0.08%   330  355s
 81486 14564     cutoff   73      7512.00000 7517.33333  0.07%   320  360s
 86240 16488     cutoff   79      7512.00000 7516.33962  0.06%   309  365s
 91395 17880     cutoff  139      7512.00000 7516.00000  0.05%   296  374s
 92296 18606 7516.00000  111    6 7512.00000 7516.00000  0.05%   294  380s
 94952 19599 7514.94737   96   41 7512.00000 7516.00000  0.05%   287  386s
 102062 20539 7516.00000  104   16 7512.00000 7516.00000  0.05%   272  391s
 106737 21609     cutoff  130      7512.00000 7516.00000  0.05%   264  395s
 110114 21712 7516.00000   79 1345 7512.00000 7516.00000  0.05%   258  412s
 110118 21715 7516.00000  134 1375 7512.00000 7516.00000  0.05%   258  415s
 110140 21742 7516.00000   25 1032 7512.00000 7516.00000  0.05%   258  420s
 110221 21803 7516.00000   29 1145 7512.00000 7516.00000  0.05%   260  425s
 110307 21860 7516.00000   33 1230 7512.00000 7516.00000  0.05%   262  430s
 110405 21917 7516.00000   36 1265 7512.00000 7516.00000  0.05%   264  435s
 110609 21962 7516.00000   41  780 7512.00000 7516.00000  0.05%   266  441s
 110802 22016 7516.00000   47  750 7512.00000 7516.00000  0.05%   267  445s
 111031 21998 7516.00000   54  592 7512.00000 7516.00000  0.05%   269  450s
 111205 22014 7516.00000   31  595 7512.00000 7516.00000  0.05%   270  455s
 111553 21924 7516.00000   38  181 7512.00000 7516.00000  0.05%   272  461s
 111760 21892 7516.00000   27  367 7512.00000 7516.00000  0.05%   273  465s
 112142 21778 7516.00000   33  472 7512.00000 7516.00000  0.05%   275  471s
 112403 21714 7516.00000   42  458 7512.00000 7516.00000  0.05%   277  475s
 112693 21668 7516.00000   35  246 7512.00000 7516.00000  0.05%   278  480s
 113257 21557     cutoff   50      7512.00000 7516.00000  0.05%   280  486s
 113705 21431     cutoff   35      7512.00000 7516.00000  0.05%   281  491s
 114274 21272 7516.00000   37  215 7512.00000 7516.00000  0.05%   283  496s
 114999 21059 7516.00000   47  885 7512.00000 7516.00000  0.05%   284  501s
 115450 20980 7516.00000   70   76 7512.00000 7516.00000  0.05%   285  507s
 116063 20808 7516.00000   35  584 7512.00000 7516.00000  0.05%   285  510s
 117165 20665 7516.00000   33  229 7512.00000 7516.00000  0.05%   286  516s
 118250 20289 7516.00000   36  522 7512.00000 7516.00000  0.05%   287  523s
 119069 19961     cutoff   33      7512.00000 7516.00000  0.05%   287  526s
 121463 18764 7516.00000   52  169 7512.00000 7516.00000  0.05%   286  533s
 123433 17877     cutoff   39      7512.00000 7516.00000  0.05%   284  535s
 129301 16930     cutoff  119      7512.00000 7516.00000  0.05%   273  543s
 134496 15604 7514.00000  117   16 7512.00000 7516.00000  0.05%   265  545s
 138398 14885 7516.00000  118    3 7512.00000 7516.00000  0.05%   258  550s
 144518 13788     cutoff  117      7512.00000 7516.00000  0.05%   249  556s
 147962 12738 7516.00000  108 1345 7512.00000 7516.00000  0.05%   245  571s
 147966 12741 7516.00000   98 1266 7512.00000 7516.00000  0.05%   245  575s
 148000 12786 7516.00000   41 1102 7512.00000 7516.00000  0.05%   245  580s
 148115 12856 7516.00000   46  828 7512.00000 7516.00000  0.05%   246  585s
 148203 12911 7516.00000   50 1018 7512.00000 7516.00000  0.05%   248  590s
 148452 12992 7516.00000   56  652 7512.00000 7516.00000  0.05%   249  595s
 148700 12979 7516.00000   62  542 7512.00000 7516.00000  0.05%   250  600s
 148916 12977     cutoff   68      7512.00000 7516.00000  0.05%   251  605s
 149190 12953     cutoff   48      7512.00000 7516.00000  0.05%   252  610s
 149422 12912     cutoff   52      7512.00000 7516.00000  0.05%   253  615s
 149648 12873 7516.00000   45  376 7512.00000 7516.00000  0.05%   254  620s
 149925 12809     cutoff   46      7512.00000 7516.00000  0.05%   255  625s
 150395 12722 7516.00000   49  475 7512.00000 7516.00000  0.05%   256  630s
 150749 12649 7516.00000   50  293 7512.00000 7516.00000  0.05%   257  635s
 151328 12523 7516.00000   53  169 7512.00000 7516.00000  0.05%   258  641s
 151852 12377 7516.00000   52  237 7512.00000 7516.00000  0.05%   259  646s
 152580 12161 7516.00000   53  429 7512.00000 7516.00000  0.05%   260  650s
 153378 11986 7516.00000   55  375 7512.00000 7516.00000  0.05%   260  655s
 154154 11739 7516.00000   45  236 7512.00000 7516.00000  0.05%   261  660s
 155404 11383 7516.00000   51  680 7512.00000 7516.00000  0.05%   262  666s
 157820 10529     cutoff   53      7512.00000 7516.00000  0.05%   261  671s
 161442  9054 7514.10882   56  179 7512.00000 7516.00000  0.05%   258  677s
 165101  8305     cutoff   71      7512.00000 7516.00000  0.05%   254  680s
 166419  9315 7516.00000   73  260 7512.00000 7516.00000  0.05%   252  688s
 169807  8785     cutoff   92      7512.00000 7516.00000  0.05%   249  690s
 175675  8546 7516.00000  103    3 7512.00000 7516.00000  0.05%   243  695s
 182563  7537 7516.00000  133    5 7512.00000 7516.00000  0.05%   236  700s
 184195  6995 7516.00000  115 1345 7512.00000 7516.00000  0.05%   234  858s
 184197  6996 7516.00000  110  774 7512.00000 7516.00000  0.05%   234  860s
 184203  7000 7516.00000  118 1564 7512.00000 7516.00000  0.05%   234  865s
 184211  7006 7516.00000   85 1781 7512.00000 7516.00000  0.05%   234  870s
 184217  7010 7516.00000   93 1770 7512.00000 7516.00000  0.05%   234  876s
 184221  7012 7516.00000  131 1789 7512.00000 7516.00000  0.05%   234  880s
 184227  7016 7516.00000   90 1790 7512.00000 7516.00000  0.05%   234  886s
 184230  7018 7516.00000   93 1766 7512.00000 7516.00000  0.05%   234  890s
 184238  7033 7516.00000   48 1530 7512.00000 7516.00000  0.05%   235  895s
 184363  7100 7516.00000   52  769 7512.00000 7516.00000  0.05%   235  900s
 184639  7136 7516.00000   59  730 7512.00000 7516.00000  0.05%   236  905s
 184792  7103 7516.00000   63  522 7512.00000 7516.00000  0.05%   236  910s
 184915  7085 7516.00000   53  440 7512.00000 7516.00000  0.05%   237  915s
 185072  7064 7516.00000   58  502 7512.00000 7516.00000  0.05%   238  921s
 185234  7039 7516.00000   54  831 7512.00000 7516.00000  0.05%   239  925s
 185463  6982 7515.57895   57  313 7512.00000 7516.00000  0.05%   239  930s
 185789  6889 7516.00000   53  420 7512.00000 7516.00000  0.05%   240  936s
 185973  6813 7516.00000   60  867 7512.00000 7516.00000  0.05%   241  941s
 186196  6704 7516.00000   55  910 7512.00000 7516.00000  0.05%   242  945s
 186598  6463 7516.00000   54  490 7512.00000 7516.00000  0.05%   243  951s
 187655  6615 7516.00000   88   24 7512.00000 7516.00000  0.05%   243  956s
 188194  7571 7516.00000   83   30 7512.00000 7516.00000  0.05%   242  962s
 191034  7421 7516.00000  157    3 7512.00000 7516.00000  0.05%   241  967s
 195214  6811 7516.00000  133    3 7512.00000 7516.00000  0.05%   238  972s
 198353  6583 7516.00000  132    3 7512.00000 7516.00000  0.05%   235  976s
 201628  6613 7516.00000  102    6 7512.00000 7516.00000  0.05%   233  980s
 203228  6897     cutoff  145      7512.00000 7516.00000  0.05%   232  986s
 208164  6867     cutoff  146      7512.00000 7516.00000  0.05%   228  990s
 212890  7943 7516.00000  134    3 7512.00000 7516.00000  0.05%   225  995s
 217119  9455 7516.00000  141   57 7512.00000 7516.00000  0.05%   222 1000s
 221065 10531     cutoff  135      7512.00000 7516.00000  0.05%   219 1008s
 223059 10803 7516.00000  135    3 7512.00000 7516.00000  0.05%   218 1011s
 226439 11487 7516.00000  135    3 7512.00000 7516.00000  0.05%   216 1016s
 230063 11927 7516.00000  125    5 7512.00000 7516.00000  0.05%   214 1020s
 234674 12833 7516.00000  102    3 7512.00000 7516.00000  0.05%   211 1025s
 238973 13937 7516.00000  133    3 7512.00000 7516.00000  0.05%   209 1033s
 242038 14151 7516.00000  134   54 7512.00000 7516.00000  0.05%   207 1035s
 245738 14655 7516.00000  139   17 7512.00000 7516.00000  0.05%   205 1040s
 250578 15604 7516.00000  136    7 7512.00000 7516.00000  0.05%   203 1046s
 253200 16038 7516.00000  130    3 7512.00000 7516.00000  0.05%   202 1050s
 256115 16561 7516.00000  120    3 7512.00000 7516.00000  0.05%   200 1055s
 257536 16899 7516.00000  136    3 7512.00000 7516.00000  0.05%   200 1060s
 262730 17483 7516.00000  123   68 7512.00000 7516.00000  0.05%   197 1065s
 266251 18010 7516.00000  137   58 7512.00000 7516.00000  0.05%   196 1070s
 271479 18589     cutoff  138      7512.00000 7516.00000  0.05%   193 1076s
 275519 19175     cutoff  142      7512.00000 7516.00000  0.05%   192 1084s
 277856 19248     cutoff  131      7512.00000 7516.00000  0.05%   191 1086s
 281677 19753 7516.00000  129    3 7512.00000 7516.00000  0.05%   189 1090s
 285409 20103 7516.00000  132   58 7512.00000 7516.00000  0.05%   188 1095s
 289227 20563 7516.00000  141   59 7512.00000 7516.00000  0.05%   186 1100s
 292822 21334 7516.00000  139   56 7512.00000 7516.00000  0.05%   185 1105s
 296315 22025 7516.00000  123    3 7512.00000 7516.00000  0.05%   184 1111s
 300114 23060 7516.00000  135    3 7512.00000 7516.00000  0.05%   182 1115s
 303919 23924 7516.00000  127    3 7512.00000 7516.00000  0.05%   181 1120s
 308679 24878 7516.00000  134    3 7512.00000 7516.00000  0.05%   179 1126s
 311939 25665 7516.00000  139    3 7512.00000 7516.00000  0.05%   178 1133s
 313967 25869     cutoff  117      7512.00000 7516.00000  0.05%   178 1135s
 317711 26610 7516.00000  117    3 7512.00000 7516.00000  0.05%   177 1140s
 321467 27092     cutoff  149      7512.00000 7516.00000  0.05%   175 1145s
 324979 27670 7514.00000  146   27 7512.00000 7516.00000  0.05%   174 1150s
 328684 28329 7516.00000  140   31 7512.00000 7516.00000  0.05%   173 1155s
 331993 28982     cutoff  138      7512.00000 7516.00000  0.05%   172 1161s
 335599 29717 7516.00000  143   31 7512.00000 7516.00000  0.05%   171 1166s
 339230 30464 7516.00000  132   58 7512.00000 7516.00000  0.05%   170 1170s
 342879 31519 7516.00000  140   17 7512.00000 7516.00000  0.05%   169 1176s
 346687 32340     cutoff  139      7512.00000 7516.00000  0.05%   169 1180s
 348039 32629 7516.00000  128    3 7512.00000 7516.00000  0.05%   168 1185s
 352231 33374 7516.00000  118    3 7512.00000 7516.00000  0.05%   167 1190s
 356134 34147 7516.00000  139   21 7512.00000 7516.00000  0.05%   166 1195s
 360096 34718 7516.00000  135   17 7512.00000 7516.00000  0.05%   165 1201s
 363989 35459 7516.00000  147   58 7512.00000 7516.00000  0.05%   164 1206s
 366622 36008 7516.00000  138   58 7512.00000 7516.00000  0.05%   164 1211s
 369681 36425 7516.00000  139    3 7512.00000 7516.00000  0.05%   163 1215s
 372964 37020     cutoff  141      7512.00000 7516.00000  0.05%   162 1220s
 376762 37442 7516.00000  142   39 7512.00000 7516.00000  0.05%   162 1225s
 380648 38007     cutoff  143      7512.00000 7516.00000  0.05%   161 1231s
 384067 38339 7516.00000  134    3 7512.00000 7516.00000  0.05%   160 1235s
 386022 38736     cutoff  143      7512.00000 7516.00000  0.05%   160 1240s
 389855 39201 7516.00000  141   19 7512.00000 7516.00000  0.05%   159 1245s
 393681 39712 7516.00000  142   18 7512.00000 7516.00000  0.05%   158 1251s
 397392 40081     cutoff  142      7512.00000 7516.00000  0.05%   157 1256s
 400922 40462 7514.00000  150   24 7512.00000 7516.00000  0.05%   157 1261s
 402171 40637 7516.00000  140   31 7512.00000 7516.00000  0.05%   157 1265s
 406230 41034     cutoff  130      7512.00000 7516.00000  0.05%   156 1270s
 410195 41344 7516.00000  143   58 7512.00000 7516.00000  0.05%   155 1275s
 413896 41832 7516.00000  146   17 7512.00000 7516.00000  0.05%   155 1281s
 417741 42164     cutoff  136      7512.00000 7516.00000  0.05%   154 1286s
 419937 42402     cutoff  146      7512.00000 7516.00000  0.05%   154 1291s
 422788 42687 7514.50000  145   58 7512.00000 7516.00000  0.05%   153 1295s
 426253 43284 7514.00000  117   32 7512.00000 7516.00000  0.05%   153 1301s
 430474 43994     cutoff  152      7512.00000 7516.00000  0.05%   152 1306s
 433473 44548 7516.00000  134    5 7512.00000 7516.00000  0.05%   151 1310s
 437550 45113     cutoff  149      7512.00000 7516.00000  0.05%   151 1315s
 440745 45487 7516.00000  144    3 7512.00000 7516.00000  0.05%   150 1320s
 444602 45949 7516.00000  150   61 7512.00000 7516.00000  0.05%   149 1325s
 448551 46460 7514.00000  153   27 7512.00000 7516.00000  0.05%   149 1330s
 452183 46790 7516.00000  147   35 7512.00000 7516.00000  0.05%   148 1335s
 456023 47249     cutoff  149      7512.00000 7516.00000  0.05%   147 1340s
 459095 47646     cutoff  151      7512.00000 7516.00000  0.05%   147 1345s
 462940 48084 7516.00000  148   17 7512.00000 7516.00000  0.05%   146 1350s
 467729 48662 7516.00000  153   66 7512.00000 7516.00000  0.05%   145 1356s
 471534 49131 7516.00000  128    5 7512.00000 7516.00000  0.05%   145 1361s
 475685 49585 7516.00000  154   17 7512.00000 7516.00000  0.05%   144 1368s
 477120 49730 7516.00000  151    3 7512.00000 7516.00000  0.05%   144 1370s
 481680 50273 7516.00000  152   57 7512.00000 7516.00000  0.05%   143 1375s
 485449 50801     cutoff  143      7512.00000 7516.00000  0.05%   143 1380s
 489142 51163     cutoff  135      7512.00000 7516.00000  0.05%   142 1385s
 492919 51363     cutoff  159      7512.00000 7516.00000  0.05%   142 1390s
 495849 51586     cutoff  152      7512.00000 7516.00000  0.05%   141 1396s
 499814 51794 7516.00000  158   66 7512.00000 7516.00000  0.05%   141 1401s
 503799 52070     cutoff  150      7512.00000 7516.00000  0.05%   140 1406s
 507479 52277 7516.00000  154   24 7512.00000 7516.00000  0.05%   140 1410s
 511117 52479     cutoff  159      7512.00000 7516.00000  0.05%   139 1415s
 513718 52540 7516.00000  154    3 7512.00000 7516.00000  0.05%   139 1421s
 517712 52919 7514.00000  152   29 7512.00000 7516.00000  0.05%   138 1426s
 520440 53306     cutoff  154      7512.00000 7516.00000  0.05%   138 1430s
 524677 53809     cutoff  152      7512.00000 7516.00000  0.05%   138 1435s
 528535 54296     cutoff  141      7512.00000 7516.00000  0.05%   137 1440s
 531219 54570     cutoff  143      7512.00000 7516.00000  0.05%   137 1445s
 535465 54912     cutoff  154      7512.00000 7516.00000  0.05%   136 1450s
 539496 55273     cutoff  142      7512.00000 7516.00000  0.05%   136 1455s
 542670 55764 7516.00000  130    3 7512.00000 7516.00000  0.05%   136 1461s
 547068 56253     cutoff  157      7512.00000 7516.00000  0.05%   135 1466s
 549871 56447 7516.00000  147    3 7512.00000 7516.00000  0.05%   135 1471s
 554088 56935     cutoff  162      7512.00000 7516.00000  0.05%   135 1476s
 557822 57354     cutoff  155      7512.00000 7516.00000  0.05%   134 1480s
 561655 57815     cutoff  157      7512.00000 7516.00000  0.05%   134 1485s
 566491 58153     cutoff  160      7512.00000 7516.00000  0.05%   133 1491s
 569431 58343     cutoff  154      7512.00000 7516.00000  0.05%   133 1496s
 573219 58489 7516.00000  134    3 7512.00000 7516.00000  0.05%   133 1501s
 577031 58733     cutoff  154      7512.00000 7516.00000  0.05%   132 1505s
 580467 58850     cutoff  143      7512.00000 7516.00000  0.05%   132 1510s
 585441 59014 7516.00000  157    3 7512.00000 7516.00000  0.05%   132 1518s
 588152 59117     cutoff  154      7512.00000 7516.00000  0.05%   131 1521s
 591917 59285     cutoff  157      7512.00000 7516.00000  0.05%   131 1526s
 595968 59453 7514.00000  157   24 7512.00000 7516.00000  0.05%   131 1531s
 599621 59647 7516.00000  139   58 7512.00000 7516.00000  0.05%   131 1536s
 601217 59744     cutoff  153      7512.00000 7516.00000  0.05%   130 1540s
 603374 60049     cutoff  136      7512.00000 7516.00000  0.05%   130 1545s
 607423 60319     cutoff  148      7512.00000 7516.00000  0.05%   130 1550s
 611228 60728 7514.00000  158   24 7512.00000 7516.00000  0.05%   130 1555s
 615139 61008 7514.92857  152   68 7512.00000 7516.00000  0.05%   129 1560s
 618841 61387 7516.00000  155    3 7512.00000 7516.00000  0.05%   129 1565s
 621443 61674 7516.00000  152    5 7512.00000 7516.00000  0.05%   129 1570s
 625523 61895 7516.00000  137    3 7512.00000 7516.00000  0.05%   128 1575s
 630135 62169 7516.00000  148    3 7512.00000 7516.00000  0.05%   128 1580s
 634370 62592     cutoff  154      7512.00000 7516.00000  0.05%   128 1586s
 637959 62927 7516.00000  150    3 7512.00000 7516.00000  0.05%   127 1591s
 640782 63161     cutoff  111      7512.00000 7516.00000  0.05%   127 1596s
 644860 63474     cutoff  151      7512.00000 7516.00000  0.05%   127 1601s
 648728 63779     cutoff  150      7512.00000 7516.00000  0.05%   126 1605s
 652511 64022 7516.00000  154   15 7512.00000 7516.00000  0.05%   126 1610s
 655985 64456 7516.00000  135   63 7512.00000 7516.00000  0.05%   126 1615s
 658671 64934 7516.00000  133   59 7512.00000 7516.00000  0.05%   126 1621s
 662295 65776 7516.00000  135   17 7512.00000 7516.00000  0.05%   125 1626s
 666129 66613 7516.00000  141   13 7512.00000 7516.00000  0.05%   125 1630s
 669967 67439 7516.00000  137   61 7512.00000 7516.00000  0.05%   125 1635s
 673346 68120 7516.00000  139    3 7512.00000 7516.00000  0.05%   125 1640s
 675887 68491 7516.00000  142   74 7512.00000 7516.00000  0.05%   124 1645s
 679830 69102 7515.25000  138   71 7512.00000 7516.00000  0.05%   124 1650s
 683649 69670 7516.00000  139    3 7512.00000 7516.00000  0.05%   124 1656s
 687480 70090     cutoff  143      7512.00000 7516.00000  0.05%   124 1661s
 691223 70545     cutoff  135      7512.00000 7516.00000  0.05%   124 1666s
 693766 70792 7514.00000  145   27 7512.00000 7516.00000  0.05%   123 1671s
 696408 71049     cutoff  136      7512.00000 7516.00000  0.05%   123 1675s
 700403 71527     cutoff  144      7512.00000 7516.00000  0.05%   123 1681s
 703127 71892     cutoff  134      7512.00000 7516.00000  0.05%   123 1685s
 707136 72369 7516.00000  138   62 7512.00000 7516.00000  0.05%   123 1690s
 711123 72935     cutoff  132      7512.00000 7516.00000  0.05%   122 1696s
 713782 73342     cutoff  128      7512.00000 7516.00000  0.05%   122 1701s
 717521 73891 7516.00000  128    3 7512.00000 7516.00000  0.05%   122 1706s
 720180 74242     cutoff  131      7512.00000 7516.00000  0.05%   122 1710s
 723982 74850 7516.00000  131   65 7512.00000 7516.00000  0.05%   122 1715s
 727684 75304 7516.00000  129    3 7512.00000 7516.00000  0.05%   121 1720s
 730079 75586     cutoff  138      7512.00000 7516.00000  0.05%   121 1725s
 734022 76123     cutoff  144      7512.00000 7516.00000  0.05%   121 1730s
 737868 76618 7516.00000  141   17 7512.00000 7516.00000  0.05%   121 1736s
 741734 76995 7516.00000  145   57 7512.00000 7516.00000  0.05%   121 1741s
 745166 77383 7516.00000  138   67 7512.00000 7516.00000  0.05%   121 1746s
 747780 77700 7516.00000  129   68 7512.00000 7516.00000  0.05%   120 1751s
 750434 77982 7516.00000  130    3 7512.00000 7516.00000  0.05%   120 1755s
 753851 78308 7516.00000  136   17 7512.00000 7516.00000  0.05%   120 1760s
 757694 78678 7516.00000  134    3 7512.00000 7516.00000  0.05%   120 1765s
 761655 79019 7516.00000  140    3 7512.00000 7516.00000  0.05%   120 1771s
 765702 79591 7516.00000  140   31 7512.00000 7516.00000  0.05%   120 1778s
 766797 79768 7516.00000  135    3 7512.00000 7516.00000  0.05%   120 1780s
 771068 80308     cutoff  140      7512.00000 7516.00000  0.05%   119 1785s
 775083 80878     cutoff  134      7512.00000 7516.00000  0.05%   119 1791s
 779026 81286     cutoff  140      7512.00000 7516.00000  0.05%   119 1796s
 782988 81792 7516.00000  131   61 7512.00000 7516.00000  0.05%   119 1801s
 784304 81967 7516.00000  137   57 7512.00000 7516.00000  0.05%   119 1805s
 787939 82363 7516.00000  136   65 7512.00000 7516.00000  0.05%   118 1810s
 791908 82793 7516.00000  149   15 7512.00000 7516.00000  0.05%   118 1815s
 795699 83327 7516.00000  144   19 7512.00000 7516.00000  0.05%   118 1820s
 799594 83791 7516.00000  136    3 7512.00000 7516.00000  0.05%   118 1825s
 802037 84228 7516.00000  130    3 7512.00000 7516.00000  0.05%   118 1831s
 805591 84825 7516.00000  133    3 7512.00000 7516.00000  0.05%   118 1836s
 809528 85412 7516.00000  139    3 7512.00000 7516.00000  0.05%   118 1841s
 812137 85878 7516.00000  136   62 7512.00000 7516.00000  0.05%   117 1845s
 816071 86458 7516.00000  144   17 7512.00000 7516.00000  0.05%   117 1850s
 819981 87246 7516.00000  145   21 7512.00000 7516.00000  0.05%   117 1857s
 822497 87516 7516.00000  145   17 7512.00000 7516.00000  0.05%   117 1860s
 825865 87976 7516.00000  138    7 7512.00000 7516.00000  0.05%   117 1866s
 829721 88580 7516.00000  139   21 7512.00000 7516.00000  0.05%   117 1871s
 832414 89126     cutoff  133      7512.00000 7516.00000  0.05%   117 1875s
 836404 89746 7516.00000  143   17 7512.00000 7516.00000  0.05%   116 1880s
 839135 90032 7514.33333  145   28 7512.00000 7516.00000  0.05%   116 1885s
 842855 90358     cutoff  139      7512.00000 7516.00000  0.05%   116 1890s
 846710 90727 7516.00000  134   24 7512.00000 7516.00000  0.05%   116 1896s
 850551 91349     cutoff  144      7512.00000 7516.00000  0.05%   116 1901s
 854395 91914     cutoff  142      7512.00000 7516.00000  0.05%   116 1906s
 857000 92250 7516.00000  136   31 7512.00000 7516.00000  0.05%   116 1911s
 859796 92617 7516.00000  132    3 7512.00000 7516.00000  0.05%   116 1915s
 863225 93115 7516.00000  137   62 7512.00000 7516.00000  0.05%   116 1920s
 867006 93610 7516.00000  132   35 7512.00000 7516.00000  0.05%   115 1925s
 870979 93981     cutoff   99      7512.00000 7516.00000  0.05%   115 1931s
 873586 94283     cutoff  135      7512.00000 7516.00000  0.05%   115 1936s
 877547 94673     cutoff  132      7512.00000 7516.00000  0.05%   115 1941s
 881449 95027     cutoff  143      7512.00000 7516.00000  0.05%   115 1946s
 885061 95343     cutoff  143      7512.00000 7516.00000  0.05%   115 1951s
 888951 95646     cutoff  142      7512.00000 7516.00000  0.05%   115 1956s
 891597 95805     cutoff  128      7512.00000 7516.00000  0.05%   115 1961s
 895636 96066     cutoff  144      7512.00000 7516.00000  0.05%   114 1966s
 899334 96299 7516.00000  139    3 7512.00000 7516.00000  0.05%   114 1970s
 902963 96320 7516.00000  137    3 7512.00000 7516.00000  0.05%   114 1975s
 906681 96498     cutoff  140      7512.00000 7516.00000  0.05%   114 1980s
 909349 96563     cutoff  143      7512.00000 7516.00000  0.05%   114 1985s
 913261 96863     cutoff  143      7512.00000 7516.00000  0.05%   114 1990s
 916670 97330 7516.00000  138    3 7512.00000 7516.00000  0.05%   114 1995s
 920562 98002 7516.00000  135    3 7512.00000 7516.00000  0.05%   114 2000s
 924559 98765 7516.00000  138   54 7512.00000 7516.00000  0.05%   113 2005s
 927093 99227     cutoff  128      7512.00000 7516.00000  0.05%   113 2010s
 930995 99898 7516.00000  135   62 7512.00000 7516.00000  0.05%   113 2015s
 934699 100928 7516.00000  141    3 7512.00000 7516.00000  0.05%   113 2020s
 938328 101826 7516.00000  137    5 7512.00000 7516.00000  0.05%   113 2025s
 941839 102320 7514.00000  144   27 7512.00000 7516.00000  0.05%   113 2030s
 945466 102926 7516.00000  145   31 7512.00000 7516.00000  0.05%   113 2037s
 948048 103263     cutoff  139      7512.00000 7516.00000  0.05%   113 2041s
 950459 103558     cutoff  142      7512.00000 7516.00000  0.05%   113 2045s
 954243 104126     cutoff  144      7512.00000 7516.00000  0.05%   113 2050s
 957929 104587     cutoff  145      7512.00000 7516.00000  0.05%   112 2055s
 961590 105178     cutoff  145      7512.00000 7516.00000  0.05%   112 2060s
 963957 105465     cutoff  153      7512.00000 7516.00000  0.05%   112 2066s
 966444 105783     cutoff  135      7512.00000 7516.00000  0.05%   112 2070s
 970347 106474 7516.00000  146   66 7512.00000 7516.00000  0.05%   112 2075s
 974297 106963     cutoff  132      7512.00000 7516.00000  0.05%   112 2081s
 978116 107530 7516.00000  132   21 7512.00000 7516.00000  0.05%   112 2086s
 981789 108009     cutoff  147      7512.00000 7516.00000  0.05%   112 2093s
 983714 108197 7516.00000  131    3 7512.00000 7516.00000  0.05%   112 2095s
 986825 108708     cutoff  131      7512.00000 7516.00000  0.05%   112 2100s
 990924 109347 7516.00000  140   54 7512.00000 7516.00000  0.05%   112 2106s
 993721 109690 7516.00000  134    3 7512.00000 7516.00000  0.05%   112 2110s
 997507 110171 7516.00000  147   17 7512.00000 7516.00000  0.05%   112 2115s
 999901 110488     cutoff  143      7512.00000 7516.00000  0.05%   111 2120s
 1003651 110960     cutoff  148      7512.00000 7516.00000  0.05%   111 2125s
 1007517 111193 7516.00000  139    5 7512.00000 7516.00000  0.05%   111 2131s
 1010428 111366 7516.00000  134    3 7512.00000 7516.00000  0.05%   111 2135s
 1014081 111620     cutoff  142      7512.00000 7516.00000  0.05%   111 2140s
 1018043 111906     cutoff  137      7512.00000 7516.00000  0.05%   111 2147s
 1020751 112019     cutoff  136      7512.00000 7516.00000  0.05%   111 2150s
 1022760 112257 7516.00000  139    3 7512.00000 7516.00000  0.05%   111 2156s
 1025736 112495     cutoff  141      7512.00000 7516.00000  0.05%   111 2160s
 1029866 113031     cutoff  138      7512.00000 7516.00000  0.05%   111 2165s
 1033528 113705 7516.00000  135   62 7512.00000 7516.00000  0.05%   111 2171s
 1036220 114500 7516.00000  136   57 7512.00000 7516.00000  0.05%   111 2176s
 1040116 115266 7516.00000  141   61 7512.00000 7516.00000  0.05%   110 2180s
 1043724 115874     cutoff  142      7512.00000 7516.00000  0.05%   110 2185s
 1047092 116572 7516.00000  140    3 7512.00000 7516.00000  0.05%   110 2190s
 1050918 117124 7516.00000  137    3 7512.00000 7516.00000  0.05%   110 2195s
 1054702 117534 7516.00000  146   17 7512.00000 7516.00000  0.05%   110 2202s
 1057253 117823 7516.00000  142    3 7512.00000 7516.00000  0.05%   110 2205s
 1061120 118413 7516.00000  126    7 7512.00000 7516.00000  0.05%   110 2210s
 1065067 118905 7516.00000  131    3 7512.00000 7516.00000  0.05%   110 2216s
 1068482 119286 7516.00000  143   57 7512.00000 7516.00000  0.05%   110 2221s
 1072314 119642     cutoff  148      7512.00000 7516.00000  0.05%   110 2226s
 1074685 119908 7516.00000  143   17 7512.00000 7516.00000  0.05%   109 2232s
 1077677 120189 7516.00000  136    3 7512.00000 7516.00000  0.05%   109 2235s
 1081459 120417 7516.00000  142   17 7512.00000 7516.00000  0.05%   109 2241s
 1085539 120830 7516.00000  144    3 7512.00000 7516.00000  0.05%   109 2246s
 1088481 121247 7516.00000  141   58 7512.00000 7516.00000  0.05%   109 2250s
 1091578 121808     cutoff  144      7512.00000 7516.00000  0.05%   109 2256s
 1094210 122478 7516.00000  146   62 7512.00000 7516.00000  0.05%   109 2260s
 1099297 123350 7516.00000  131    3 7512.00000 7516.00000  0.05%   109 2266s
 1102851 124266 7516.00000  134    3 7512.00000 7516.00000  0.05%   109 2271s
 1106389 125041 7516.00000  126    6 7512.00000 7516.00000  0.05%   109 2275s
 1109830 125887 7516.00000  136    5 7512.00000 7516.00000  0.05%   109 2282s
 1112384 126411 7514.12500  108   28 7512.00000 7516.00000  0.05%   109 2286s
 1116156 126961     cutoff  127      7512.00000 7516.00000  0.05%   109 2291s
 1119968 127765 7514.00000  142   24 7512.00000 7516.00000  0.05%   108 2296s
 1123695 128331 7516.00000  131    3 7512.00000 7516.00000  0.05%   108 2301s
 1127455 128908 7516.00000  132    5 7512.00000 7516.00000  0.05%   108 2306s
 1128452 129151 7516.00000  119    3 7512.00000 7516.00000  0.05%   108 2310s
 1131911 129602     cutoff  143      7512.00000 7516.00000  0.05%   108 2315s
 1135822 130105 7516.00000  142   62 7512.00000 7516.00000  0.05%   108 2320s
 1139679 130584     cutoff  137      7512.00000 7516.00000  0.05%   108 2326s
 1142128 130764 7516.00000  137    3 7512.00000 7516.00000  0.05%   108 2330s
 1145807 131043 7516.00000  141   17 7512.00000 7516.00000  0.05%   108 2335s
 1148129 131203 7516.00000  140    3 7512.00000 7516.00000  0.05%   108 2340s
 1152090 131505 7516.00000  136   17 7512.00000 7516.00000  0.05%   108 2346s
 1154363 131676     cutoff  138      7512.00000 7516.00000  0.05%   108 2350s
 1158204 132060 7516.00000  142   31 7512.00000 7516.00000  0.05%   108 2356s
 1160767 132258     cutoff  129      7512.00000 7516.00000  0.05%   108 2360s
 1164537 132518 7516.00000  133   58 7512.00000 7516.00000  0.05%   108 2365s
 1167137 132776 7516.00000  131   60 7512.00000 7516.00000  0.05%   108 2371s
 1170840 133005 7514.28571  140   57 7512.00000 7516.00000  0.05%   108 2376s
 1173447 133255     cutoff  146      7512.00000 7516.00000  0.05%   108 2380s
 1177148 133491     cutoff  132      7512.00000 7516.00000  0.05%   108 2386s
 1179656 133670 7516.00000  138   61 7512.00000 7516.00000  0.05%   108 2390s
 1183587 133987     cutoff  136      7512.00000 7516.00000  0.05%   108 2395s
 1186116 134224     cutoff  139      7512.00000 7516.00000  0.05%   108 2401s
 1189576 134460 7516.00000  134    3 7512.00000 7516.00000  0.05%   108 2406s
 1192154 134727     cutoff  148      7512.00000 7516.00000  0.05%   108 2410s
 1196068 135090     cutoff  128      7512.00000 7516.00000  0.05%   108 2416s
 1198588 135264 7516.00000  135   31 7512.00000 7516.00000  0.05%   107 2420s
 1202491 135688 7516.00000  127    3 7512.00000 7516.00000  0.05%   107 2427s
 1204749 135955     cutoff  139      7512.00000 7516.00000  0.05%   107 2431s
 1207564 136264     cutoff  130      7512.00000 7516.00000  0.05%   107 2435s
 1210985 136779     cutoff  140      7512.00000 7516.00000  0.05%   107 2440s
 1213291 137082 7514.50000  139   67 7512.00000 7516.00000  0.05%   107 2445s
 1217249 137616 7516.00000  142   21 7512.00000 7516.00000  0.05%   107 2451s
 1219828 137998 7516.00000  119    3 7512.00000 7516.00000  0.05%   107 2455s
 1222396 138360 7516.00000  135   17 7512.00000 7516.00000  0.05%   107 2460s
 1226242 138723     cutoff  132      7512.00000 7516.00000  0.05%   107 2466s
 1228805 138958 7516.00000  140   60 7512.00000 7516.00000  0.05%   107 2470s
 1232556 139355 7516.00000  138   61 7512.00000 7516.00000  0.05%   107 2476s
 1235256 139594 7516.00000  137   61 7512.00000 7516.00000  0.05%   107 2480s
 1238841 139840 7516.00000  137   17 7512.00000 7516.00000  0.05%   107 2486s
 1240135 139964     cutoff  142      7512.00000 7516.00000  0.05%   107 2490s
 1243985 140348 7516.00000  138   17 7512.00000 7516.00000  0.05%   107 2495s
 1247429 140789 7516.00000  137   65 7512.00000 7516.00000  0.05%   107 2501s
 1249940 141090     cutoff  127      7512.00000 7516.00000  0.05%   107 2505s
 1253714 141468     cutoff  137      7512.00000 7516.00000  0.05%   107 2512s
 1256339 141657     cutoff  140      7512.00000 7516.00000  0.05%   107 2516s
 1258714 141964 7516.00000  126    3 7512.00000 7516.00000  0.05%   107 2521s
 1261132 142187 7516.00000  140    3 7512.00000 7516.00000  0.05%   107 2525s
 1264826 142592     cutoff  137      7512.00000 7516.00000  0.05%   107 2531s
 1266979 142789 7516.00000  135    3 7512.00000 7516.00000  0.05%   107 2535s
 1270891 143133 7516.00000  126    3 7512.00000 7516.00000  0.05%   107 2541s
 1273631 143458     cutoff  142      7512.00000 7516.00000  0.05%   107 2545s
 1277675 143998 7516.00000  140   31 7512.00000 7516.00000  0.05%   107 2552s
 1280254 144245     cutoff  131      7512.00000 7516.00000  0.05%   107 2556s
 1282649 144640     cutoff  146      7512.00000 7516.00000  0.05%   107 2560s
 1286597 145194     cutoff  137      7512.00000 7516.00000  0.05%   107 2566s
 1290471 145780 7516.00000  132    3 7512.00000 7516.00000  0.05%   106 2571s
 1292964 146122 7516.00000  136   60 7512.00000 7516.00000  0.05%   106 2575s
 1295407 146469 7516.00000  135    3 7512.00000 7516.00000  0.05%   106 2580s
 1299094 146817 7516.00000  130    5 7512.00000 7516.00000  0.05%   106 2586s
 1302944 147295     cutoff  138      7512.00000 7516.00000  0.05%   106 2591s
 1305518 147604     cutoff  140      7512.00000 7516.00000  0.05%   106 2595s
 1308878 147984 7514.00000  145   27 7512.00000 7516.00000  0.05%   106 2601s
 1311494 148372 7516.00000  125   66 7512.00000 7516.00000  0.05%   106 2605s
 1314030 148750 7514.00000  137   31 7512.00000 7516.00000  0.05%   106 2611s
 1316233 149101 7516.00000  144   15 7512.00000 7516.00000  0.05%   106 2615s
 1320471 149797 7516.00000  131   57 7512.00000 7516.00000  0.05%   106 2621s
 1323065 150236 7514.00000  137   27 7512.00000 7516.00000  0.05%   106 2625s
 1326863 150775 7516.00000  128    3 7512.00000 7516.00000  0.05%   106 2630s
 1330751 151247 7516.00000  139   31 7512.00000 7516.00000  0.05%   106 2636s
 1332013 151369     cutoff  133      7512.00000 7516.00000  0.05%   106 2640s
 1335893 151796 7516.00000  138   21 7512.00000 7516.00000  0.05%   106 2645s
 1339897 152097     cutoff  109      7512.00000 7516.00000  0.05%   106 2651s
 1342044 152345     cutoff  142      7512.00000 7516.00000  0.05%   106 2655s
 1346062 152697 7516.00000  134   17 7512.00000 7516.00000  0.05%   106 2661s
 1349966 153108 7516.00000  130    3 7512.00000 7516.00000  0.05%   106 2668s
 1351340 153232     cutoff  139      7512.00000 7516.00000  0.05%   106 2670s
 1355049 153594 7516.00000  127    3 7512.00000 7516.00000  0.05%   106 2675s
 1358772 153842 7516.00000  137   17 7512.00000 7516.00000  0.05%   106 2681s
 1362108 154014 7516.00000  132   60 7512.00000 7516.00000  0.05%   106 2685s
 1365015 154311     cutoff  140      7512.00000 7516.00000  0.05%   105 2690s
 1367643 154538     cutoff  133      7512.00000 7516.00000  0.05%   105 2696s
 1371496 154808     cutoff  136      7512.00000 7516.00000  0.05%   105 2701s
 1373850 154953 7516.00000  130   57 7512.00000 7516.00000  0.05%   105 2705s
 1376888 155311     cutoff  128      7512.00000 7516.00000  0.05%   105 2710s
 1379761 155743 7516.00000  139    5 7512.00000 7516.00000  0.05%   105 2715s
 1383809 156291 7516.00000  141    3 7512.00000 7516.00000  0.05%   105 2720s
 1386394 156493     cutoff  142      7512.00000 7516.00000  0.05%   105 2726s
 1389935 156867 7516.00000  126    3 7512.00000 7516.00000  0.05%   105 2731s
 1392538 157313 7516.00000  104   21 7512.00000 7516.00000  0.05%   105 2735s
 1396599 157835 7516.00000  140   57 7512.00000 7516.00000  0.05%   105 2741s
 1399076 158073     cutoff  129      7512.00000 7516.00000  0.05%   105 2745s
 1402979 158499 7516.00000  137   66 7512.00000 7516.00000  0.05%   105 2750s
 1405529 158709 7516.00000  142    3 7512.00000 7516.00000  0.05%   105 2755s
 1407458 159043 7516.00000  118    3 7512.00000 7516.00000  0.05%   105 2760s
 1411746 159346     cutoff  141      7512.00000 7516.00000  0.05%   105 2766s
 1414309 159635     cutoff  142      7512.00000 7516.00000  0.05%   105 2770s
 1418451 160173     cutoff  139      7512.00000 7516.00000  0.05%   105 2776s
 1421110 160679     cutoff  136      7512.00000 7516.00000  0.05%   105 2780s
 1423780 161120 7516.00000  145   31 7512.00000 7516.00000  0.05%   105 2785s
 1427646 161640 7516.00000  143    3 7512.00000 7516.00000  0.05%   105 2791s
 1430296 161937     cutoff  157      7512.00000 7516.00000  0.05%   105 2795s
 1433491 162654 7516.00000  140   62 7512.00000 7516.00000  0.05%   105 2801s
 1436224 163049     cutoff  118      7512.00000 7516.00000  0.05%   105 2805s
 1440070 163659 7516.00000  141   59 7512.00000 7516.00000  0.05%   104 2810s
 1442700 164052     cutoff  143      7512.00000 7516.00000  0.05%   104 2815s
 1446327 164635 7516.00000  148   17 7512.00000 7516.00000  0.05%   104 2821s
 1448979 164937     cutoff  149      7512.00000 7516.00000  0.05%   104 2825s
 1452724 165454 7516.00000  145   31 7512.00000 7516.00000  0.05%   104 2830s
 1456430 165890 7516.00000  138    3 7512.00000 7516.00000  0.05%   104 2836s
 1460162 166752 7516.00000  132    5 7512.00000 7516.00000  0.05%   104 2843s
 1461387 166954     cutoff  137      7512.00000 7516.00000  0.05%   104 2845s
 1465192 167596 7516.00000  117    3 7512.00000 7516.00000  0.05%   104 2851s
 1468934 168090 7516.00000  139   59 7512.00000 7516.00000  0.05%   104 2856s
 1471427 168290 7516.00000  139   19 7512.00000 7516.00000  0.05%   104 2860s
 1475134 168856     cutoff  140      7512.00000 7516.00000  0.05%   104 2866s
 1477592 169098 7516.00000  137    3 7512.00000 7516.00000  0.05%   104 2870s
 1480023 169401     cutoff  141      7512.00000 7516.00000  0.05%   104 2875s
 1482662 169786 7516.00000  124    3 7512.00000 7516.00000  0.05%   104 2880s
 1485685 170127     cutoff  139      7512.00000 7516.00000  0.05%   104 2885s
 1489110 170384 7516.00000  128    5 7512.00000 7516.00000  0.05%   104 2890s
 1492529 170872 7516.00000  138   63 7512.00000 7516.00000  0.05%   104 2896s
 1494743 171171     cutoff  142      7512.00000 7516.00000  0.05%   104 2900s
 1497496 171477     cutoff  139      7512.00000 7516.00000  0.05%   104 2905s
 1501281 171871 7516.00000  137    3 7512.00000 7516.00000  0.05%   104 2911s
 1503918 172289     cutoff  142      7512.00000 7516.00000  0.05%   104 2915s
 1507595 172833     cutoff  136      7512.00000 7516.00000  0.05%   104 2921s
 1510165 173168 7516.00000  137   65 7512.00000 7516.00000  0.05%   104 2925s
 1514168 173829     cutoff  139      7512.00000 7516.00000  0.05%   104 2931s
 1515499 174067 7516.00000  133    3 7512.00000 7516.00000  0.05%   104 2935s
 1519272 174583     cutoff  146      7512.00000 7516.00000  0.05%   104 2940s
 1522952 175003 7514.93333  134   91 7512.00000 7516.00000  0.05%   104 2946s
 1525004 175385     cutoff  143      7512.00000 7516.00000  0.05%   104 2950s
 1528886 175939 7514.87500  138   75 7512.00000 7516.00000  0.05%   104 2956s
 1531384 176243     cutoff  143      7512.00000 7516.00000  0.05%   104 2960s
 1533893 176592     cutoff  123      7512.00000 7516.00000  0.05%   103 2965s
 1537720 177087     cutoff  137      7512.00000 7516.00000  0.05%   103 2971s
 1540237 177479 7516.00000  131    3 7512.00000 7516.00000  0.05%   103 2975s
 1544005 177841     cutoff  139      7512.00000 7516.00000  0.05%   103 2980s
 1547561 177982 7516.00000  136   31 7512.00000 7516.00000  0.05%   103 2986s
 1550072 178119 7516.00000  142   21 7512.00000 7516.00000  0.05%   103 2990s
 1552441 178637 7516.00000  136   17 7512.00000 7516.00000  0.05%   103 2995s
 1556500 179008     cutoff  134      7512.00000 7516.00000  0.05%   103 3001s
 1558734 179343     cutoff  142      7512.00000 7516.00000  0.05%   103 3005s
 1562605 179739 7515.25000  141   71 7512.00000 7516.00000  0.05%   103 3011s
 1565245 180075     cutoff  131      7512.00000 7516.00000  0.05%   103 3015s
 1569525 180307     cutoff  138      7512.00000 7516.00000  0.05%   103 3021s
 1570891 180404     cutoff  140      7512.00000 7516.00000  0.05%   103 3025s
 1574868 180917 7514.00000  136   24 7512.00000 7516.00000  0.05%   103 3030s
 1578763 181193     cutoff  136      7512.00000 7516.00000  0.05%   103 3036s
 1582305 181534     cutoff   96      7512.00000 7516.00000  0.05%   103 3041s
 1584570 181729 7514.00000  138   27 7512.00000 7516.00000  0.05%   103 3046s
 1586176 182077     cutoff  145      7512.00000 7516.00000  0.05%   103 3051s
 1588794 182318 7516.00000  141    3 7512.00000 7516.00000  0.05%   103 3056s
 1591447 182612 7514.00000  141   27 7512.00000 7516.00000  0.05%   103 3060s
 1595288 183066     cutoff  106      7512.00000 7516.00000  0.05%   103 3066s
 1598763 183433     cutoff  141      7512.00000 7516.00000  0.05%   102 3071s
 1601284 183629     cutoff  144      7512.00000 7516.00000  0.05%   102 3075s
 1605024 184000 7516.00000  137   58 7512.00000 7516.00000  0.05%   102 3080s
 1607538 184220 7514.00000  147   27 7512.00000 7516.00000  0.05%   102 3086s
 1611453 184636 7516.00000  138   69 7512.00000 7516.00000  0.05%   102 3091s
 1613647 184996 7516.00000  143   58 7512.00000 7516.00000  0.05%   102 3095s
 1617626 185618     cutoff  146      7512.00000 7516.00000  0.05%   102 3101s
 1620277 186054 7516.00000  146   58 7512.00000 7516.00000  0.05%   102 3105s
 1624201 186587     cutoff  135      7512.00000 7516.00000  0.05%   102 3110s
 1626920 187007 7516.00000  142   31 7512.00000 7516.00000  0.05%   102 3116s
 1629437 187381     cutoff  134      7512.00000 7516.00000  0.05%   102 3120s
 1633277 187983     cutoff  135      7512.00000 7516.00000  0.05%   102 3125s
 1636984 188449 7516.00000  139   23 7512.00000 7516.00000  0.05%   102 3131s
 1639796 188718     cutoff  134      7512.00000 7516.00000  0.05%   102 3135s
 1643503 189089     cutoff  123      7512.00000 7516.00000  0.05%   102 3142s
 1646156 189397 7516.00000  155   19 7512.00000 7516.00000  0.05%   102 3146s
 1648480 189671     cutoff  141      7512.00000 7516.00000  0.05%   102 3150s
 1652419 189940     cutoff  134      7512.00000 7516.00000  0.05%   102 3156s
 1655005 190185 7516.00000  144   17 7512.00000 7516.00000  0.05%   102 3160s
 1658668 190394     cutoff  133      7512.00000 7516.00000  0.05%   102 3165s
 1662337 190784 7516.00000  134    3 7512.00000 7516.00000  0.05%   101 3173s
 1664862 191077 7516.00000  133    5 7512.00000 7516.00000  0.05%   101 3176s
 1667467 191301     cutoff  142      7512.00000 7516.00000  0.05%   101 3180s
 1671196 191779 7516.00000  128   17 7512.00000 7516.00000  0.05%   101 3186s
 1673505 192110 7516.00000  139   21 7512.00000 7516.00000  0.05%   101 3190s
 1677201 192536     cutoff  114      7512.00000 7516.00000  0.05%   101 3196s
 1679870 192794 7516.00000  104    3 7512.00000 7516.00000  0.05%   101 3200s
 1682130 193208     cutoff  129      7512.00000 7516.00000  0.05%   101 3205s
 1684984 193460 7516.00000  134    3 7512.00000 7516.00000  0.05%   101 3210s
 1688704 194141 7516.00000  137    3 7512.00000 7516.00000  0.05%   101 3216s
 1692616 194613 7516.00000  134    3 7512.00000 7516.00000  0.05%   101 3220s
 1695209 195154     cutoff  139      7512.00000 7516.00000  0.05%   101 3225s
 1699083 195609 7516.00000  139   60 7512.00000 7516.00000  0.05%   101 3233s
 1700365 195803     cutoff  138      7512.00000 7516.00000  0.05%   101 3235s
 1704156 196355 7516.00000  133   17 7512.00000 7516.00000  0.05%   101 3240s
 1707771 196968 7516.00000  135   17 7512.00000 7516.00000  0.05%   101 3246s
 1710435 197342     cutoff  137      7512.00000 7516.00000  0.05%   101 3250s
 1714293 197843     cutoff  131      7512.00000 7516.00000  0.05%   101 3256s
 1716981 198143     cutoff  132      7512.00000 7516.00000  0.05%   101 3262s
 1718701 198297     cutoff  140      7512.00000 7516.00000  0.05%   101 3265s
 1722217 198645     cutoff  140      7512.00000 7516.00000  0.05%   101 3271s
 1724968 198929     cutoff  139      7512.00000 7516.00000  0.05%   101 3275s
 1728674 199291     cutoff  126      7512.00000 7516.00000  0.05%   101 3281s
 1731195 199527 7516.00000  138   58 7512.00000 7516.00000  0.05%   101 3285s
 1734917 199969 7516.00000  144   17 7512.00000 7516.00000  0.05%   101 3293s
 1736293 200097 7516.00000  145   17 7512.00000 7516.00000  0.05%   101 3295s
 1740072 200351 7516.00000  147    3 7512.00000 7516.00000  0.05%   101 3300s
 1743876 200694 7516.00000  136    3 7512.00000 7516.00000  0.05%   101 3306s
 1746427 200921     cutoff  153      7512.00000 7516.00000  0.05%   101 3310s
 1750065 201300 7514.06452  134   24 7512.00000 7516.00000  0.05%   101 3316s
 1752671 201558 7516.00000   91   27 7512.00000 7516.00000  0.05%   101 3321s
 1755348 202023 7516.00000  134    3 7512.00000 7516.00000  0.05%   101 3325s
 1759170 202601 7516.00000  139   19 7512.00000 7516.00000  0.05%   101 3331s
 1761777 202895 7516.00000   94   80 7512.00000 7516.00000  0.05%   101 3335s
 1765199 203489 7516.00000  138   17 7512.00000 7516.00000  0.05%   100 3340s
 1768680 204176 7516.00000  138    3 7512.00000 7516.00000  0.05%   100 3346s
 1771411 204997 7516.00000  129    3 7512.00000 7516.00000  0.05%   100 3352s
 1774009 205690 7516.00000  138   17 7512.00000 7516.00000  0.05%   100 3356s
 1777685 206505 7516.00000  125   23 7512.00000 7516.00000  0.05%   100 3361s
 1780240 207108 7516.00000  145   35 7512.00000 7516.00000  0.05%   100 3365s
 1784052 207947     cutoff  129      7512.00000 7516.00000  0.05%   100 3370s
 1787712 208492     cutoff  144      7512.00000 7516.00000  0.05%   100 3376s
 1789826 208792     cutoff  151      7512.00000 7516.00000  0.05%   100 3381s
 1792409 209140 7516.00000  145   58 7512.00000 7516.00000  0.05%   100 3385s
 1796255 209812 7516.00000  139    3 7512.00000 7516.00000  0.05%   100 3391s
 1798806 210189     cutoff  144      7512.00000 7516.00000  0.05%   100 3395s
 1802736 210786 7516.00000  140   58 7512.00000 7516.00000  0.05%   100 3401s
 1805215 211161     cutoff  141      7512.00000 7516.00000  0.05%   100 3405s
 1807699 211506 7516.00000  123   58 7512.00000 7516.00000  0.05%   100 3410s
 1811451 211990 7516.00000  138   67 7512.00000 7516.00000  0.05%   100 3416s
 1813954 212255     cutoff  137      7512.00000 7516.00000  0.05%   100 3420s
 1817830 212667 7516.00000  130   66 7512.00000 7516.00000  0.05%   100 3425s
 1819742 212867     cutoff  124      7512.00000 7516.00000  0.05%   100 3430s
 1823665 213248 7516.00000  136    7 7512.00000 7516.00000  0.05%   100 3436s
 1826206 213438 7516.00000  132    5 7512.00000 7516.00000  0.05%   100 3441s
 1828665 213638 7515.25000  137   71 7512.00000 7516.00000  0.05%   100 3445s
 1831575 213854 7516.00000  111    3 7512.00000 7516.00000  0.05%   100 3450s
 1835314 214348 7516.00000  133   23 7512.00000 7516.00000  0.05%   100 3456s
 1838625 214676     cutoff  144      7512.00000 7516.00000  0.05%   100 3461s
 1841217 214956     cutoff  144      7512.00000 7516.00000  0.05%   100 3466s
 1843462 215245 7516.00000  137    3 7512.00000 7516.00000  0.05%   100 3471s
 1845373 215397 7516.00000  137    3 7512.00000 7516.00000  0.05%   100 3475s
 1849821 215738     cutoff  143      7512.00000 7516.00000  0.05%   100 3480s
 1853765 216005 7516.00000  136    3 7512.00000 7516.00000  0.05%  99.5 3485s
 1857728 216346     cutoff  137      7512.00000 7516.00000  0.05%  99.4 3490s
 1861439 216615 7516.00000  142   15 7512.00000 7516.00000  0.05%  99.3 3495s
 1864012 216867 7516.00000  146   31 7512.00000 7516.00000  0.05%  99.2 3501s
 1868300 217161 7516.00000  134    3 7512.00000 7516.00000  0.05%  99.1 3506s
 1872198 217545     cutoff  140      7512.00000 7516.00000  0.05%  99.1 3511s
 1876076 217702     cutoff  144      7512.00000 7516.00000  0.05%  99.0 3516s
 1878472 217921 7516.00000  140    3 7512.00000 7516.00000  0.05%  98.9 3520s
 1882224 218281     cutoff  142      7512.00000 7516.00000  0.05%  98.9 3527s
 1885155 218438 7516.00000  145    3 7512.00000 7516.00000  0.05%  98.8 3530s
 1888770 218682 7516.00000  149   17 7512.00000 7516.00000  0.05%  98.8 3535s
 1892492 219097     cutoff  138      7512.00000 7516.00000  0.05%  98.7 3541s
 1895853 219460     cutoff  131      7512.00000 7516.00000  0.05%  98.7 3546s
 1899573 219879     cutoff  133      7512.00000 7516.00000  0.05%  98.7 3551s
 1900821 219967 7516.00000  137   21 7512.00000 7516.00000  0.05%  98.6 3555s
 1904741 220256 7516.00000  137   17 7512.00000 7516.00000  0.05%  98.6 3560s
 1907936 220632     cutoff  141      7512.00000 7516.00000  0.05%  98.6 3565s
 1911093 221137 7516.00000  143   21 7512.00000 7516.00000  0.05%  98.5 3571s
 1913935 221354     cutoff  134      7512.00000 7516.00000  0.05%  98.5 3575s
 1916477 221706 7516.00000  119    3 7512.00000 7516.00000  0.05%  98.5 3580s
 1919446 222058     cutoff  140      7512.00000 7516.00000  0.05%  98.4 3585s
 1923454 222490     cutoff  136      7512.00000 7516.00000  0.05%  98.4 3591s
 1925779 222792     cutoff  110      7512.00000 7516.00000  0.05%  98.4 3595s
 1929836 223346 7516.00000  134   31 7512.00000 7516.00000  0.05%  98.3 3600s

Cutting planes:
  Learned: 19
  Cover: 162
  Implied bound: 224
  Projected implied bound: 33
  Clique: 54
  MIR: 98
  Mixing: 9
  StrongCG: 1
  Flow cover: 559
  GUB cover: 55
  Zero half: 34
  RLT: 1
  Relax-and-lift: 204

Explored 1930535 nodes (189790111 simplex iterations) in 3600.16 seconds (5264.37 work units)
Thread count was 20 (of 20 available processors)

Solution count 10: 7512 7504 7488 ... 7284

Time limit reached
Best objective 7.512000000000e+03, best bound 7.516000000000e+03, gap 0.0532%
