4
10 10 20
10 10 20
10 10 20
10 10 20
0 0 0 9 8 5 4 13 0
0 0 5 9 8 5 4 13 0
0 0 10 9 8 5 4 13 0
0 0 15 9 8 5 4 13 0
17 0 16 3 6 4 1 2 1
15 0 0 5 9 8 3 11 1
15 0 8 5 9 8 3 11 1
10 0 0 5 9 8 3 11 1
10 0 12 5 9 8 3 11 1
0 10 16 3 6 4 1 2 2
0 10 0 5 9 8 3 11 2
0 10 8 5 9 8 3 11 2
5 10 0 5 9 8 3 11 2
5 10 8 5 9 8 3 11 2
11 10 0 9 9 2 0 1 3
11 10 2 9 9 2 0 1 3
11 10 4 9 9 2 0 1 3
11 10 6 9 9 2 0 1 3
11 10 8 9 9 2 0 1 3
11 10 10 9 9 2 0 1 3
11 10 12 9 9 2 0 1 3
11 10 14 9 9 2 0 1 3
11 10 16 9 9 2 0 1 3
11 10 18 9 9 2 0 1 3
