4
10 10 20
10 10 20
10 10 20
10 10 20
0 0 0 9 2 6 1 4 0
0 0 6 9 2 6 1 4 0
0 0 14 9 2 6 1 4 0
0 2 0 9 2 6 1 4 0
0 2 7 9 2 6 1 4 0
0 2 14 9 2 6 1 4 0
0 4 0 9 2 6 1 4 0
0 4 6 9 2 6 1 4 0
0 4 12 9 2 6 1 4 0
0 6 0 9 2 6 1 4 0
0 6 6 9 2 6 1 4 0
0 6 12 9 2 6 1 4 0
0 8 0 9 2 6 1 4 0
0 8 7 9 2 6 1 4 0
0 8 14 9 2 6 1 4 0
11 0 0 9 2 6 1 4 1
11 0 6 9 2 6 1 4 1
11 0 14 9 2 6 1 4 1
11 2 0 9 2 6 1 4 1
11 2 6 9 2 6 1 4 1
11 2 14 9 2 6 1 4 1
11 4 0 9 2 6 1 4 1
11 4 6 9 2 6 1 4 1
11 4 14 9 2 6 1 4 1
11 6 0 9 2 6 1 4 1
11 6 6 9 2 6 1 4 1
11 6 14 9 2 6 1 4 1
11 8 0 9 2 6 1 4 1
11 8 6 9 2 6 1 4 1
11 8 14 9 2 6 1 4 1
0 10 0 5 3 5 0 0 2
0 10 5 5 3 5 0 0 2
0 10 10 5 3 5 0 0 2
0 10 15 5 3 5 0 0 2
0 13 0 5 3 5 0 0 2
0 13 5 5 3 5 0 0 2
0 13 10 5 3 5 0 0 2
0 13 15 5 3 5 0 0 2
0 17 0 5 3 5 0 0 2
0 17 5 5 3 5 0 0 2
0 17 10 5 3 5 0 0 2
0 17 15 5 3 5 0 0 2
5 10 0 5 3 5 0 0 2
5 10 5 5 3 5 0 0 2
5 10 10 5 3 5 0 0 2
5 10 15 5 3 5 0 0 2
5 13 0 5 3 5 0 0 2
5 13 5 5 3 5 0 0 2
5 13 10 5 3 5 0 0 2
5 13 15 5 3 5 0 0 2
5 17 0 5 3 5 0 0 2
5 17 5 5 3 5 0 0 2
5 17 10 5 3 5 0 0 2
5 17 15 5 3 5 0 0 2
11 10 0 9 4 5 3 9 3
11 10 5 9 4 5 3 9 3
11 10 10 9 4 5 3 9 3
11 10 15 9 4 5 3 9 3
11 16 0 9 4 5 3 9 3
11 16 5 9 4 5 3 9 3
11 16 10 9 4 5 3 9 3
11 16 15 9 4 5 3 9 3
