4
10 10 20
10 10 20
10 10 20
10 10 20
0 3 0 2 4 2 0 1 0
0 3 2 2 4 2 0 1 0
0 3 4 2 4 2 0 1 0
0 3 6 2 4 2 0 1 0
0 3 8 2 4 2 0 1 0
0 3 10 2 4 2 0 1 0
0 3 12 2 4 2 0 1 0
0 3 14 2 4 2 0 1 0
0 3 16 2 4 2 0 1 0
0 3 18 2 4 2 0 1 0
2 0 0 2 4 2 0 1 0
2 0 2 2 4 2 0 1 0
2 3 4 2 4 2 0 1 0
2 3 6 2 4 2 0 1 0
2 3 8 2 4 2 0 1 0
2 3 10 2 4 2 0 1 0
2 3 12 2 4 2 0 1 0
2 3 14 2 4 2 0 1 0
2 3 16 2 4 2 0 1 0
2 3 18 2 4 2 0 1 0
0 0 0 2 3 4 3 11 0
0 0 4 2 3 4 3 11 0
0 0 8 2 3 4 3 11 0
0 0 12 2 3 4 3 11 0
0 0 16 2 3 4 3 11 0
0 7 0 2 3 4 3 11 0
0 7 4 2 3 4 3 11 0
0 7 8 2 3 4 3 11 0
0 7 12 2 3 4 3 11 0
0 7 16 2 3 4 3 11 0
2 0 4 2 3 4 3 11 0
2 0 8 2 3 4 3 11 0
2 0 12 2 3 4 3 11 0
2 0 16 2 3 4 3 11 0
2 4 0 2 3 4 3 11 0
4 0 0 2 3 4 3 11 0
4 0 4 2 3 4 3 11 0
4 0 8 2 3 4 3 11 0
4 0 12 2 3 4 3 11 0
4 0 16 2 3 4 3 11 0
4 3 4 2 3 4 3 11 0
4 3 12 2 3 4 3 11 0
4 4 0 2 3 4 3 11 0
4 4 8 2 3 4 3 11 0
4 4 16 2 3 4 3 11 0
2 7 0 4 3 5 4 14 0
2 7 5 4 3 5 4 14 0
2 7 10 4 3 5 4 14 0
2 7 15 4 3 5 4 14 0
6 0 0 4 3 5 4 14 0
6 0 5 4 3 5 4 14 0
6 0 10 4 3 5 4 14 0
6 0 15 4 3 5 4 14 0
6 3 5 4 3 5 4 14 0
6 3 10 4 3 5 4 14 0
6 3 15 4 3 5 4 14 0
6 4 0 4 3 5 4 14 0
6 7 0 4 3 5 4 14 0
6 7 5 4 3 5 4 14 0
6 7 10 4 3 5 4 14 0
6 7 15 4 3 5 4 14 0
18 0 0 2 4 2 0 1 1
18 0 2 2 4 2 0 1 1
18 0 4 2 4 2 0 1 1
18 0 6 2 4 2 0 1 1
18 0 8 2 4 2 0 1 1
18 0 10 2 4 2 0 1 1
18 0 12 2 4 2 0 1 1
18 0 14 2 4 2 0 1 1
18 0 16 2 4 2 0 1 1
18 0 18 2 4 2 0 1 1
16 0 0 2 4 2 0 1 1
16 0 2 2 4 2 0 1 1
16 0 4 2 4 2 0 1 1
16 0 6 2 4 2 0 1 1
16 0 8 2 4 2 0 1 1
16 0 10 2 4 2 0 1 1
16 0 12 2 4 2 0 1 1
16 0 14 2 4 2 0 1 1
16 0 16 2 4 2 0 1 1
16 0 18 2 4 2 0 1 1
12 4 0 8 6 5 2 6 1
12 4 5 8 6 5 2 6 1
12 4 10 8 6 5 2 6 1
12 4 15 8 6 5 2 6 1
14 0 0 2 3 4 3 11 1
14 0 4 2 3 4 3 11 1
14 0 8 2 3 4 3 11 1
14 0 12 2 3 4 3 11 1
14 0 16 2 3 4 3 11 1
10 3 0 2 3 4 3 11 1
10 3 4 2 3 4 3 11 1
10 3 8 2 3 4 3 11 1
10 3 12 2 3 4 3 11 1
10 3 16 2 3 4 3 11 1
10 6 0 2 3 4 3 11 1
10 7 4 2 3 4 3 11 1
10 7 8 2 3 4 3 11 1
10 7 12 2 3 4 3 11 1
10 7 16 2 3 4 3 11 1
10 0 0 4 3 5 4 14 1
10 0 5 4 3 5 4 14 1
10 0 10 4 3 5 4 14 1
10 0 15 4 3 5 4 14 1
0 10 0 2 4 2 0 1 2
0 10 18 2 4 2 0 1 2
0 13 4 2 4 2 0 1 2
0 13 6 2 4 2 0 1 2
0 13 8 2 4 2 0 1 2
0 13 10 2 4 2 0 1 2
0 13 12 2 4 2 0 1 2
0 13 14 2 4 2 0 1 2
2 16 0 2 4 2 0 1 2
2 16 2 2 4 2 0 1 2
2 16 4 2 4 2 0 1 2
2 16 6 2 4 2 0 1 2
2 16 8 2 4 2 0 1 2
2 16 10 2 4 2 0 1 2
2 16 12 2 4 2 0 1 2
2 16 14 2 4 2 0 1 2
2 16 16 2 4 2 0 1 2
2 16 18 2 4 2 0 1 2
0 10 2 2 3 4 3 11 2
0 10 6 2 3 4 3 11 2
0 10 10 2 3 4 3 11 2
0 10 14 2 3 4 3 11 2
0 14 0 2 3 4 3 11 2
0 14 16 2 3 4 3 11 2
0 17 0 2 3 4 3 11 2
0 17 4 2 3 4 3 11 2
0 17 8 2 3 4 3 11 2
0 17 12 2 3 4 3 11 2
0 17 16 2 3 4 3 11 2
4 17 0 2 3 4 3 11 2
4 17 4 2 3 4 3 11 2
4 17 8 2 3 4 3 11 2
4 17 12 2 3 4 3 11 2
4 17 16 2 3 4 3 11 2
2 10 0 4 3 5 4 14 2
2 10 5 4 3 5 4 14 2
2 10 10 4 3 5 4 14 2
2 10 15 4 3 5 4 14 2
2 13 0 4 3 5 4 14 2
2 13 5 4 3 5 4 14 2
2 13 10 4 3 5 4 14 2
2 13 15 4 3 5 4 14 2
6 10 0 4 3 5 4 14 2
6 10 5 4 3 5 4 14 2
6 10 10 4 3 5 4 14 2
6 10 15 4 3 5 4 14 2
6 13 0 4 3 5 4 14 2
6 13 5 4 3 5 4 14 2
6 13 10 4 3 5 4 14 2
6 13 15 4 3 5 4 14 2
6 17 0 4 3 5 4 14 2
6 17 5 4 3 5 4 14 2
6 17 10 4 3 5 4 14 2
6 17 15 4 3 5 4 14 2
18 10 4 2 4 2 0 1 3
18 10 6 2 4 2 0 1 3
18 13 0 2 4 2 0 1 3
18 13 2 2 4 2 0 1 3
18 13 8 2 4 2 0 1 3
18 13 10 2 4 2 0 1 3
18 13 12 2 4 2 0 1 3
18 13 14 2 4 2 0 1 3
18 13 16 2 4 2 0 1 3
18 13 18 2 4 2 0 1 3
16 13 0 2 4 2 0 1 3
16 13 2 2 4 2 0 1 3
16 13 8 2 4 2 0 1 3
16 13 10 2 4 2 0 1 3
16 13 16 2 4 2 0 1 3
16 13 18 2 4 2 0 1 3
16 16 4 2 4 2 0 1 3
16 16 6 2 4 2 0 1 3
16 16 12 2 4 2 0 1 3
16 16 14 2 4 2 0 1 3
18 10 0 2 3 4 3 11 3
18 10 8 2 3 4 3 11 3
18 10 12 2 3 4 3 11 3
18 10 16 2 3 4 3 11 3
18 14 4 2 3 4 3 11 3
18 17 0 2 3 4 3 11 3
18 17 4 2 3 4 3 11 3
18 17 8 2 3 4 3 11 3
18 17 12 2 3 4 3 11 3
18 17 16 2 3 4 3 11 3
16 13 4 2 3 4 3 11 3
16 13 12 2 3 4 3 11 3
16 17 0 2 3 4 3 11 3
16 17 8 2 3 4 3 11 3
16 17 16 2 3 4 3 11 3
14 13 0 2 3 4 3 11 3
14 13 8 2 3 4 3 11 3
14 13 12 2 3 4 3 11 3
14 14 4 2 3 4 3 11 3
14 14 16 2 3 4 3 11 3
14 17 0 2 3 4 3 11 3
14 17 4 2 3 4 3 11 3
14 17 8 2 3 4 3 11 3
14 17 12 2 3 4 3 11 3
14 17 16 2 3 4 3 11 3
14 10 0 4 3 5 4 14 3
14 10 5 4 3 5 4 14 3
14 10 10 4 3 5 4 14 3
14 10 15 4 3 5 4 14 3
10 10 0 4 3 5 4 14 3
10 10 5 4 3 5 4 14 3
10 10 10 4 3 5 4 14 3
10 10 15 4 3 5 4 14 3
10 13 0 4 3 5 4 14 3
10 13 5 4 3 5 4 14 3
10 13 10 4 3 5 4 14 3
10 14 15 4 3 5 4 14 3
10 17 0 4 3 5 4 14 3
10 17 5 4 3 5 4 14 3
10 17 10 4 3 5 4 14 3
10 17 15 4 3 5 4 14 3
