11 12 10
0 9 1 2 3 3 0
3 9 0 2 3 3 0
6 8 1 2 3 3 0
6 8 4 2 3 3 0
6 8 7 2 3 3 0
9 8 0 2 3 3 0
9 8 3 2 3 3 0
9 8 6 2 3 3 0
0 0 8 4 2 2 0
0 5 0 4 2 2 0
0 8 8 4 2 2 0
1 0 6 4 2 2 0
1 4 4 4 2 2 0
1 5 2 4 2 2 0
1 8 6 4 2 2 0
6 1 6 4 2 2 0
6 1 8 4 2 2 0
6 4 0 4 2 2 0
6 5 4 4 2 2 0
7 4 2 4 2 2 0
0 1 0 4 1 4 0
0 4 0 4 1 4 0
1 0 2 4 1 4 0
1 2 0 4 1 4 0
1 2 4 4 1 4 0
1 5 6 4 1 4 0
1 6 4 4 1 4 0
1 11 6 4 1 4 0
6 0 0 4 1 4 0
6 1 2 4 1 4 0
6 4 4 4 1 4 0
6 6 0 4 1 4 0
7 2 0 4 1 4 0
7 5 6 4 1 4 0
7 6 6 4 1 4 0
0 0 0 4 1 2 0
0 2 8 4 1 2 0
0 8 1 4 1 2 0
0 8 4 4 1 2 0
1 1 4 4 1 2 0
1 4 6 4 1 2 0
1 4 8 4 1 2 0
1 6 8 4 1 2 0
1 9 4 4 1 2 0
1 10 4 4 1 2 0
1 10 6 4 1 2 0
1 10 8 4 1 2 0
1 11 4 4 1 2 0
6 0 4 4 1 2 0
6 1 0 4 1 2 0
6 11 1 4 1 2 0
6 11 5 4 1 2 0
7 0 6 4 1 2 0
7 0 8 4 1 2 0
7 2 4 4 1 2 0
7 4 8 4 1 2 0
7 11 3 4 1 2 0
7 11 7 4 1 2 0
0 8 0 3 4 1 0
2 8 3 3 4 1 0
6 8 0 3 4 1 0
8 8 9 3 4 1 0
5 0 0 1 12 10 1
0 3 0 5 1 10 1
6 3 0 5 1 10 1
0 7 0 5 1 10 1
6 7 0 5 1 10 1
