32 12 8
0 0 0 6 3 2 0
0 0 2 6 3 2 0
0 0 4 6 3 2 0
0 0 6 6 3 2 0
0 3 0 6 3 2 0
0 3 2 6 3 2 0
0 3 4 6 3 2 0
0 3 6 6 3 2 0
0 6 0 6 3 2 0
0 6 2 6 3 2 0
0 6 4 6 4 3 0
8 0 0 6 4 3 0
8 0 3 6 4 3 0
8 4 0 6 4 3 0
8 4 3 6 4 3 0
8 8 0 6 4 3 0
8 8 3 6 4 3 0
16 0 0 6 4 3 0
16 0 3 6 4 3 0
16 4 0 6 4 3 0
0 9 0 8 3 2 0
0 9 2 8 3 2 0
8 0 6 8 3 2 0
8 3 6 8 3 2 0
8 6 6 8 3 2 0
8 9 6 8 3 2 0
16 0 6 8 3 2 0
16 3 6 8 3 2 0
16 4 3 8 3 2 0
16 6 5 8 3 2 0
16 7 3 4 3 2 0
16 8 0 4 3 2 0
16 9 5 4 3 2 0
20 7 3 4 3 2 0
20 8 0 4 3 2 0
20 9 5 4 3 2 0
24 0 0 4 3 2 0
24 0 2 4 3 2 0
24 0 4 4 3 2 0
24 0 6 4 3 2 0
8 0 0 0.05 12 8 1
16 0 0 0.05 12 8 1
24 0 0 0.05 12 8 1
