30 30 30
0 4 14 6 11 3 0
0 19 13 6 11 3 0
9 4 13 6 11 3 0
9 19 14 6 11 3 0
15 19 14 6 11 3 0
24 0 0 6 11 3 0
24 0 3 6 11 3 0
24 0 6 6 11 3 0
24 0 9 6 11 3 0
24 0 12 6 11 3 0
24 0 15 6 11 3 0
24 0 18 6 11 3 0
24 0 21 6 11 3 0
24 0 24 6 11 3 0
24 0 27 6 11 3 0
24 19 0 6 11 3 0
24 19 3 6 11 3 0
24 19 6 6 11 3 0
24 19 9 6 11 3 0
24 19 12 6 11 3 0
24 19 15 6 11 3 0
0 4 0 9 11 14 0
0 19 16 9 11 14 0
6 4 16 9 11 14 0
6 19 0 9 11 14 0
15 0 0 9 11 14 0
15 0 16 9 11 14 0
15 19 0 9 11 14 0
15 19 19 7 7 11 0
22 19 19 7 7 11 0
0 6 17 3 9 13 0
0 21 0 3 9 13 0
3 6 17 3 9 13 0
3 21 0 3 9 13 0
9 6 0 3 9 13 0
9 21 17 3 9 13 0
12 6 0 3 9 13 0
12 21 17 3 9 13 0
0 0 0 3 4 6 0
0 0 6 3 4 6 0
0 0 12 3 4 6 0
0 0 18 3 4 6 0
0 0 24 3 4 6 0
0 15 0 3 4 6 0
0 15 6 3 4 6 0
0 15 12 3 4 6 0
0 15 18 3 4 6 0
0 15 24 3 4 6 0
3 0 0 3 4 6 0
3 0 6 3 4 6 0
3 0 12 3 4 6 0
3 0 18 3 4 6 0
3 0 24 3 4 6 0
3 15 0 3 4 6 0
3 15 6 3 4 6 0
3 15 12 3 4 6 0
3 15 18 3 4 6 0
3 15 24 3 4 6 0
6 0 0 3 4 6 0
6 0 6 3 4 6 0
6 0 12 3 4 6 0
6 0 18 3 4 6 0
6 0 24 3 4 6 0
6 15 0 3 4 6 0
6 15 6 3 4 6 0
6 15 12 3 4 6 0
6 15 18 3 4 6 0
6 15 24 3 4 6 0
9 0 0 3 4 6 0
9 0 6 3 4 6 0
9 0 12 3 4 6 0
9 0 18 3 4 6 0
9 0 24 3 4 6 0
9 15 0 3 4 6 0
9 15 6 3 4 6 0
9 15 12 3 4 6 0
9 15 18 3 4 6 0
9 15 24 3 4 6 0
12 0 0 3 4 6 0
12 0 6 3 4 6 0
12 0 12 3 4 6 0
12 0 18 3 4 6 0
12 0 24 3 4 6 0
12 15 0 3 4 6 0
12 15 6 3 4 6 0
12 15 12 3 4 6 0
12 15 18 3 4 6 0
12 15 24 3 4 6 0
15 11 0 3 4 6 0
15 11 6 3 4 6 0
15 11 12 3 4 6 0
15 11 18 3 4 6 0
15 11 24 3 4 6 0
15 15 0 3 4 6 0
15 15 6 3 4 6 0
15 15 12 3 4 6 0
15 15 18 3 4 6 0
15 15 24 3 4 6 0
15 26 18 3 4 6 0
15 26 24 3 4 6 0
18 11 0 3 4 6 0
18 11 6 3 4 6 0
18 11 12 3 4 6 0
18 11 18 3 4 6 0
18 11 24 3 4 6 0
18 15 0 3 4 6 0
18 15 6 3 4 6 0
18 15 12 3 4 6 0
18 15 18 3 4 6 0
18 15 24 3 4 6 0
18 26 18 3 4 6 0
18 26 24 3 4 6 0
21 11 0 3 4 6 0
21 11 6 3 4 6 0
21 11 12 3 4 6 0
21 11 18 3 4 6 0
21 11 24 3 4 6 0
21 15 0 3 4 6 0
21 15 6 3 4 6 0
21 15 12 3 4 6 0
21 15 18 3 4 6 0
21 15 24 3 4 6 0
21 26 18 3 4 6 0
21 26 24 3 4 6 0
24 11 0 3 4 6 0
24 11 6 3 4 6 0
24 11 12 3 4 6 0
24 11 18 3 4 6 0
24 11 24 3 4 6 0
24 15 0 3 4 6 0
24 15 6 3 4 6 0
24 15 12 3 4 6 0
24 15 18 3 4 6 0
24 15 24 3 4 6 0
24 26 18 3 4 6 0
24 26 24 3 4 6 0
27 11 0 3 4 6 0
27 11 6 3 4 6 0
27 11 12 3 4 6 0
27 11 18 3 4 6 0
27 11 24 3 4 6 0
27 15 0 3 4 6 0
27 15 6 3 4 6 0
27 15 12 3 4 6 0
27 15 18 3 4 6 0
27 15 24 3 4 6 0
27 26 18 3 4 6 0
27 26 24 3 4 6 0
15 0 0 0.1 30 30 1
0 15 0 30 0.1 30 1
15 15 0 30 0.1 30 1
