30 30 30
0 0 0 10 4 7 0
0 0 7 10 4 7 0
0 3 16 10 4 7 0
0 3 23 10 4 7 0
0 7 16 10 4 7 0
0 7 23 10 4 7 0
0 11 16 10 4 7 0
0 11 23 10 4 7 0
5 26 0 10 4 7 0
5 26 7 10 4 7 0
5 26 14 10 4 7 0
5 26 23 10 4 7 0
15 0 0 10 4 7 0
15 0 7 10 4 7 0
15 4 0 10 4 7 0
15 4 8 10 4 7 0
15 8 0 10 4 7 0
15 8 8 10 4 7 0
15 11 16 10 4 7 0
15 11 23 10 4 7 0
15 15 0 10 4 7 0
15 15 7 10 4 7 0
15 26 23 10 4 7 0
20 26 15 10 4 7 0
0 0 17 11 3 13 0
15 12 0 11 3 13 0
0 4 0 5 11 5 0
0 4 5 5 11 5 0
0 4 10 5 11 5 0
0 19 0 5 11 5 0
0 19 5 5 11 5 0
0 19 10 5 11 5 0
0 19 15 5 11 5 0
0 19 20 5 11 5 0
0 19 25 5 11 5 0
5 4 0 5 11 5 0
5 4 5 5 11 5 0
5 4 11 5 11 5 0
5 15 0 5 11 5 0
5 15 5 5 11 5 0
5 15 10 5 11 5 0
5 15 15 5 11 5 0
5 15 20 5 11 5 0
5 15 25 5 11 5 0
10 0 0 5 11 5 0
10 0 5 5 11 5 0
10 0 10 5 11 5 0
10 4 15 5 11 5 0
10 4 20 5 11 5 0
10 4 25 5 11 5 0
10 15 0 5 11 5 0
10 15 5 5 11 5 0
10 15 10 5 11 5 0
10 15 15 5 11 5 0
10 15 20 5 11 5 0
10 15 25 5 11 5 0
15 0 15 5 11 5 0
15 0 20 5 11 5 0
15 0 25 5 11 5 0
15 15 15 5 11 5 0
15 15 20 5 11 5 0
15 15 25 5 11 5 0
15 19 0 5 11 5 0
15 19 5 5 11 5 0
15 19 10 5 11 5 0
20 0 15 5 11 5 0
20 0 20 5 11 5 0
20 0 25 5 11 5 0
20 15 15 5 11 5 0
20 15 20 5 11 5 0
20 15 25 5 11 5 0
20 19 0 5 11 5 0
20 19 5 5 11 5 0
20 19 10 5 11 5 0
25 0 0 5 11 5 0
25 0 5 5 11 5 0
25 0 10 5 11 5 0
25 4 15 5 11 5 0
25 4 20 5 11 5 0
25 4 25 5 11 5 0
25 15 0 5 11 5 0
25 15 5 5 11 5 0
25 15 15 5 11 5 0
25 15 20 5 11 5 0
25 18 10 5 11 5 0
25 19 25 5 11 5 0
15 0 0 0.1 30 30 1
0 15 0 30 0.1 30 1
15 15 0 30 0.1 30 1
