30 30 30
0 0 27 12 14 3 0
0 0 0 4 7 9 0
0 0 9 4 7 9 0
0 0 18 4 7 9 0
0 8 0 4 7 9 0
0 8 9 4 7 9 0
0 8 18 4 7 9 0
0 15 0 4 7 9 0
0 15 9 4 7 9 0
0 23 21 4 7 9 0
4 0 8 4 7 9 0
4 8 0 4 7 9 0
4 8 9 4 7 9 0
4 8 18 4 7 9 0
4 15 3 4 7 9 0
4 23 21 4 7 9 0
7 15 12 4 7 9 0
7 15 21 4 7 9 0
7 23 0 4 7 9 0
11 8 0 4 7 9 0
11 8 9 4 7 9 0
11 8 18 4 7 9 0
11 15 12 4 7 9 0
11 15 21 4 7 9 0
11 23 0 4 7 9 0
11 23 9 4 7 9 0
15 0 12 4 7 9 0
15 0 21 4 7 9 0
15 8 0 4 7 9 0
15 8 9 4 7 9 0
15 15 21 4 7 9 0
15 23 0 4 7 9 0
15 23 9 4 7 9 0
19 0 21 4 7 9 0
19 8 0 4 7 9 0
19 8 9 4 7 9 0
19 15 21 4 7 9 0
19 23 0 4 7 9 0
19 23 9 4 7 9 0
22 0 0 4 7 9 0
22 8 21 4 7 9 0
22 15 0 4 7 9 0
22 23 18 4 7 9 0
26 0 0 4 7 9 0
26 8 12 4 7 9 0
26 8 21 4 7 9 0
26 15 0 4 7 9 0
26 15 9 4 7 9 0
26 23 12 4 7 9 0
26 23 21 4 7 9 0
0 15 19 7 8 11 0
0 22 0 7 8 11 0
8 0 8 7 8 11 0
8 15 0 7 8 11 0
8 22 19 7 8 11 0
15 0 0 7 8 11 0
15 7 19 7 8 11 0
15 15 0 7 8 11 0
15 22 19 7 8 11 0
23 0 19 7 8 11 0
23 7 0 7 8 11 0
23 15 19 7 8 11 0
23 22 0 7 8 11 0
0 22 11 9 8 4 0
0 22 15 9 8 4 0
4 0 19 9 8 4 0
5 0 0 9 8 4 0
5 0 4 9 8 4 0
5 0 23 9 8 4 0
15 15 15 9 8 4 0
17 15 11 9 8 4 0
19 0 11 9 8 4 0
21 0 15 9 8 4 0
15 0 0 0.1 30 30 1
0 15 0 30 0.1 30 1
15 15 0 30 0.1 30 1
