30 30 30
9 15 0 6 5 5 0
9 15 5 6 5 5 0
9 15 10 6 5 5 0
9 15 15 6 5 5 0
9 15 20 6 5 5 0
9 15 25 6 5 5 0
9 20 0 6 5 5 0
9 25 0 6 5 5 0
23 25 3 6 5 5 0
24 0 25 6 5 5 0
24 5 25 6 5 5 0
24 10 0 6 5 5 0
24 10 5 6 5 5 0
24 10 10 6 5 5 0
24 10 15 6 5 5 0
24 10 20 6 5 5 0
24 10 25 6 5 5 0
24 25 8 6 5 5 0
0 0 0 5 7 3 0
0 0 3 5 7 3 0
0 0 6 5 7 3 0
0 0 9 5 7 3 0
0 0 12 5 7 3 0
0 0 15 5 7 3 0
0 0 18 5 7 3 0
0 0 21 5 7 3 0
0 0 24 5 7 3 0
0 0 27 5 7 3 0
0 8 0 5 7 3 0
0 8 3 5 7 3 0
0 8 6 5 7 3 0
0 8 9 5 7 3 0
0 8 12 5 7 3 0
0 8 15 5 7 3 0
0 8 18 5 7 3 0
0 8 21 5 7 3 0
0 8 24 5 7 3 0
0 8 27 5 7 3 0
0 23 0 5 7 3 0
0 23 27 5 7 3 0
5 0 0 5 7 3 0
5 0 3 5 7 3 0
5 0 6 5 7 3 0
5 0 9 5 7 3 0
5 0 12 5 7 3 0
5 0 15 5 7 3 0
5 0 18 5 7 3 0
5 0 21 5 7 3 0
5 0 24 5 7 3 0
5 0 27 5 7 3 0
5 8 0 5 7 3 0
5 8 3 5 7 3 0
5 8 6 5 7 3 0
5 8 9 5 7 3 0
5 8 12 5 7 3 0
5 8 15 5 7 3 0
5 8 18 5 7 3 0
5 8 21 5 7 3 0
5 8 24 5 7 3 0
5 8 27 5 7 3 0
5 23 27 5 7 3 0
10 0 0 5 7 3 0
10 0 3 5 7 3 0
10 0 6 5 7 3 0
10 0 9 5 7 3 0
10 0 12 5 7 3 0
10 0 15 5 7 3 0
10 0 18 5 7 3 0
10 0 21 5 7 3 0
10 0 24 5 7 3 0
10 0 27 5 7 3 0
10 8 0 5 7 3 0
10 8 3 5 7 3 0
10 8 6 5 7 3 0
10 8 9 5 7 3 0
10 8 12 5 7 3 0
10 8 15 5 7 3 0
10 8 18 5 7 3 0
10 8 21 5 7 3 0
10 8 24 5 7 3 0
10 8 27 5 7 3 0
10 23 27 5 7 3 0
15 0 0 5 7 3 0
15 0 27 5 7 3 0
15 15 0 5 7 3 0
15 15 15 5 7 3 0
15 15 18 5 7 3 0
15 15 21 5 7 3 0
15 15 24 5 7 3 0
15 15 27 5 7 3 0
15 23 14 5 7 3 0
15 23 17 5 7 3 0
15 23 20 5 7 3 0
15 23 23 5 7 3 0
20 0 0 5 7 3 0
20 15 0 5 7 3 0
20 15 15 5 7 3 0
20 15 18 5 7 3 0
20 15 21 5 7 3 0
20 15 24 5 7 3 0
20 15 27 5 7 3 0
20 23 14 5 7 3 0
20 23 17 5 7 3 0
20 23 20 5 7 3 0
20 23 23 5 7 3 0
25 0 0 5 7 3 0
25 15 0 5 7 3 0
25 15 14 5 7 3 0
25 15 17 5 7 3 0
25 15 20 5 7 3 0
25 15 24 5 7 3 0
25 15 27 5 7 3 0
25 23 0 5 7 3 0
25 23 14 5 7 3 0
25 23 17 5 7 3 0
25 23 20 5 7 3 0
25 23 23 5 7 3 0
0 24 3 8 6 12 0
0 24 15 8 6 12 0
15 0 3 8 6 12 0
15 0 15 8 6 12 0
15 15 3 8 6 12 0
15 22 26 13 4 4 0
15 26 26 13 4 4 0
0 15 0 8 8 7 0
0 15 9 8 8 7 0
0 15 16 8 8 7 0
0 15 23 8 8 7 0
15 7 0 8 8 7 0
15 7 7 8 8 7 0
15 7 14 8 8 7 0
15 7 23 8 8 7 0
15 22 0 8 8 7 0
15 22 7 8 8 7 0
8 20 5 7 10 11 0
8 20 16 7 10 11 0
23 0 3 7 10 11 0
23 0 14 7 10 11 0
23 15 3 7 10 11 0
15 0 0 0.1 30 30 1
0 15 0 30 0.1 30 1
15 15 0 30 0.1 30 1
