30 30 30
0 15 0 10 3 13 0
0 18 0 10 3 13 0
0 21 10 10 3 13 0
0 24 0 10 3 13 0
0 27 10 10 3 13 0
15 8 17 10 3 13 0
20 15 0 10 3 13 0
20 18 0 10 3 13 0
20 21 0 10 3 13 0
20 24 0 10 3 13 0
20 27 10 10 3 13 0
0 0 0 12 4 14 0
3 4 0 12 4 14 0
3 4 16 12 4 14 0
3 8 0 12 4 14 0
3 8 16 12 4 14 0
15 0 5 12 4 14 0
15 11 16 12 4 14 0
15 0 0 11 13 5 0
0 15 14 10 3 9 0
0 18 13 10 3 9 0
0 21 0 10 3 9 0
0 24 13 10 3 9 0
0 27 0 10 3 9 0
4 12 0 10 3 9 0
5 12 9 10 3 9 0
5 12 19 10 3 9 0
15 0 21 10 3 9 0
20 27 0 10 3 9 0
0 0 16 7 4 13 0
8 0 17 7 4 13 0
15 4 17 7 4 13 0
0 15 24 5 14 6 0
5 16 24 5 14 6 0
10 15 6 5 14 6 0
10 15 12 5 14 6 0
10 16 0 5 14 6 0
10 16 18 5 14 6 0
10 16 24 5 14 6 0
15 15 0 5 14 6 0
15 15 6 5 14 6 0
15 15 24 5 14 6 0
15 16 12 5 14 6 0
15 16 18 5 14 6 0
20 16 24 5 14 6 0
25 15 24 5 14 6 0
15 4 5 4 6 12 0
19 4 5 4 6 12 0
23 4 5 4 6 12 0
0 4 0 3 5 10 0
0 4 10 3 5 10 0
0 4 20 3 5 10 0
0 10 0 3 5 10 0
0 10 10 3 5 10 0
0 10 20 3 5 10 0
15 10 5 3 5 10 0
18 10 5 3 5 10 0
21 10 6 3 5 10 0
24 3 20 3 5 10 0
24 10 5 3 5 10 0
27 0 0 3 5 10 0
27 0 10 3 5 10 0
27 0 20 3 5 10 0
27 5 0 3 5 10 0
27 5 10 3 5 10 0
27 5 20 3 5 10 0
27 10 0 3 5 10 0
27 10 10 3 5 10 0
27 10 20 3 5 10 0
20 17 13 10 10 11 0
15 0 0 0.1 30 30 1
0 15 0 30 0.1 30 1
15 15 0 30 0.1 30 1
