20 20 20
0 0 0 3 3 2 0
0 0 3 3 3 2 0
0 0 6 3 3 2 0
0 0 11 3 3 2 0
0 0 14 3 3 2 0
0 0 16 3 3 2 0
0 7 18 3 3 2 0
0 17 0 3 3 2 0
0 17 18 3 3 2 0
3 10 13 3 3 2 0
6 0 0 3 3 2 0
6 7 18 3 3 2 0
6 10 0 3 3 2 0
6 10 18 3 3 2 0
10 0 0 3 3 2 0
10 7 18 3 3 2 0
10 10 0 3 3 2 0
17 0 0 3 3 2 0
17 0 18 3 3 2 0
17 10 0 3 3 2 0
10 10 6 8 7 4 0
0 0 8 5 7 2 0
0 0 18 5 7 2 0
0 3 0 5 7 2 0
0 3 2 5 7 2 0
0 3 4 5 7 2 0
0 3 6 5 7 2 0
0 3 10 5 7 2 0
0 3 12 5 7 2 0
0 3 14 5 7 2 0
0 3 16 5 7 2 0
0 10 0 5 7 2 0
0 10 4 5 7 2 0
0 10 6 5 7 2 0
0 10 8 5 7 2 0
0 10 18 5 7 2 0
0 13 2 5 7 2 0
0 13 10 5 7 2 0
0 13 12 5 7 2 0
0 13 14 5 7 2 0
0 13 16 5 7 2 0
5 0 2 5 7 2 0
5 0 4 5 7 2 0
5 0 10 5 7 2 0
5 0 12 5 7 2 0
5 0 16 5 7 2 0
5 0 18 5 7 2 0
5 3 0 5 7 2 0
5 3 6 5 7 2 0
5 3 8 5 7 2 0
5 3 14 5 7 2 0
5 10 8 5 7 2 0
5 10 10 5 7 2 0
5 10 16 5 7 2 0
5 13 0 5 7 2 0
5 13 2 5 7 2 0
5 13 4 5 7 2 0
5 13 6 5 7 2 0
5 13 12 5 7 2 0
5 13 14 5 7 2 0
5 13 18 5 7 2 0
10 0 4 5 7 2 0
10 0 6 5 7 2 0
10 0 8 5 7 2 0
10 0 14 5 7 2 0
10 0 18 5 7 2 0
10 3 0 5 7 2 0
10 3 2 5 7 2 0
10 3 10 5 7 2 0
10 3 12 5 7 2 0
10 3 16 5 7 2 0
10 10 12 5 7 2 0
10 12 2 5 7 2 0
10 12 10 5 7 2 0
10 13 0 5 7 2 0
10 13 4 5 7 2 0
10 13 14 5 7 2 0
10 13 16 5 7 2 0
10 13 18 5 7 2 0
15 0 2 5 7 2 0
15 0 6 5 7 2 0
15 0 8 5 7 2 0
15 0 12 5 7 2 0
15 0 14 5 7 2 0
15 3 0 5 7 2 0
15 3 4 5 7 2 0
15 3 10 5 7 2 0
15 3 16 5 7 2 0
15 3 18 5 7 2 0
15 10 2 5 7 2 0
15 10 12 5 7 2 0
15 10 16 5 7 2 0
15 11 10 5 7 2 0
15 13 0 5 7 2 0
15 13 4 5 7 2 0
15 13 14 5 7 2 0
15 13 18 5 7 2 0
10 0 0 0.1 20 20 1
0 10 0 20 0.1 20 1
10 10 0 20 0.1 20 1
