20 20 20
0 13 13 7 3 7 0
0 15 0 7 3 7 0
0 17 7 7 3 7 0
0 0 5 9 4 5 0
0 3 15 9 4 5 0
0 6 0 9 4 5 0
0 6 10 9 4 5 0
10 6 0 9 4 5 0
10 6 10 9 4 5 0
11 6 5 9 4 5 0
11 6 15 9 4 5 0
0 0 0 5 3 5 0
0 0 10 5 3 5 0
0 0 15 5 3 5 0
0 3 0 5 3 5 0
0 3 10 5 3 5 0
0 4 5 5 3 5 0
0 7 5 5 3 5 0
0 7 15 5 3 5 0
0 10 0 5 3 5 0
0 10 5 5 3 5 0
0 10 10 5 3 5 0
0 10 15 5 3 5 0
5 0 0 5 3 5 0
5 0 10 5 3 5 0
5 0 15 5 3 5 0
5 3 0 5 3 5 0
5 3 10 5 3 5 0
5 4 5 5 3 5 0
5 7 5 5 3 5 0
5 7 15 5 3 5 0
5 10 0 5 3 5 0
5 10 5 5 3 5 0
5 10 10 5 3 5 0
5 10 15 5 3 5 0
10 10 0 5 3 5 0
10 10 5 5 3 5 0
10 10 10 5 3 5 0
10 10 15 5 3 5 0
10 17 0 5 3 5 0
10 17 5 5 3 5 0
10 17 10 5 3 5 0
10 17 15 5 3 5 0
15 10 0 5 3 5 0
15 10 5 5 3 5 0
15 10 10 5 3 5 0
15 10 15 5 3 5 0
15 17 0 5 3 5 0
15 17 5 5 3 5 0
15 17 10 5 3 5 0
15 17 15 5 3 5 0
0 13 0 9 2 6 0
0 13 7 9 2 6 0
0 15 7 9 2 6 0
0 16 14 9 2 6 0
0 18 0 9 2 6 0
0 18 14 9 2 6 0
10 0 7 9 2 6 0
10 2 0 9 2 6 0
10 4 14 9 2 6 0
10 13 0 9 2 6 0
11 0 0 9 2 6 0
11 0 14 9 2 6 0
11 2 7 9 2 6 0
11 2 14 9 2 6 0
11 4 0 9 2 6 0
11 4 7 9 2 6 0
11 13 7 9 2 6 0
11 13 14 9 2 6 0
11 15 0 9 2 6 0
11 15 7 9 2 6 0
11 15 14 9 2 6 0
10 0 0 0.1 20 20 1
0 10 0 20 0.1 20 1
10 10 0 20 0.1 20 1
