20 20 20
0 0 8 7 3 4 0
0 4 8 7 3 4 0
0 7 8 7 3 4 0
0 10 8 7 3 4 0
0 14 8 7 3 4 0
0 17 8 7 3 4 0
10 2 12 7 3 4 0
10 17 0 7 3 4 0
11 7 0 7 3 4 0
12 0 4 7 3 4 0
12 2 8 7 3 4 0
12 13 0 7 3 4 0
13 0 0 7 3 4 0
13 4 0 7 3 4 0
13 4 4 7 3 4 0
13 7 4 7 3 4 0
13 10 0 7 3 4 0
10 0 9 5 2 9 0
15 0 9 5 2 9 0
10 2 16 6 8 4 0
0 0 0 7 5 8 0
0 0 12 7 5 8 0
0 5 0 7 5 8 0
0 5 12 7 5 8 0
0 10 0 7 5 8 0
0 10 12 7 5 8 0
0 15 0 7 5 8 0
0 15 12 7 5 8 0
11 15 12 7 5 8 0
12 10 4 7 5 8 0
12 10 12 7 5 8 0
13 5 8 7 5 8 0
13 15 4 7 5 8 0
10 0 0 0.1 20 20 1
0 10 0 20 0.1 20 1
10 10 0 20 0.1 20 1
