20 20 20
0 0 0 9 2 2 0
0 0 2 9 2 2 0
0 0 10 9 2 2 0
0 0 12 9 2 2 0
0 0 14 9 2 2 0
0 0 16 9 2 2 0
0 0 18 9 2 2 0
0 2 0 9 2 2 0
0 2 2 9 2 2 0
0 2 10 9 2 2 0
0 2 12 9 2 2 0
0 2 14 9 2 2 0
0 2 16 9 2 2 0
0 2 18 9 2 2 0
0 4 0 9 2 2 0
0 4 2 9 2 2 0
0 4 10 9 2 2 0
0 4 12 9 2 2 0
0 4 14 9 2 2 0
0 4 16 9 2 2 0
0 4 18 9 2 2 0
0 6 0 9 2 2 0
0 6 2 9 2 2 0
0 6 10 9 2 2 0
0 6 12 9 2 2 0
0 6 14 9 2 2 0
0 6 16 9 2 2 0
0 6 18 9 2 2 0
0 8 0 9 2 2 0
0 8 2 9 2 2 0
0 8 10 9 2 2 0
0 8 12 9 2 2 0
0 8 14 9 2 2 0
0 8 16 9 2 2 0
0 8 18 9 2 2 0
0 10 0 9 2 2 0
0 10 2 9 2 2 0
0 12 0 9 2 2 0
0 12 2 9 2 2 0
0 14 0 9 2 2 0
0 14 2 9 2 2 0
0 16 0 9 2 2 0
0 16 2 9 2 2 0
0 18 0 9 2 2 0
0 18 2 9 2 2 0
0 18 6 9 2 2 0
0 18 8 9 2 2 0
0 18 10 9 2 2 0
0 18 12 9 2 2 0
0 18 14 9 2 2 0
0 18 16 9 2 2 0
0 18 18 9 2 2 0
10 8 8 9 2 2 0
10 8 10 9 2 2 0
10 8 12 9 2 2 0
10 8 14 9 2 2 0
10 8 18 9 2 2 0
10 10 5 9 2 2 0
10 10 13 9 2 2 0
10 16 5 9 2 2 0
11 8 6 9 2 2 0
11 8 16 9 2 2 0
11 10 11 9 2 2 0
11 12 5 9 2 2 0
11 12 11 9 2 2 0
11 12 13 9 2 2 0
11 14 5 9 2 2 0
11 14 11 9 2 2 0
11 14 13 9 2 2 0
11 16 11 9 2 2 0
11 16 13 9 2 2 0
11 18 5 9 2 2 0
11 18 11 9 2 2 0
11 18 13 9 2 2 0
10 10 0 3 5 5 0
10 10 15 3 5 5 0
10 15 0 3 5 5 0
10 15 15 3 5 5 0
13 10 0 3 5 5 0
13 10 15 3 5 5 0
14 15 0 3 5 5 0
14 15 15 3 5 5 0
17 10 0 3 5 5 0
17 10 15 3 5 5 0
17 15 0 3 5 5 0
17 15 15 3 5 5 0
0 10 6 3 8 7 0
0 10 13 3 8 7 0
3 10 6 3 8 7 0
3 10 13 3 8 7 0
6 10 6 3 8 7 0
6 10 13 3 8 7 0
10 0 6 3 8 7 0
10 0 13 3 8 7 0
13 0 13 3 8 7 0
14 0 6 3 8 7 0
17 0 6 3 8 7 0
17 0 13 3 8 7 0
0 0 4 5 9 2 0
0 0 6 5 9 2 0
0 0 8 5 9 2 0
0 11 4 5 9 2 0
5 0 4 5 9 2 0
5 0 6 5 9 2 0
5 0 8 5 9 2 0
5 11 4 5 9 2 0
10 0 0 5 9 2 0
10 0 2 5 9 2 0
10 0 4 5 9 2 0
10 10 7 5 9 2 0
10 10 9 5 9 2 0
15 0 0 5 9 2 0
15 0 2 5 9 2 0
15 0 4 5 9 2 0
15 10 7 5 9 2 0
15 11 9 5 9 2 0
10 0 0 0.1 20 20 1
0 10 0 20 0.1 20 1
10 10 0 20 0.1 20 1
