20 20 20
0 0 12 8 5 8 0
0 5 12 8 5 8 0
0 10 12 8 5 8 0
0 15 12 8 5 8 0
2 0 0 8 5 8 0
2 5 0 8 5 8 0
2 10 0 8 5 8 0
2 15 0 8 5 8 0
10 10 0 8 5 8 0
10 15 0 8 5 8 0
0 0 0 2 6 3 0
0 2 3 2 6 3 0
0 4 6 2 6 3 0
0 4 9 2 6 3 0
0 10 3 2 6 3 0
0 12 0 2 6 3 0
0 14 6 2 6 3 0
0 14 9 2 6 3 0
8 0 8 2 6 3 0
8 0 11 2 6 3 0
8 0 14 2 6 3 0
8 0 17 2 6 3 0
8 10 8 2 6 3 0
8 10 11 2 6 3 0
8 14 14 2 6 3 0
8 14 17 2 6 3 0
10 0 3 2 6 3 0
10 0 6 2 6 3 0
10 0 9 2 6 3 0
10 4 0 2 6 3 0
10 10 8 2 6 3 0
10 10 11 2 6 3 0
10 10 14 2 6 3 0
10 10 17 2 6 3 0
18 0 14 2 6 3 0
18 0 17 2 6 3 0
18 4 8 2 6 3 0
18 4 11 2 6 3 0
18 10 0 2 6 3 0
18 10 3 2 6 3 0
18 14 6 2 6 3 0
18 14 9 2 6 3 0
0 0 8 8 2 4 0
0 2 8 8 2 4 0
0 10 8 8 2 4 0
0 12 8 8 2 4 0
2 6 8 8 2 4 0
2 8 8 8 2 4 0
2 16 8 8 2 4 0
2 18 8 8 2 4 0
10 0 12 8 2 4 0
10 0 16 8 2 4 0
10 2 12 8 2 4 0
10 2 16 8 2 4 0
10 4 12 8 2 4 0
10 4 16 8 2 4 0
10 6 4 8 2 4 0
10 6 8 8 2 4 0
10 6 12 8 2 4 0
10 8 4 8 2 4 0
10 8 8 8 2 4 0
10 8 12 8 2 4 0
10 16 8 8 2 4 0
10 16 12 8 2 4 0
10 16 16 8 2 4 0
10 18 8 8 2 4 0
10 18 12 8 2 4 0
10 18 16 8 2 4 0
12 0 0 8 2 4 0
12 0 4 8 2 4 0
12 0 8 8 2 4 0
12 2 0 8 2 4 0
12 2 4 8 2 4 0
12 2 8 8 2 4 0
12 4 0 8 2 4 0
12 4 4 8 2 4 0
12 6 0 8 2 4 0
12 6 16 8 2 4 0
12 8 0 8 2 4 0
12 8 16 8 2 4 0
12 10 8 8 2 4 0
12 10 12 8 2 4 0
12 10 16 8 2 4 0
12 12 8 8 2 4 0
12 12 12 8 2 4 0
12 12 16 8 2 4 0
12 14 12 8 2 4 0
12 14 16 8 2 4 0
10 0 0 0.1 20 20 1
0 10 0 20 0.1 20 1
10 10 0 20 0.1 20 1
