20 20 20
0 0 0 9 5 4 0
0 0 4 9 5 4 0
0 0 8 9 5 4 0
0 0 12 9 5 4 0
0 0 16 9 5 4 0
0 5 0 9 5 4 0
0 5 4 9 5 4 0
0 5 8 9 5 4 0
0 5 12 9 5 4 0
0 5 16 9 5 4 0
0 10 6 9 5 4 0
0 10 16 9 5 4 0
0 15 6 9 5 4 0
0 15 16 9 5 4 0
10 0 0 9 5 4 0
10 0 16 9 5 4 0
10 5 0 9 5 4 0
10 5 16 9 5 4 0
10 10 12 9 5 4 0
10 10 16 9 5 4 0
10 15 12 9 5 4 0
10 15 16 9 5 4 0
0 10 0 5 8 3 0
0 10 3 5 8 3 0
0 11 10 5 8 3 0
0 11 13 5 8 3 0
5 10 0 5 8 3 0
5 10 3 5 8 3 0
5 11 10 5 8 3 0
5 11 13 5 8 3 0
10 0 4 5 8 3 0
10 0 7 5 8 3 0
10 0 10 5 8 3 0
10 0 13 5 8 3 0
10 12 0 5 8 3 0
10 12 3 5 8 3 0
10 12 6 5 8 3 0
10 12 9 5 8 3 0
15 0 4 5 8 3 0
15 0 7 5 8 3 0
15 0 10 5 8 3 0
15 0 13 5 8 3 0
15 10 0 5 8 3 0
15 12 3 5 8 3 0
15 12 6 5 8 3 0
15 12 9 5 8 3 0
10 0 0 0.1 20 20 1
0 10 0 20 0.1 20 1
10 10 0 20 0.1 20 1
