4
12 4 8
12 8 8
12 12 8
12 12 8
0 0 3 6 3 2 1 1 0
6 0 3 6 3 2 1 1 0
0 0 0 6 4 3 2 1 0
0 0 5 4 4 3 5 1 0
4 0 5 4 4 3 5 1 0
8 0 0 4 4 3 5 1 0
8 0 5 4 4 3 5 1 0
0 4 6 6 3 2 1 1 1
0 8 0 6 3 2 1 1 1
6 4 3 6 3 2 1 1 1
6 8 0 6 3 2 1 1 1
0 4 0 6 4 3 2 1 1
0 4 3 6 4 3 2 1 1
0 8 2 6 4 3 2 1 1
0 8 5 6 4 3 2 1 1
6 4 0 6 4 3 2 1 1
6 8 2 6 4 3 2 1 1
6 8 5 6 4 3 2 1 1
8 4 5 4 4 3 5 1 1
0 12 2 6 3 2 1 1 2
0 15 2 6 3 2 1 1 2
0 15 4 6 3 2 1 1 2
0 18 0 6 3 2 1 1 2
0 21 2 6 3 2 1 1 2
0 21 4 6 3 2 1 1 2
6 12 0 6 3 2 1 1 2
6 12 2 6 3 2 1 1 2
6 15 2 6 3 2 1 1 2
6 15 4 6 3 2 1 1 2
6 18 0 6 3 2 1 1 2
6 18 2 6 3 2 1 1 2
6 21 2 6 3 2 1 1 2
6 21 4 6 3 2 1 1 2
0 12 4 8 3 2 3 1 2
0 18 6 8 3 2 3 1 2
0 21 0 8 3 2 3 1 2
0 21 6 8 3 2 3 1 2
4 12 6 8 3 2 3 1 2
4 15 0 8 3 2 3 1 2
4 15 6 8 3 2 3 1 2
4 18 4 8 3 2 3 1 2
0 12 0 4 3 2 4 1 2
0 12 6 4 3 2 4 1 2
0 15 6 4 3 2 4 1 2
0 18 2 4 3 2 4 1 2
0 18 4 4 3 2 4 1 2
8 12 4 4 3 2 4 1 2
8 18 6 4 3 2 4 1 2
8 21 0 4 3 2 4 1 2
8 21 6 4 3 2 4 1 2
0 32 3 6 4 3 2 1 3
6 32 3 6 4 3 2 1 3
0 24 0 8 3 2 3 1 3
4 33 6 8 3 2 3 1 3
0 28 0 4 3 2 4 1 3
0 33 6 4 3 2 4 1 3
4 27 0 4 3 2 4 1 3
8 24 6 4 3 2 4 1 3
8 27 6 4 3 2 4 1 3
8 30 6 4 3 2 4 1 3
0 24 2 4 4 3 5 1 3
0 24 5 4 4 3 5 1 3
0 28 2 4 4 3 5 1 3
0 28 5 4 4 3 5 1 3
0 32 0 4 4 3 5 1 3
4 24 2 4 4 3 5 1 3
4 24 5 4 4 3 5 1 3
4 28 2 4 4 3 5 1 3
4 28 5 4 4 3 5 1 3
4 32 0 4 4 3 5 1 3
8 24 0 4 4 3 5 1 3
8 24 3 4 4 3 5 1 3
8 28 0 4 4 3 5 1 3
8 28 3 4 4 3 5 1 3
8 32 0 4 4 3 5 1 3
