
Gurobi 12.0.2 (win64) logging started Mon Jun 15 20:00:30 2026

Set parameter LogFile to value "resultados DATA_1_n10m05b2d1\instancia_6_log.txt"
Set parameter TimeLimit to value 3600
Gurobi Optimizer version 12.0.2 build v12.0.2rc0 (win64 - Windows 11+.0 (26200.2))

CPU model: 12th Gen Intel(R) Core(TM) i7-12700, instruction set [SSE2|AVX|AVX2]
Thread count: 12 physical cores, 20 logical processors, using up to 20 threads

Non-default parameters:
TimeLimit  3600

Optimize a model with 4149 rows, 1764 columns and 28784 nonzeros
Model fingerprint: 0xf3d23a04
Variable types: 12 continuous, 1752 integer (1752 binary)
Coefficient statistics:
  Matrix range     [1e+00, 1e+03]
  Objective range  [3e+00, 6e+01]
  Bounds range     [1e+00, 1e+00]
  RHS range        [1e+00, 1e+03]
Found heuristic solution: objective 736.0000000
Presolve removed 2306 rows and 4 columns
Presolve time: 0.05s
Presolved: 1843 rows, 1760 columns, 23848 nonzeros
Variable types: 0 continuous, 1760 integer (1760 binary)

Root relaxation: objective 9.938571e+02, 3274 iterations, 0.11 seconds (0.19 work units)

    Nodes    |    Current Node    |     Objective Bounds      |     Work
 Expl Unexpl |  Obj  Depth IntInf | Incumbent    BestBd   Gap | It/Node Time

     0     0  993.85714    0  238  736.00000  993.85714  35.0%     -    0s
H    0     0                     747.0000000  993.85714  33.0%     -    0s
H    0     0                     771.0000000  993.85714  28.9%     -    0s
H    0     0                     859.0000000  993.85714  15.7%     -    0s
H    0     0                     871.0000000  993.85714  14.1%     -    0s
H    0     0                     928.0000000  993.85714  7.10%     -    0s
H    0     0                     930.0000000  993.85714  6.87%     -    0s
H    0     0                     936.0000000  993.85714  6.18%     -    0s
     0     0  988.23221    0  435  936.00000  988.23221  5.58%     -    0s
H    0     0                     940.0000000  988.23221  5.13%     -    0s
     0     0  980.04548    0  520  940.00000  980.04548  4.26%     -    0s
H    0     0                     948.0000000  980.04548  3.38%     -    0s
H    0     0                     962.0000000  978.80065  1.75%     -    0s
     0     0  978.80065    0  507  962.00000  978.80065  1.75%     -    0s
     0     0  978.77761    0  506  962.00000  978.77761  1.74%     -    0s
     0     0  978.77761    0  507  962.00000  978.77761  1.74%     -    0s
     0     0  975.93531    0  677  962.00000  975.93531  1.45%     -    0s
     0     0  975.74621    0  724  962.00000  975.74621  1.43%     -    0s
     0     0  975.71502    0  730  962.00000  975.71502  1.43%     -    0s
     0     0  975.70599    0  722  962.00000  975.70599  1.42%     -    0s
     0     0  975.70403    0  728  962.00000  975.70403  1.42%     -    0s
     0     0  973.51949    0  545  962.00000  973.51949  1.20%     -    1s
     0     0  973.47863    0  561  962.00000  973.47863  1.19%     -    1s
     0     0  973.47380    0  555  962.00000  973.47380  1.19%     -    1s
     0     0  973.32258    0  435  962.00000  973.32258  1.18%     -    1s
     0     0  973.29056    0  460  962.00000  973.29056  1.17%     -    1s
     0     0  973.27948    0  478  962.00000  973.27948  1.17%     -    1s
     0     0  973.21413    0  491  962.00000  973.21413  1.17%     -    1s
     0     0  973.21413    0  453  962.00000  973.21413  1.17%     -    1s
     0     2  973.21413    0  432  962.00000  973.21413  1.17%     -    1s
  3329  1439  964.14286   29  453  962.00000  966.53061  0.47%  66.5    6s
  3368  1476  965.00000   25   16  962.00000  965.00000  0.31%  75.2   10s
 12051  4833  963.00000   53   15  962.00000  965.00000  0.31%  55.6   15s
 18713  7873  965.00000   40   16  962.00000  965.00000  0.31%  50.6   20s
 38280 14288  963.66859   67   24  962.00000  964.75439  0.29%  42.2   25s
 50351 17212  963.00000   72   15  962.00000  964.74668  0.29%  40.1   30s
 65827 20425  964.74668   81   75  962.00000  964.74668  0.29%  38.4   35s
 85553 25927     cutoff   96       962.00000  964.74668  0.29%  36.9   40s
 109212 31397  964.61373   81   30  962.00000  964.69697  0.28%  34.7   45s
 111339 30706  964.13628   96   68  962.00000  964.69697  0.28%  34.6   50s
 121310 32726  963.74146  101   29  962.00000  964.61373  0.27%  35.1   55s
 148441 35053  963.00000   96   45  962.00000  964.55616  0.27%  34.5   60s
 176561 36110  963.00000  110   23  962.00000  964.42443  0.25%  33.6   65s
 203311 37135  963.53333  101   53  962.00000  964.41177  0.25%  33.2   70s
 208904 38365  963.88889  105   29  962.00000  964.41177  0.25%  33.1   75s
 228717 43928  963.00000  135   17  962.00000  964.41177  0.25%  33.1   80s
 255034 49824  963.00000  123   21  962.00000  964.41177  0.25%  32.8   85s
 280912 55186  963.88889  128   35  962.00000  964.41177  0.25%  32.5   90s
 306946 58816  964.41177  111   70  962.00000  964.41177  0.25%  32.1   95s
 333884 67287  963.88889  113   34  962.00000  964.41177  0.25%  31.8  100s
 360590 79441  963.90476  118   42  962.00000  964.41177  0.25%  31.4  105s
 387441 90687  963.88889  118   24  962.00000  964.41177  0.25%  31.2  110s
 412115 99539  964.41177  102   53  962.00000  964.41177  0.25%  31.0  115s
 440041 112079     cutoff  136       962.00000  964.41177  0.25%  30.8  120s
 465768 126044 infeasible  122       962.00000  964.41177  0.25%  30.6  125s
 489430 136711  963.00000  110   14  962.00000  964.41177  0.25%  30.4  130s
 517740 149035     cutoff  119       962.00000  964.41177  0.25%  30.3  135s
 543159 159879  963.00000  128   37  962.00000  964.41177  0.25%  30.2  140s
 571066 172555  963.00000  128    7  962.00000  964.41177  0.25%  30.1  145s
 593551 182720  963.00000  111   39  962.00000  964.41177  0.25%  30.1  150s
 621433 194381     cutoff  123       962.00000  964.41177  0.25%  29.9  155s
 642283 203341     cutoff  117       962.00000  964.41177  0.25%  29.8  160s
 668275 213725  963.00000  141   13  962.00000  964.41177  0.25%  29.7  165s
 692474 223821  964.41177  111   61  962.00000  964.41177  0.25%  29.5  170s
 716680 234011     cutoff  122       962.00000  964.41177  0.25%  29.4  175s
 744166 243434  963.00000  112   17  962.00000  964.41177  0.25%  29.3  180s
 770081 254682  964.41177  115   91  962.00000  964.41177  0.25%  29.2  185s
 798184 265777  963.88889  116   26  962.00000  964.41177  0.25%  29.1  190s
 823730 275050  963.00000  129   38  962.00000  964.41177  0.25%  29.1  195s
 847272 283073     cutoff  144       962.00000  964.41177  0.25%  29.1  200s
 872330 291880  963.86596  117   15  962.00000  964.41177  0.25%  29.1  205s
 900110 298629     cutoff  108       962.00000  964.41177  0.25%  29.1  210s
 923427 300339     cutoff  123       962.00000  964.41177  0.25%  29.4  215s
 949289 308701  964.32809  124   77  962.00000  964.41177  0.25%  29.4  220s
 976313 317620     cutoff  118       962.00000  964.41177  0.25%  29.3  225s
 995664 325039     cutoff  119       962.00000  964.41177  0.25%  29.3  230s
 1023367 334075     cutoff  118       962.00000  964.41177  0.25%  29.3  235s
 1050854 344499  964.41177  115   68  962.00000  964.41177  0.25%  29.3  240s
 1077226 354174  964.41177  119   74  962.00000  964.41177  0.25%  29.2  245s
 1104872 360974  964.41177  112   20  962.00000  964.41177  0.25%  29.2  250s
 1132553 367962  963.00000  114   23  962.00000  964.41177  0.25%  29.2  255s
 1164624 376265     cutoff  128       962.00000  964.41177  0.25%  29.0  260s
 1191530 383879  963.00000  118   25  962.00000  964.41177  0.25%  28.9  265s
 1220345 390526  963.86596  117   43  962.00000  964.41177  0.25%  28.9  270s
 1248908 398585     cutoff  117       962.00000  964.41177  0.25%  28.9  275s
 1271298 405609  963.66667  122   44  962.00000  964.41177  0.25%  28.9  280s
 1303565 411315  964.41177  113   92  962.00000  964.41177  0.25%  28.9  285s
 1336102 421088  964.40483  112   41  962.00000  964.41177  0.25%  28.8  290s
 1370673 430822  963.00000  116    9  962.00000  964.39451  0.25%  28.6  295s
 1401573 437087  964.19735  133  119  962.00000  964.35420  0.24%  28.5  300s
 1432190 444115  963.00000  140   13  962.00000  964.31345  0.24%  28.4  305s
 1465873 452319 infeasible  140       962.00000  964.26398  0.24%  28.2  310s
 1500760 460376  963.88889  108   28  962.00000  964.17921  0.23%  28.1  315s
 1535653 470017  963.00000  119    9  962.00000  964.14286  0.22%  28.0  320s
 1572477 479849  964.14286  134   37  962.00000  964.14286  0.22%  27.8  325s
 1609721 488827  963.00000  140   10  962.00000  964.14286  0.22%  27.7  330s
 1647592 497683  963.00000  126    9  962.00000  964.14286  0.22%  27.5  335s
 1679497 505314  964.14286  129   17  962.00000  964.14286  0.22%  27.4  340s
 1717014 513829  963.00000  116   49  962.00000  964.14286  0.22%  27.3  345s
 1751568 521803  964.14286  131   23  962.00000  964.14286  0.22%  27.2  350s
 1782231 528563  963.00000  105   19  962.00000  964.14286  0.22%  27.1  355s
 1816698 536615  964.14286  123   26  962.00000  964.14286  0.22%  27.0  360s
 1853809 544822  963.00000  132   74  962.00000  964.14286  0.22%  26.9  365s
 1883566 552303  963.00000  123    9  962.00000  964.14286  0.22%  26.8  371s
 1893145 554406  963.00000  130   15  962.00000  964.14286  0.22%  26.8  375s
 1903329 556692     cutoff  125       962.00000  964.14286  0.22%  26.8  380s
 1911392 558821     cutoff  133       962.00000  964.14286  0.22%  26.8  385s
 1920141 560841  963.00000  113   17  962.00000  964.14286  0.22%  26.8  390s
 1930258 563248  963.77960  129   19  962.00000  964.14286  0.22%  26.7  395s
 1939097 565424  963.00000  118   12  962.00000  964.14286  0.22%  26.7  400s
 1949246 567870  963.00000  127   14  962.00000  964.14286  0.22%  26.7  405s
 1959957 570502  963.00000  143   25  962.00000  964.14286  0.22%  26.7  411s
 1968836 572334  963.00000  124   38  962.00000  964.14286  0.22%  26.6  415s
 1979010 574666  963.00000  145    9  962.00000  964.14286  0.22%  26.6  420s
 1988124 576806  964.00000  118   39  962.00000  964.14286  0.22%  26.6  425s
 1998796 579281  963.00000  127   15  962.00000  964.14286  0.22%  26.6  430s
 2009511 582247     cutoff  136       962.00000  964.14286  0.22%  26.5  435s
 2017982 583615     cutoff  132       962.00000  964.14286  0.22%  26.5  440s
 2022633 585333  964.00000  130   50  962.00000  964.14286  0.22%  26.5  445s
 2032481 587370  963.00000  119   13  962.00000  964.14286  0.22%  26.5  450s
 2040965 589355     cutoff  121       962.00000  964.14286  0.22%  26.5  455s
 2051590 592056  963.00000  131   18  962.00000  964.14286  0.22%  26.4  460s
 2060150 594172     cutoff  123       962.00000  964.14286  0.22%  26.4  465s
 2071268 596889  963.00000  135    7  962.00000  964.14286  0.22%  26.4  470s
 2082702 599463  963.00000  148    7  962.00000  964.14286  0.22%  26.4  475s
 2090575 600987  963.77960  134   27  962.00000  964.14286  0.22%  26.3  480s
 2100159 603257     cutoff  131       962.00000  964.14286  0.22%  26.3  485s
 2111138 605678     cutoff  135       962.00000  964.14286  0.22%  26.3  490s
 2119452 607588  963.61538  135   82  962.00000  964.14286  0.22%  26.3  495s
 2130979 610346     cutoff  132       962.00000  964.14286  0.22%  26.3  500s
 2141272 612601     cutoff  110       962.00000  964.14286  0.22%  26.2  506s
 2150024 614900  963.00000  138   29  962.00000  964.14286  0.22%  26.2  510s
 2160972 617401  963.00000  111   27  962.00000  964.14286  0.22%  26.2  515s
 2171397 619518     cutoff  140       962.00000  964.14286  0.22%  26.2  520s
 2179512 621454  963.00000  124   14  962.00000  964.14286  0.22%  26.2  525s
 2190071 623693  963.00000  107   23  962.00000  964.14286  0.22%  26.2  531s
 2198917 625801  963.00000  114    9  962.00000  964.14286  0.22%  26.1  535s
 2209040 628312  963.00000  120    9  962.00000  964.14286  0.22%  26.1  541s
 2217441 630236  963.00000  116   10  962.00000  964.14286  0.22%  26.1  545s
 2226315 632043  963.00000  117   23  962.00000  964.14286  0.22%  26.1  550s
 2236100 634262     cutoff  128       962.00000  964.14286  0.22%  26.1  555s
 2244686 636561     cutoff  132       962.00000  964.14286  0.22%  26.1  560s
 2255729 638896     cutoff  140       962.00000  964.14286  0.22%  26.1  565s
 2263947 640701  963.00000  131   17  962.00000  964.14286  0.22%  26.0  570s
 2275098 643374     cutoff  128       962.00000  964.14286  0.22%  26.0  575s
 2285547 645579  963.00000  120   12  962.00000  964.14286  0.22%  26.0  580s
 2294325 647683  964.14286  135   28  962.00000  964.14286  0.22%  26.0  585s
 2304215 649953     cutoff  140       962.00000  964.14286  0.22%  26.0  590s
 2314123 652666     cutoff  113       962.00000  964.14286  0.22%  26.0  596s
 2320209 654658  963.00000  124   11  962.00000  964.14286  0.22%  25.9  600s
 2329974 657028  963.00000  118    9  962.00000  964.14286  0.22%  25.9  605s
 2339818 659194  963.00000  126   11  962.00000  964.14286  0.22%  25.9  610s
 2349703 661555  963.00000  111   17  962.00000  964.14286  0.22%  25.9  615s
 2360138 664435  963.00000  135    9  962.00000  964.14286  0.22%  25.9  620s
 2371034 666902     cutoff  131       962.00000  964.14286  0.22%  25.9  625s
 2379396 668774  963.00000  124    9  962.00000  964.14286  0.22%  25.8  630s
 2389864 671418  963.00000  123   23  962.00000  964.14286  0.22%  25.8  635s
 2400541 673908  963.00000  135   21  962.00000  964.14286  0.22%  25.8  640s
 2408342 676185  963.00000  109   37  962.00000  964.14286  0.22%  25.8  645s
 2419441 679004  963.00000  123   15  962.00000  964.14286  0.22%  25.8  650s
 2428797 681225 infeasible  132       962.00000  964.14286  0.22%  25.8  655s
 2448063 686063  963.00000  126   15  962.00000  964.14286  0.22%  25.7  660s
 2495337 698941  964.14286  123   14  962.00000  964.14286  0.22%  25.7  665s
 2541795 711119  964.14286  130   34  962.00000  964.14286  0.22%  25.6  670s
 2590619 724695     cutoff  146       962.00000  964.14286  0.22%  25.5  675s
 2635523 735946  963.00000  129   13  962.00000  964.14286  0.22%  25.5  680s
 2680915 747801     cutoff  122       962.00000  964.14286  0.22%  25.5  685s
 2723955 758854  963.00000  105    9  962.00000  964.14286  0.22%  25.4  690s
 2758223 767898  963.00000  117   26  962.00000  964.14286  0.22%  25.4  695s
 2796462 778205  963.00000  113   29  962.00000  964.14286  0.22%  25.3  700s
 2838939 789380  963.90476  124   53  962.00000  964.14286  0.22%  25.3  705s
 2883961 802395  963.00000  115   35  962.00000  964.14286  0.22%  25.3  710s
 2920477 813060  964.00000  112   52  962.00000  964.14286  0.22%  25.2  715s
 2961205 824618  963.00000  116    7  962.00000  964.14286  0.22%  25.2  720s
 2994571 834170  963.00000  126   26  962.00000  964.14286  0.22%  25.2  725s
 3030453 843757 infeasible  131       962.00000  964.14286  0.22%  25.2  730s
 3066010 853817  964.14286  124   48  962.00000  964.14286  0.22%  25.2  735s
 3102894 863915 infeasible  113       962.00000  964.14286  0.22%  25.1  740s
 3141670 875174  963.00000  123   32  962.00000  964.14286  0.22%  25.1  745s
 3179125 885325     cutoff  125       962.00000  964.14286  0.22%  25.1  750s
 3214171 895202  963.00000  138    9  962.00000  964.14286  0.22%  25.1  755s
 3250172 904753  963.72779  135   54  962.00000  964.14286  0.22%  25.0  760s
 3286914 914933  963.00000  117    9  962.00000  964.14286  0.22%  25.0  765s
 3322914 924769  963.00000  121   13  962.00000  964.14286  0.22%  25.0  770s
 3358882 934763  963.00000  127   30  962.00000  964.14286  0.22%  25.0  775s
 3394946 943736     cutoff  138       962.00000  964.14286  0.22%  25.0  780s
 3431585 953121     cutoff  145       962.00000  964.14286  0.22%  24.9  785s
 3467717 962600     cutoff  126       962.00000  964.14286  0.22%  24.9  790s
 3502552 971115     cutoff  135       962.00000  964.14286  0.22%  24.9  795s
 3534423 978745  963.00000  127   43  962.00000  964.08999  0.22%  24.9  800s
 3573320 988166  963.00000  130    9  962.00000  964.07895  0.22%  24.9  805s
 3611105 996731     cutoff  138       962.00000  964.06043  0.21%  24.8  810s
 3648044 1004016  963.00000  125   33  962.00000  964.00000  0.21%  24.8  815s
 3680774 1006096  963.00000  127    9  962.00000  964.00000  0.21%  24.8  820s
 3708450 1008283     cutoff  131       962.00000  964.00000  0.21%  24.8  825s
 3742655 1010999  963.00000  124    9  962.00000  964.00000  0.21%  24.8  830s
 3775598 1013868     cutoff  144       962.00000  964.00000  0.21%  24.8  835s
 3807802 1017650     cutoff  129       962.00000  964.00000  0.21%  24.9  840s
 3842328 1024643  963.00000  118   17  962.00000  964.00000  0.21%  24.9  845s
 3882632 1035011  963.00000  135   35  962.00000  964.00000  0.21%  24.8  850s
 3922700 1045493  963.00000  123   13  962.00000  964.00000  0.21%  24.8  855s
 3961198 1054987  964.00000  115   52  962.00000  964.00000  0.21%  24.8  860s
 3999933 1064593  963.88889  128   66  962.00000  964.00000  0.21%  24.7  865s
 4037374 1074620  963.00000  110   11  962.00000  964.00000  0.21%  24.7  870s
 4075449 1083849     cutoff  127       962.00000  964.00000  0.21%  24.7  875s
 4114526 1094194  963.00000  125    9  962.00000  964.00000  0.21%  24.7  880s
 4152441 1104286     cutoff  119       962.00000  964.00000  0.21%  24.7  885s
 4183194 1112694     cutoff  128       962.00000  964.00000  0.21%  24.7  890s
 4219178 1122242  963.00000  118   21  962.00000  964.00000  0.21%  24.7  895s
 4254237 1131299  963.00000  112   56  962.00000  964.00000  0.21%  24.7  900s
 4290531 1141076  963.00000  106   29  962.00000  964.00000  0.21%  24.7  905s
 4326007 1150139  964.00000  111   47  962.00000  964.00000  0.21%  24.7  910s
 4358358 1158850  964.00000  115   58  962.00000  964.00000  0.21%  24.7  915s
 4392380 1168369  963.00000  114   24  962.00000  964.00000  0.21%  24.8  920s
 4428666 1178092  963.00000  118   31  962.00000  964.00000  0.21%  24.8  925s
 4461992 1187460     cutoff  103       962.00000  964.00000  0.21%  24.8  930s
 4495881 1195358  963.00000  122   21  962.00000  963.98849  0.21%  24.8  935s
 4532408 1203564  963.00000  126   19  962.00000  963.95381  0.20%  24.8  940s
 4569843 1208880  963.81068  130   35  962.00000  963.90476  0.20%  24.7  945s
 4607123 1214295  963.00000  119    9  962.00000  963.89250  0.20%  24.7  950s
 4645656 1219395  963.00000  100   58  962.00000  963.89250  0.20%  24.6  955s
 4681751 1224176  963.00000  137    9  962.00000  963.89250  0.20%  24.6  960s
 4721731 1229895  963.86596  134   25  962.00000  963.89250  0.20%  24.5  965s
 4757611 1235175  963.89250  110  119  962.00000  963.89250  0.20%  24.5  970s
 4792947 1240964     cutoff  134       962.00000  963.89250  0.20%  24.4  975s
 4831424 1247680  963.89250  115  106  962.00000  963.89250  0.20%  24.4  980s
 4867731 1253224  963.89250  124   39  962.00000  963.89250  0.20%  24.4  985s
 4904763 1260390  963.00000  125   33  962.00000  963.89250  0.20%  24.3  990s
 4932079 1265446     cutoff  128       962.00000  963.89250  0.20%  24.3  995s
 4960551 1270770 infeasible  134       962.00000  963.89250  0.20%  24.3 1000s
 4993936 1278226  963.13442  129   91  962.00000  963.89250  0.20%  24.2 1005s
 5030101 1285717     cutoff  144       962.00000  963.89250  0.20%  24.2 1010s
 5066615 1293028  963.00000  123    9  962.00000  963.89250  0.20%  24.2 1015s
 5103677 1299834  963.89250  116   57  962.00000  963.89250  0.20%  24.1 1020s
 5139355 1305750     cutoff  139       962.00000  963.89250  0.20%  24.1 1025s
 5176395 1312321  963.89250  129   35  962.00000  963.89250  0.20%  24.1 1030s
 5211471 1318019     cutoff  122       962.00000  963.89250  0.20%  24.0 1035s
 5248172 1320916  963.00000  124   27  962.00000  963.88889  0.20%  24.0 1040s
 5283113 1322003  963.88889  117   28  962.00000  963.88889  0.20%  24.0 1045s
 5315743 1323798  963.00000  123   23  962.00000  963.88889  0.20%  24.0 1050s
 5353664 1329798  963.00000  136   19  962.00000  963.88889  0.20%  24.0 1055s
 5391228 1334667  963.88889  116   60  962.00000  963.88889  0.20%  23.9 1060s
 5429243 1338838     cutoff  124       962.00000  963.88889  0.20%  23.9 1065s
 5466377 1341911     cutoff  125       962.00000  963.88889  0.20%  23.9 1070s
 5503728 1345194     cutoff  119       962.00000  963.88889  0.20%  23.9 1075s
 5536926 1349015  963.00000  132   34  962.00000  963.88889  0.20%  23.9 1080s
 5574283 1353250  963.00000  122    7  962.00000  963.88889  0.20%  23.8 1085s
 5614475 1357749  963.00000  132   31  962.00000  963.88889  0.20%  23.8 1090s
 5652047 1362837     cutoff  115       962.00000  963.88889  0.20%  23.8 1095s
 5690242 1368108  963.00000  138   29  962.00000  963.88889  0.20%  23.7 1100s
 5730323 1374041  963.00000  127   13  962.00000  963.88889  0.20%  23.7 1105s
 5767976 1380374     cutoff  121       962.00000  963.88889  0.20%  23.7 1110s
 5806462 1386982  963.00000  125   18  962.00000  963.88889  0.20%  23.7 1115s
 5844285 1394179  963.88889  121   82  962.00000  963.88889  0.20%  23.7 1120s
 5881302 1401641     cutoff  130       962.00000  963.88889  0.20%  23.6 1125s
 5919377 1409596  963.00000  120   11  962.00000  963.88889  0.20%  23.6 1130s
 5955245 1417034     cutoff  109       962.00000  963.88889  0.20%  23.6 1135s
 5991757 1421678     cutoff  130       962.00000  963.87405  0.19%  23.6 1140s
 6025768 1426951  963.00000  120   23  962.00000  963.87405  0.19%  23.6 1145s
 6061753 1432305     cutoff  123       962.00000  963.87187  0.19%  23.5 1150s
 6095569 1435008  963.00000  130    7  962.00000  963.86596  0.19%  23.5 1155s
 6132520 1437782  963.00000  129   56  962.00000  963.86596  0.19%  23.5 1160s
 6166981 1440793  963.00000  122   11  962.00000  963.86596  0.19%  23.4 1165s
 6203777 1445284     cutoff  140       962.00000  963.86596  0.19%  23.4 1170s
 6239573 1450511  963.00000  118   13  962.00000  963.86596  0.19%  23.4 1175s
 6277721 1456388  963.00000  137   15  962.00000  963.86596  0.19%  23.3 1180s
 6315937 1463318     cutoff  152       962.00000  963.86596  0.19%  23.3 1185s
 6350534 1469505  963.00000  127    7  962.00000  963.86596  0.19%  23.3 1190s
 6389175 1477742  963.00000  138   11  962.00000  963.86596  0.19%  23.3 1195s
 6423798 1484351     cutoff  121       962.00000  963.86596  0.19%  23.2 1200s
 6459534 1487761  963.00000  136   21  962.00000  963.85425  0.19%  23.2 1205s
 6494847 1493529  963.73291  139   47  962.00000  963.85425  0.19%  23.2 1210s
 6532417 1500722  963.73115  138   49  962.00000  963.85425  0.19%  23.2 1215s
 6561502 1506930  963.77985  135   50  962.00000  963.85425  0.19%  23.1 1220s
 6591702 1512088     cutoff  116       962.00000  963.85133  0.19%  23.1 1225s
 6623197 1513775  963.00000  123   13  962.00000  963.82992  0.19%  23.1 1230s
 6653307 1515793  963.00000  110   14  962.00000  963.82759  0.19%  23.1 1235s
 6685486 1519229  963.00000  118   14  962.00000  963.82759  0.19%  23.1 1240s
 6716491 1523359  963.00000  117    9  962.00000  963.82759  0.19%  23.1 1245s
 6749799 1528635     cutoff  130       962.00000  963.82759  0.19%  23.0 1250s
 6782283 1534016     cutoff  114       962.00000  963.82759  0.19%  23.0 1255s
 6812169 1533402  963.82539  119   27  962.00000  963.82539  0.19%  23.0 1260s
 6840447 1532187  963.00000  120   14  962.00000  963.81050  0.19%  23.0 1265s
 6872334 1534149  963.00000  127   39  962.00000  963.81002  0.19%  23.0 1270s
 6905817 1539119  963.00000  126   38  962.00000  963.80292  0.19%  23.0 1275s
 6943074 1547768  963.00000  123   25  962.00000  963.80292  0.19%  22.9 1280s
 6975414 1551349     cutoff  127       962.00000  963.80000  0.19%  22.9 1285s
 7007533 1553750     cutoff  121       962.00000  963.80000  0.19%  22.9 1290s
 7039779 1555511  963.00000  119   13  962.00000  963.80000  0.19%  22.9 1295s
 7070995 1557919     cutoff  127       962.00000  963.80000  0.19%  22.8 1300s
 7094359 1559787  963.00000  133   15  962.00000  963.80000  0.19%  22.8 1305s
 7115167 1561993  963.00000  139   11  962.00000  963.80000  0.19%  22.8 1310s
 7144591 1564561  963.00000  122   12  962.00000  963.80000  0.19%  22.8 1315s
 7176274 1566030  963.00000  121   25  962.00000  963.78547  0.19%  22.8 1320s
 7208880 1570316     cutoff  125       962.00000  963.78138  0.19%  22.8 1325s
 7240967 1573118  963.00000  136   21  962.00000  963.77419  0.18%  22.7 1330s
 7274176 1573753  963.75557  127   56  962.00000  963.75557  0.18%  22.7 1335s
 7306673 1573533     cutoff  118       962.00000  963.75329  0.18%  22.7 1340s
 7339002 1574858     cutoff  123       962.00000  963.74728  0.18%  22.7 1345s
 7371637 1576697 infeasible  129       962.00000  963.74146  0.18%  22.6 1350s
 7405670 1579569  963.00000  143   29  962.00000  963.74146  0.18%  22.6 1355s
 7437968 1583661     cutoff  129       962.00000  963.74146  0.18%  22.6 1360s
 7470713 1587960  963.73291  132   46  962.00000  963.73291  0.18%  22.6 1365s
 7502702 1588961  963.53333  144   27  962.00000  963.72727  0.18%  22.5 1370s
 7535500 1592460     cutoff  128       962.00000  963.72727  0.18%  22.5 1375s
 7568290 1594068     cutoff  129       962.00000  963.71028  0.18%  22.5 1380s
 7600937 1593487     cutoff  128       962.00000  963.69565  0.18%  22.5 1385s
 7632477 1594171     cutoff  138       962.00000  963.66965  0.17%  22.5 1390s
 7664264 1595791     cutoff  135       962.00000  963.66859  0.17%  22.4 1395s
 7698587 1600167  963.00000  142    9  962.00000  963.66667  0.17%  22.4 1400s
 7730785 1602913  963.63924  132   39  962.00000  963.64179  0.17%  22.4 1405s
 7763681 1604667  963.60587  119   68  962.00000  963.60709  0.17%  22.3 1410s
 7800643 1603368     cutoff  139       962.00000  963.55271  0.16%  22.3 1415s
 7835850 1600401  963.53333  145   25  962.00000  963.53333  0.16%  22.3 1420s
 7868327 1599082     cutoff  141       962.00000  963.53333  0.16%  22.3 1425s
 7904433 1607415 infeasible  136       962.00000  963.53333  0.16%  22.2 1430s
 7937295 1614253  963.00000  142   11  962.00000  963.51558  0.16%  22.2 1435s
 7964404 1615849  963.48193  139   44  962.00000  963.48193  0.15%  22.2 1440s
 7996538 1614210     cutoff  114       962.00000  963.42105  0.15%  22.2 1445s
 8033272 1614417  963.00000  128   33  962.00000  963.31883  0.14%  22.1 1450s
 8069823 1610119  963.00000  130   19  962.00000  963.06474  0.11%  22.1 1455s
 8096790 1600007  963.00000  138    7  962.00000  963.00000  0.10%  22.1 1460s
 8128550 1597081  963.00000  124    9  962.00000  963.00000  0.10%  22.0 1465s
 8161890 1592844  963.00000  119   19  962.00000  963.00000  0.10%  22.0 1470s
 8195753 1590424  963.00000  118   18  962.00000  963.00000  0.10%  21.9 1475s
 8231042 1587874     cutoff  137       962.00000  963.00000  0.10%  21.9 1480s
 8264716 1586026  963.00000  141   16  962.00000  963.00000  0.10%  21.8 1485s
 8300113 1584535  963.00000  110    9  962.00000  963.00000  0.10%  21.7 1490s
 8336154 1581566  963.00000  119    7  962.00000  963.00000  0.10%  21.7 1495s
 8367611 1578779  963.00000  134    9  962.00000  963.00000  0.10%  21.6 1500s
 8400423 1575628  963.00000  132   20  962.00000  963.00000  0.10%  21.6 1505s
 8431675 1571433  963.00000  131   23  962.00000  963.00000  0.10%  21.5 1510s
 8464947 1568803  963.00000  132   19  962.00000  963.00000  0.10%  21.5 1515s
 8495915 1565135     cutoff  155       962.00000  963.00000  0.10%  21.4 1520s
 8528666 1562040  963.00000  129   43  962.00000  963.00000  0.10%  21.4 1525s
 8559467 1559725     cutoff  112       962.00000  963.00000  0.10%  21.3 1530s
 8592105 1557325  963.00000  136    7  962.00000  963.00000  0.10%  21.3 1535s
 8626374 1553882  963.00000  138    9  962.00000  963.00000  0.10%  21.2 1540s
 8661629 1550422     cutoff  124       962.00000  963.00000  0.10%  21.1 1545s
 8695319 1546683  963.00000  125   11  962.00000  963.00000  0.10%  21.1 1550s
 8730706 1542299     cutoff  109       962.00000  963.00000  0.10%  21.0 1555s
 8764320 1538925     cutoff  124       962.00000  963.00000  0.10%  21.0 1560s
 8797913 1536164     cutoff  149       962.00000  963.00000  0.10%  20.9 1565s
 8833584 1532940     cutoff  122       962.00000  963.00000  0.10%  20.9 1570s
 8865364 1529762     cutoff  141       962.00000  963.00000  0.10%  20.8 1575s
 8900353 1526555  963.00000  130   21  962.00000  963.00000  0.10%  20.8 1580s
 8936805 1520598     cutoff  136       962.00000  963.00000  0.10%  20.7 1585s
 8969640 1514672  963.00000  114   14  962.00000  963.00000  0.10%  20.7 1590s
 9002213 1510848  963.00000  125   17  962.00000  963.00000  0.10%  20.6 1595s
 9035836 1507489  963.00000  143   15  962.00000  963.00000  0.10%  20.6 1600s
 9067055 1504580  963.00000  108    9  962.00000  963.00000  0.10%  20.5 1605s
 9100383 1502005  963.00000  118   11  962.00000  963.00000  0.10%  20.5 1610s
 9134148 1499937  963.00000  141   10  962.00000  963.00000  0.10%  20.5 1615s
 9167741 1498264  963.00000  134   27  962.00000  963.00000  0.10%  20.4 1620s
 9201750 1494350     cutoff  143       962.00000  963.00000  0.10%  20.4 1625s
 9233561 1490710  963.00000  149   10  962.00000  963.00000  0.10%  20.3 1630s
 9270110 1486834  963.00000  133   11  962.00000  963.00000  0.10%  20.3 1635s
 9303364 1482862  963.00000  130   17  962.00000  963.00000  0.10%  20.2 1640s
 9337059 1479821  963.00000  132    9  962.00000  963.00000  0.10%  20.2 1645s
 9374675 1474311     cutoff  136       962.00000  963.00000  0.10%  20.1 1650s
 9408457 1468602  963.00000  119   11  962.00000  963.00000  0.10%  20.1 1655s
 9442812 1464301  963.00000  127   17  962.00000  963.00000  0.10%  20.0 1660s
 9476697 1460739  963.00000  120    9  962.00000  963.00000  0.10%  20.0 1665s
 9510190 1457790     cutoff  141       962.00000  963.00000  0.10%  19.9 1670s
 9543875 1455512  963.00000  157   31  962.00000  963.00000  0.10%  19.9 1675s
 9579941 1453410     cutoff  131       962.00000  963.00000  0.10%  19.9 1680s
 9616391 1451767  963.00000  146    9  962.00000  963.00000  0.10%  19.8 1685s
 9649304 1448292  963.00000  118   14  962.00000  963.00000  0.10%  19.8 1690s
 9683068 1443992  963.00000  127   20  962.00000  963.00000  0.10%  19.7 1695s
 9717054 1440745     cutoff  129       962.00000  963.00000  0.10%  19.7 1700s
 9752619 1436058  963.00000  139   15  962.00000  963.00000  0.10%  19.6 1705s
 9784336 1433207     cutoff  126       962.00000  963.00000  0.10%  19.6 1710s
 9820351 1430360  963.00000  132   42  962.00000  963.00000  0.10%  19.5 1715s
 9842548 1427357  963.00000  123   33  962.00000  963.00000  0.10%  19.5 1720s
 9877962 1421489  963.00000  147    9  962.00000  963.00000  0.10%  19.5 1725s
 9913496 1415384  963.00000  123   16  962.00000  963.00000  0.10%  19.4 1730s
 9944685 1410577  963.00000  126   21  962.00000  963.00000  0.10%  19.4 1735s
 9978439 1405933  963.00000  119   17  962.00000  963.00000  0.10%  19.4 1740s
 10011516 1402020  963.00000  137   21  962.00000  963.00000  0.10%  19.3 1745s
 10043726 1398628     cutoff  142       962.00000  963.00000  0.10%  19.3 1750s
 10077613 1395547     cutoff  134       962.00000  963.00000  0.10%  19.3 1755s
 10111342 1392350  963.00000  142   13  962.00000  963.00000  0.10%  19.2 1760s
 10144799 1389233     cutoff  142       962.00000  963.00000  0.10%  19.2 1765s
 10176704 1386395  963.00000  144   35  962.00000  963.00000  0.10%  19.1 1770s
 10209914 1383836  963.00000  126   22  962.00000  963.00000  0.10%  19.1 1775s
 10243699 1380865  963.00000  137    7  962.00000  963.00000  0.10%  19.1 1780s
 10277094 1377997     cutoff  137       962.00000  963.00000  0.10%  19.0 1785s
 10310518 1375433  963.00000  135   11  962.00000  963.00000  0.10%  19.0 1790s
 10344404 1372846  963.00000  133   18  962.00000  963.00000  0.10%  19.0 1795s
 10378389 1370366  963.00000  115   23  962.00000  963.00000  0.10%  18.9 1800s
 10411527 1368316  963.00000  150   17  962.00000  963.00000  0.10%  18.9 1805s
 10447390 1366157  963.00000  126   18  962.00000  963.00000  0.10%  18.8 1810s
 10481158 1364239     cutoff  139       962.00000  963.00000  0.10%  18.8 1815s
 10514784 1362373     cutoff  136       962.00000  963.00000  0.10%  18.8 1820s
 10547987 1360529     cutoff  136       962.00000  963.00000  0.10%  18.7 1825s
 10583498 1358711     cutoff  135       962.00000  963.00000  0.10%  18.7 1830s
 10617429 1357403  963.00000  109    9  962.00000  963.00000  0.10%  18.7 1835s
 10653034 1355458     cutoff  152       962.00000  963.00000  0.10%  18.6 1840s
 10682676 1351815  963.00000  145    9  962.00000  963.00000  0.10%  18.6 1845s
 10694637 1349742  963.00000  132   15  962.00000  963.00000  0.10%  18.6 1850s
 10724910 1346591  963.00000  129   25  962.00000  963.00000  0.10%  18.6 1855s
 10758551 1343807     cutoff  128       962.00000  963.00000  0.10%  18.5 1860s
 10789880 1340990     cutoff  135       962.00000  963.00000  0.10%  18.5 1865s
 10823228 1338760  963.00000  143   25  962.00000  963.00000  0.10%  18.5 1870s
 10855423 1335575     cutoff  147       962.00000  963.00000  0.10%  18.4 1875s
 10888278 1331699     cutoff  119       962.00000  963.00000  0.10%  18.4 1880s
 10919896 1328944     cutoff  143       962.00000  963.00000  0.10%  18.4 1885s
 10954985 1327281  963.00000  140   25  962.00000  963.00000  0.10%  18.3 1890s
 10987914 1325131     cutoff  136       962.00000  963.00000  0.10%  18.3 1895s
 11020387 1322893  963.00000  136    9  962.00000  963.00000  0.10%  18.3 1900s
 11053263 1319538  963.00000  129   18  962.00000  963.00000  0.10%  18.2 1905s
 11088971 1317128     cutoff  128       962.00000  963.00000  0.10%  18.2 1910s
 11120853 1314536  963.00000  123   27  962.00000  963.00000  0.10%  18.2 1915s
 11153292 1310233     cutoff  123       962.00000  963.00000  0.10%  18.1 1920s
 11186474 1305158     cutoff  114       962.00000  963.00000  0.10%  18.1 1925s
 11220253 1300682     cutoff  116       962.00000  963.00000  0.10%  18.1 1930s
 11251112 1296849  963.00000  136   19  962.00000  963.00000  0.10%  18.1 1935s
 11282517 1293237     cutoff  117       962.00000  963.00000  0.10%  18.0 1940s
 11316636 1289401     cutoff  123       962.00000  963.00000  0.10%  18.0 1945s
 11347131 1285967     cutoff  111       962.00000  963.00000  0.10%  18.0 1950s
 11381016 1282071  963.00000  126   10  962.00000  963.00000  0.10%  17.9 1955s
 11414575 1278244  963.00000  130    9  962.00000  963.00000  0.10%  17.9 1960s
 11445372 1275579  963.00000  119   46  962.00000  963.00000  0.10%  17.9 1965s
 11478175 1272034     cutoff  130       962.00000  963.00000  0.10%  17.9 1970s
 11512050 1268520     cutoff  135       962.00000  963.00000  0.10%  17.8 1975s
 11543363 1265292  963.00000  114    9  962.00000  963.00000  0.10%  17.8 1980s
 11575645 1262292  963.00000  128   11  962.00000  963.00000  0.10%  17.8 1985s
 11608698 1259688     cutoff  123       962.00000  963.00000  0.10%  17.7 1990s
 11641937 1257430     cutoff  122       962.00000  963.00000  0.10%  17.7 1995s
 11675744 1254890     cutoff  135       962.00000  963.00000  0.10%  17.7 2000s
 11706584 1252676  963.00000  130    7  962.00000  963.00000  0.10%  17.7 2005s
 11739784 1250144  963.00000  140   20  962.00000  963.00000  0.10%  17.6 2010s
 11772272 1248277  963.00000  114   28  962.00000  963.00000  0.10%  17.6 2015s
 11805413 1246012  963.00000  120   33  962.00000  963.00000  0.10%  17.6 2020s
 11838672 1244374  963.00000  126   36  962.00000  963.00000  0.10%  17.6 2025s
 11872678 1241657  963.00000  125    7  962.00000  963.00000  0.10%  17.5 2030s
 11904244 1239716  963.00000  106   45  962.00000  963.00000  0.10%  17.5 2035s
 11940630 1237226  963.00000  128    7  962.00000  963.00000  0.10%  17.5 2040s
 11972857 1235162  963.00000  136   18  962.00000  963.00000  0.10%  17.5 2045s
 12006528 1233123  963.00000  120   48  962.00000  963.00000  0.10%  17.4 2050s
 12033191 1229914  963.00000  127    9  962.00000  963.00000  0.10%  17.4 2055s
 12063888 1225862     cutoff  125       962.00000  963.00000  0.10%  17.4 2060s
 12097311 1221389  963.00000  123   23  962.00000  963.00000  0.10%  17.4 2065s
 12131848 1218492  963.00000  131   19  962.00000  963.00000  0.10%  17.3 2070s
 12163331 1214654     cutoff  147       962.00000  963.00000  0.10%  17.3 2075s
 12196113 1211057  963.00000  130   16  962.00000  963.00000  0.10%  17.3 2080s
 12230127 1207231     cutoff  125       962.00000  963.00000  0.10%  17.2 2085s
 12261565 1203417  963.00000  137   18  962.00000  963.00000  0.10%  17.2 2090s
 12295079 1199942  963.00000  129   21  962.00000  963.00000  0.10%  17.2 2095s
 12328608 1196410     cutoff  143       962.00000  963.00000  0.10%  17.2 2100s
 12359297 1193300  963.00000  122   13  962.00000  963.00000  0.10%  17.1 2105s
 12392016 1191594     cutoff  116       962.00000  963.00000  0.10%  17.1 2110s
 12423765 1190798  963.00000  125   18  962.00000  963.00000  0.10%  17.1 2115s
 12455747 1190665  963.00000  123   15  962.00000  963.00000  0.10%  17.2 2120s
 12489630 1188964  963.00000  118   25  962.00000  963.00000  0.10%  17.2 2125s
 12520409 1188971 infeasible  124       962.00000  963.00000  0.10%  17.2 2130s
 12549927 1189008  963.00000  126    9  962.00000  963.00000  0.10%  17.2 2135s
 12579454 1186959  963.00000  126   14  962.00000  963.00000  0.10%  17.2 2140s
 12611162 1183849  963.00000  116   18  962.00000  963.00000  0.10%  17.2 2145s
 12640865 1182283 infeasible  120       962.00000  963.00000  0.10%  17.2 2150s
 12672768 1181222  963.00000  107   42  962.00000  963.00000  0.10%  17.2 2155s
 12703719 1179835  963.00000  107   39  962.00000  963.00000  0.10%  17.2 2160s
 12733593 1177803  963.00000  133   19  962.00000  963.00000  0.10%  17.2 2165s
 12765570 1175728     cutoff  108       962.00000  963.00000  0.10%  17.3 2170s
 12795525 1173050     cutoff  127       962.00000  963.00000  0.10%  17.3 2175s
 12824940 1170074     cutoff  126       962.00000  963.00000  0.10%  17.3 2180s
 12855979 1167365     cutoff  136       962.00000  963.00000  0.10%  17.3 2185s
 12886392 1165074     cutoff  123       962.00000  963.00000  0.10%  17.3 2190s
 12915860 1164748 infeasible  116       962.00000  963.00000  0.10%  17.3 2195s
 12944795 1164059     cutoff  121       962.00000  963.00000  0.10%  17.3 2200s
 12974365 1163368     cutoff  124       962.00000  963.00000  0.10%  17.3 2205s
 13004124 1161736     cutoff  134       962.00000  963.00000  0.10%  17.3 2210s
 13036531 1160685  963.00000  131    9  962.00000  963.00000  0.10%  17.3 2215s
 13066208 1159219  963.00000  125    9  962.00000  963.00000  0.10%  17.3 2220s
 13098108 1156761  963.00000  113    9  962.00000  963.00000  0.10%  17.4 2225s
 13127883 1154531  963.00000  129   35  962.00000  963.00000  0.10%  17.4 2230s
 13159460 1153421  963.00000  116   13  962.00000  963.00000  0.10%  17.4 2235s
 13191012 1151936  963.00000  116    7  962.00000  963.00000  0.10%  17.4 2240s
 13222188 1150614  963.00000  106   23  962.00000  963.00000  0.10%  17.4 2245s
 13252093 1149337  963.00000  124   11  962.00000  963.00000  0.10%  17.4 2250s
 13278044 1147903     cutoff  127       962.00000  963.00000  0.10%  17.4 2255s
 13310439 1146946  963.00000  118   27  962.00000  963.00000  0.10%  17.4 2260s
 13340609 1145587  963.00000  120   12  962.00000  963.00000  0.10%  17.4 2265s
 13373025 1144110     cutoff  138       962.00000  963.00000  0.10%  17.4 2270s
 13402156 1142744     cutoff  149       962.00000  963.00000  0.10%  17.4 2275s
 13434120 1141186     cutoff  134       962.00000  963.00000  0.10%  17.4 2280s
 13465938 1139365     cutoff  130       962.00000  963.00000  0.10%  17.4 2285s
 13496221 1137350     cutoff  145       962.00000  963.00000  0.10%  17.4 2290s
 13528404 1135166 infeasible  125       962.00000  963.00000  0.10%  17.4 2295s
 13559499 1133404  963.00000  132   43  962.00000  963.00000  0.10%  17.4 2300s
 13590926 1131333  963.00000  119   11  962.00000  963.00000  0.10%  17.4 2305s
 13622821 1129107  963.00000  143    9  962.00000  963.00000  0.10%  17.4 2310s
 13651914 1127508  963.00000  123    7  962.00000  963.00000  0.10%  17.4 2315s
 13683873 1125407  963.00000  128   21  962.00000  963.00000  0.10%  17.5 2320s
 13713681 1124283 infeasible  122       962.00000  963.00000  0.10%  17.5 2325s
 13728905 1124026  963.00000  145   35  962.00000  963.00000  0.10%  17.5 2330s
 13749195 1123445  963.00000  126   28  962.00000  963.00000  0.10%  17.5 2335s
 13778528 1123339  963.00000  107   10  962.00000  963.00000  0.10%  17.5 2340s
 13808043 1122979  963.00000  122   23  962.00000  963.00000  0.10%  17.5 2345s
 13837499 1122498  963.00000  122   46  962.00000  963.00000  0.10%  17.5 2350s
 13869199 1121597     cutoff  129       962.00000  963.00000  0.10%  17.5 2355s
 13899566 1120194     cutoff  130       962.00000  963.00000  0.10%  17.5 2360s
 13930878 1118090 infeasible  117       962.00000  963.00000  0.10%  17.5 2365s
 13960734 1115582  963.00000  138   13  962.00000  963.00000  0.10%  17.5 2370s
 13992805 1113831     cutoff  124       962.00000  963.00000  0.10%  17.5 2375s
 14022181 1112384     cutoff  136       962.00000  963.00000  0.10%  17.5 2380s
 14053999 1110672     cutoff  134       962.00000  963.00000  0.10%  17.5 2385s
 14086431 1109026     cutoff  124       962.00000  963.00000  0.10%  17.6 2390s
 14118044 1107107  963.00000  128    9  962.00000  963.00000  0.10%  17.6 2395s
 14147028 1106123  963.00000  136   22  962.00000  963.00000  0.10%  17.6 2400s
 14168830 1104799  963.00000  117   16  962.00000  963.00000  0.10%  17.6 2405s
 14200701 1102937  963.00000  130   12  962.00000  963.00000  0.10%  17.6 2410s
 14230572 1100951     cutoff  130       962.00000  963.00000  0.10%  17.6 2415s
 14262260 1098517  963.00000  120   23  962.00000  963.00000  0.10%  17.6 2420s
 14292719 1096409 infeasible  139       962.00000  963.00000  0.10%  17.6 2425s
 14324816 1094257     cutoff  125       962.00000  963.00000  0.10%  17.6 2430s
 14356128 1091725     cutoff  123       962.00000  963.00000  0.10%  17.6 2435s
 14386147 1089426  963.00000  138    9  962.00000  963.00000  0.10%  17.6 2440s
 14417417 1087134     cutoff  117       962.00000  963.00000  0.10%  17.6 2445s
 14447233 1084720     cutoff  122       962.00000  963.00000  0.10%  17.6 2450s
 14477219 1082028  963.00000  145   10  962.00000  963.00000  0.10%  17.6 2455s
 14507279 1079365  963.00000  126   15  962.00000  963.00000  0.10%  17.6 2460s
 14538531 1077494     cutoff  139       962.00000  963.00000  0.10%  17.6 2465s
 14567489 1076350 infeasible  122       962.00000  963.00000  0.10%  17.6 2470s
 14599845 1074697  963.00000  116   30  962.00000  963.00000  0.10%  17.6 2475s
 14629669 1073328  963.00000  136   25  962.00000  963.00000  0.10%  17.7 2480s
 14659779 1071486  963.00000  129   15  962.00000  963.00000  0.10%  17.7 2485s
 14689444 1069185     cutoff  134       962.00000  963.00000  0.10%  17.7 2490s
 14720997 1066314     cutoff  138       962.00000  963.00000  0.10%  17.7 2495s
 14751312 1064449  963.00000  133   12  962.00000  963.00000  0.10%  17.7 2500s
 14782642 1062502     cutoff  125       962.00000  963.00000  0.10%  17.7 2505s
 14812489 1060308     cutoff  125       962.00000  963.00000  0.10%  17.7 2510s
 14845229 1058421  963.00000  142    9  962.00000  963.00000  0.10%  17.7 2515s
 14876053 1056367  963.00000  113    9  962.00000  963.00000  0.10%  17.7 2520s
 14906135 1054917  963.00000  122   16  962.00000  963.00000  0.10%  17.7 2525s
 14935722 1053190     cutoff  149       962.00000  963.00000  0.10%  17.7 2530s
 14967976 1050770  963.00000  120   45  962.00000  963.00000  0.10%  17.7 2535s
 14998096 1048438     cutoff  137       962.00000  963.00000  0.10%  17.7 2540s
 15030184 1046275     cutoff  119       962.00000  963.00000  0.10%  17.7 2545s
 15061547 1043813  963.00000  117    7  962.00000  963.00000  0.10%  17.7 2550s
 15091118 1041366     cutoff  121       962.00000  963.00000  0.10%  17.7 2555s
 15121136 1039035 infeasible  124       962.00000  963.00000  0.10%  17.7 2560s
 15152212 1036862     cutoff  112       962.00000  963.00000  0.10%  17.7 2565s
 15182197 1034346  963.00000  109   45  962.00000  963.00000  0.10%  17.7 2570s
 15211976 1031982  963.00000  116   36  962.00000  963.00000  0.10%  17.7 2575s
 15242007 1029371  963.00000  124   22  962.00000  963.00000  0.10%  17.8 2580s
 15271844 1027086  963.00000  145    7  962.00000  963.00000  0.10%  17.8 2585s
 15303510 1024405     cutoff  132       962.00000  963.00000  0.10%  17.8 2590s
 15333143 1022793     cutoff  132       962.00000  963.00000  0.10%  17.8 2595s
 15363737 1020365     cutoff  133       962.00000  963.00000  0.10%  17.8 2600s
 15392934 1018020  963.00000  122   10  962.00000  963.00000  0.10%  17.8 2605s
 15423406 1015897     cutoff  136       962.00000  963.00000  0.10%  17.8 2610s
 15454896 1013537     cutoff  123       962.00000  963.00000  0.10%  17.8 2615s
 15484902 1011747 infeasible  124       962.00000  963.00000  0.10%  17.8 2620s
 15514557 1009993  963.00000  127    9  962.00000  963.00000  0.10%  17.8 2625s
 15544089 1008291     cutoff  111       962.00000  963.00000  0.10%  17.8 2630s
 15574253 1006546     cutoff  123       962.00000  963.00000  0.10%  17.8 2635s
 15604707 1004615     cutoff  127       962.00000  963.00000  0.10%  17.8 2640s
 15635968 1002689  963.00000  114   13  962.00000  963.00000  0.10%  17.8 2645s
 15668121 1001295  963.00000  128   45  962.00000  963.00000  0.10%  17.8 2650s
 15698132 999333     cutoff  126       962.00000  963.00000  0.10%  17.8 2655s
 15728073 997327  963.00000  117   16  962.00000  963.00000  0.10%  17.8 2660s
 15760022 995196     cutoff  137       962.00000  963.00000  0.10%  17.8 2665s
 15789531 993262  963.00000  124   11  962.00000  963.00000  0.10%  17.8 2670s
 15821809 990927     cutoff  139       962.00000  963.00000  0.10%  17.8 2675s
 15853374 988682     cutoff  107       962.00000  963.00000  0.10%  17.8 2680s
 15882987 986630  963.00000  137   11  962.00000  963.00000  0.10%  17.8 2685s
 15912274 984295     cutoff  118       962.00000  963.00000  0.10%  17.8 2690s
 15941787 982358  963.00000  129   23  962.00000  963.00000  0.10%  17.9 2695s
 15970395 979941     cutoff  129       962.00000  963.00000  0.10%  17.9 2700s
 16002112 977313     cutoff  136       962.00000  963.00000  0.10%  17.9 2705s
 16031764 975272  963.00000  115   31  962.00000  963.00000  0.10%  17.9 2710s
 16061451 972851     cutoff  136       962.00000  963.00000  0.10%  17.9 2715s
 16091621 970585  963.00000  121   30  962.00000  963.00000  0.10%  17.9 2720s
 16121392 968379     cutoff  124       962.00000  963.00000  0.10%  17.9 2725s
 16153311 966030 infeasible  112       962.00000  963.00000  0.10%  17.9 2730s
 16183009 963555     cutoff  122       962.00000  963.00000  0.10%  17.9 2735s
 16213456 961015  963.00000  121    9  962.00000  963.00000  0.10%  17.9 2740s
 16244395 958270     cutoff  125       962.00000  963.00000  0.10%  17.9 2745s
 16274452 956562     cutoff  135       962.00000  963.00000  0.10%  17.9 2750s
 16304200 954854 infeasible  133       962.00000  963.00000  0.10%  17.9 2755s
 16336021 953083  963.00000  128   36  962.00000  963.00000  0.10%  17.9 2760s
 16366447 951382     cutoff  140       962.00000  963.00000  0.10%  17.9 2765s
 16397795 949624     cutoff  120       962.00000  963.00000  0.10%  17.9 2770s
 16427657 948124  963.00000  111   38  962.00000  963.00000  0.10%  17.9 2775s
 16459522 946575  963.00000  122   12  962.00000  963.00000  0.10%  17.9 2780s
 16489291 944795     cutoff  121       962.00000  963.00000  0.10%  17.9 2785s
 16519245 942637  963.00000  129   15  962.00000  963.00000  0.10%  17.9 2790s
 16551132 940460     cutoff  110       962.00000  963.00000  0.10%  17.9 2795s
 16575712 938795  963.00000  130   15  962.00000  963.00000  0.10%  17.9 2800s
 16603043 936776  963.00000  133    9  962.00000  963.00000  0.10%  17.9 2805s
 16632152 934667     cutoff  129       962.00000  963.00000  0.10%  18.0 2810s
 16664438 932449     cutoff  115       962.00000  963.00000  0.10%  18.0 2815s
 16694567 930418  963.00000  115   27  962.00000  963.00000  0.10%  18.0 2820s
 16725275 928390  963.00000  128    9  962.00000  963.00000  0.10%  18.0 2825s
 16753258 926199  963.00000  136   22  962.00000  963.00000  0.10%  18.0 2830s
 16784848 923835     cutoff  135       962.00000  963.00000  0.10%  18.0 2835s
 16814718 921725 infeasible  123       962.00000  963.00000  0.10%  18.0 2840s
 16844864 919636  963.00000  118   11  962.00000  963.00000  0.10%  18.0 2845s
 16875868 917554     cutoff  142       962.00000  963.00000  0.10%  18.0 2850s
 16905807 915256     cutoff  130       962.00000  963.00000  0.10%  18.0 2855s
 16935486 913204  963.00000  130   15  962.00000  963.00000  0.10%  18.0 2860s
 16965754 910820     cutoff  123       962.00000  963.00000  0.10%  18.0 2865s
 16997009 908689 infeasible  121       962.00000  963.00000  0.10%  18.0 2870s
 17024871 906977  963.00000  129   12  962.00000  963.00000  0.10%  18.0 2875s
 17034143 906208     cutoff  134       962.00000  963.00000  0.10%  18.0 2880s
 17064356 904279     cutoff  128       962.00000  963.00000  0.10%  18.0 2885s
 17093809 902131     cutoff  129       962.00000  963.00000  0.10%  18.0 2890s
 17123596 900229  963.00000  149   42  962.00000  963.00000  0.10%  18.0 2895s
 17153900 898709     cutoff  125       962.00000  963.00000  0.10%  18.0 2900s
 17183394 897412  963.00000  134   15  962.00000  963.00000  0.10%  18.0 2905s
 17213635 895810  963.00000  141   14  962.00000  963.00000  0.10%  18.1 2910s
 17245639 894109  963.00000  128   29  962.00000  963.00000  0.10%  18.1 2915s
 17275013 892815     cutoff  120       962.00000  963.00000  0.10%  18.1 2920s
 17306254 891430  963.00000  105   22  962.00000  963.00000  0.10%  18.1 2925s
 17336406 890364  963.00000  126   15  962.00000  963.00000  0.10%  18.1 2930s
 17365559 888933  963.00000  108    9  962.00000  963.00000  0.10%  18.1 2935s
 17395631 887224     cutoff  126       962.00000  963.00000  0.10%  18.1 2940s
 17425549 885445     cutoff  129       962.00000  963.00000  0.10%  18.1 2945s
 17455387 883697  963.00000  114   55  962.00000  963.00000  0.10%  18.1 2950s
 17486635 881858     cutoff  126       962.00000  963.00000  0.10%  18.1 2955s
 17516781 880079     cutoff  130       962.00000  963.00000  0.10%  18.1 2960s
 17546621 878365  963.00000  133   21  962.00000  963.00000  0.10%  18.1 2965s
 17576932 876339  963.00000  146   11  962.00000  963.00000  0.10%  18.1 2970s
 17608371 874294     cutoff  137       962.00000  963.00000  0.10%  18.1 2975s
 17637744 872784     cutoff  127       962.00000  963.00000  0.10%  18.1 2980s
 17667133 871251  963.00000  120   29  962.00000  963.00000  0.10%  18.1 2985s
 17698070 869417  963.00000  114   11  962.00000  963.00000  0.10%  18.1 2990s
 17727190 867346  963.00000  115    9  962.00000  963.00000  0.10%  18.1 2995s
 17758676 865275  963.00000  129   48  962.00000  963.00000  0.10%  18.1 3000s
 17786069 863527     cutoff  120       962.00000  963.00000  0.10%  18.1 3005s
 17815690 861548     cutoff  127       962.00000  963.00000  0.10%  18.1 3010s
 17847204 859580     cutoff  108       962.00000  963.00000  0.10%  18.1 3015s
 17877348 857510     cutoff  126       962.00000  963.00000  0.10%  18.2 3020s
 17906718 855803  963.00000  130   17  962.00000  963.00000  0.10%  18.2 3025s
 17936375 853314  963.00000  117   23  962.00000  963.00000  0.10%  18.2 3030s
 17965799 850863     cutoff  137       962.00000  963.00000  0.10%  18.2 3035s
 17995550 848832     cutoff  103       962.00000  963.00000  0.10%  18.2 3040s
 18027305 846789  963.00000  130    7  962.00000  963.00000  0.10%  18.2 3045s
 18057234 844780  963.00000  113    7  962.00000  963.00000  0.10%  18.2 3050s
 18089165 842709  963.00000  135   19  962.00000  963.00000  0.10%  18.2 3055s
 18118514 840863     cutoff  122       962.00000  963.00000  0.10%  18.2 3060s
 18148540 838806  963.00000  123   21  962.00000  963.00000  0.10%  18.2 3065s
 18178371 836789     cutoff  122       962.00000  963.00000  0.10%  18.2 3070s
 18207519 834814 infeasible  112       962.00000  963.00000  0.10%  18.2 3075s
 18232093 833206 infeasible  120       962.00000  963.00000  0.10%  18.2 3080s
 18263662 831688     cutoff  119       962.00000  963.00000  0.10%  18.2 3085s
 18294008 829891     cutoff  111       962.00000  963.00000  0.10%  18.2 3090s
 18324512 828403  963.00000  139   27  962.00000  963.00000  0.10%  18.2 3095s
 18354081 826550     cutoff  126       962.00000  963.00000  0.10%  18.2 3100s
 18386399 824383  963.00000  135   13  962.00000  963.00000  0.10%  18.2 3105s
 18415696 822723  963.00000  111   25  962.00000  963.00000  0.10%  18.2 3110s
 18446793 820783  963.00000  122   23  962.00000  963.00000  0.10%  18.2 3115s
 18476485 818865  963.00000  141   29  962.00000  963.00000  0.10%  18.2 3120s
 18506416 817081  963.00000  132   11  962.00000  963.00000  0.10%  18.2 3125s
 18536362 815195     cutoff  127       962.00000  963.00000  0.10%  18.2 3130s
 18566101 813277  963.00000  132   16  962.00000  963.00000  0.10%  18.2 3135s
 18595890 811220  963.00000  123   16  962.00000  963.00000  0.10%  18.2 3140s
 18627029 808659     cutoff  128       962.00000  963.00000  0.10%  18.2 3145s
 18654944 806693     cutoff  129       962.00000  963.00000  0.10%  18.3 3150s
 18684819 804732     cutoff  111       962.00000  963.00000  0.10%  18.3 3155s
 18714155 802593  963.00000  125   21  962.00000  963.00000  0.10%  18.3 3160s
 18743980 800575     cutoff  109       962.00000  963.00000  0.10%  18.3 3165s
 18776009 798244     cutoff  133       962.00000  963.00000  0.10%  18.3 3170s
 18805361 795909 infeasible  144       962.00000  963.00000  0.10%  18.3 3175s
 18835510 793891     cutoff  122       962.00000  963.00000  0.10%  18.3 3180s
 18857702 792369     cutoff  132       962.00000  963.00000  0.10%  18.3 3185s
 18887120 790413     cutoff  121       962.00000  963.00000  0.10%  18.3 3190s
 18919155 788239  963.00000  133   32  962.00000  963.00000  0.10%  18.3 3195s
 18949370 786153     cutoff  116       962.00000  963.00000  0.10%  18.3 3200s
 18978682 783895     cutoff  136       962.00000  963.00000  0.10%  18.3 3205s
 19007885 782074  963.00000  126   35  962.00000  963.00000  0.10%  18.3 3210s
 19040496 779652 infeasible  125       962.00000  963.00000  0.10%  18.3 3215s
 19070246 777543  963.00000  137    9  962.00000  963.00000  0.10%  18.3 3220s
 19101606 775612  963.00000  138   30  962.00000  963.00000  0.10%  18.3 3225s
 19131427 773651  963.00000  121   16  962.00000  963.00000  0.10%  18.3 3230s
 19161490 772149  963.00000  121   15  962.00000  963.00000  0.10%  18.3 3235s
 19191112 770399  963.00000  131    7  962.00000  963.00000  0.10%  18.3 3240s
 19221211 768625  963.00000  132   39  962.00000  963.00000  0.10%  18.3 3245s
 19253115 766795  963.00000  132   15  962.00000  963.00000  0.10%  18.3 3250s
 19282577 764883  963.00000  126    9  962.00000  963.00000  0.10%  18.3 3255s
 19312297 762744  963.00000  127   22  962.00000  963.00000  0.10%  18.3 3260s
 19341884 760750     cutoff  120       962.00000  963.00000  0.10%  18.3 3265s
 19373958 758720     cutoff  131       962.00000  963.00000  0.10%  18.3 3270s
 19404098 756962     cutoff  118       962.00000  963.00000  0.10%  18.3 3275s
 19433400 755351  963.00000  103   12  962.00000  963.00000  0.10%  18.4 3280s
 19463135 753552 infeasible  127       962.00000  963.00000  0.10%  18.4 3285s
 19494614 751248 infeasible  121       962.00000  963.00000  0.10%  18.4 3290s
 19523740 749577     cutoff  131       962.00000  963.00000  0.10%  18.4 3295s
 19552096 747579  963.00000  108   30  962.00000  963.00000  0.10%  18.4 3300s
 19581936 745390  963.00000  134   36  962.00000  963.00000  0.10%  18.4 3305s
 19611365 743581  963.00000  125   18  962.00000  963.00000  0.10%  18.4 3310s
 19642774 741630     cutoff  135       962.00000  963.00000  0.10%  18.4 3315s
 19673070 739548  963.00000  115   33  962.00000  963.00000  0.10%  18.4 3320s
 19702310 737629     cutoff  132       962.00000  963.00000  0.10%  18.4 3325s
 19732122 735872 infeasible  121       962.00000  963.00000  0.10%  18.4 3330s
 19761917 734059     cutoff  110       962.00000  963.00000  0.10%  18.4 3335s
 19791456 732378  963.00000  130   19  962.00000  963.00000  0.10%  18.4 3340s
 19823107 730655  963.00000  112   13  962.00000  963.00000  0.10%  18.4 3345s
 19852031 728729  963.00000  137    9  962.00000  963.00000  0.10%  18.4 3350s
 19882193 726897  963.00000  128   29  962.00000  963.00000  0.10%  18.4 3355s
 19913939 724828  963.00000  133    9  962.00000  963.00000  0.10%  18.4 3360s
 19943532 723144  963.00000  120   14  962.00000  963.00000  0.10%  18.4 3365s
 19975081 721025  963.00000  106   36  962.00000  963.00000  0.10%  18.4 3370s
 20005110 719244     cutoff  129       962.00000  963.00000  0.10%  18.4 3375s
 20034578 717423  963.00000  117   23  962.00000  963.00000  0.10%  18.4 3380s
 20065145 715457  963.00000  111   16  962.00000  963.00000  0.10%  18.4 3385s
 20094684 713548     cutoff  124       962.00000  963.00000  0.10%  18.4 3390s
 20126466 711423  963.00000  132   32  962.00000  963.00000  0.10%  18.4 3395s
 20156372 709111  963.00000  123    7  962.00000  963.00000  0.10%  18.5 3400s
 20186185 707236  963.00000  123    9  962.00000  963.00000  0.10%  18.5 3405s
 20218005 705161  963.00000  128   15  962.00000  963.00000  0.10%  18.5 3410s
 20247528 703090  963.00000  126   11  962.00000  963.00000  0.10%  18.5 3415s
 20279355 700987  963.00000  127   29  962.00000  963.00000  0.10%  18.5 3420s
 20286807 700522  963.00000  127   19  962.00000  963.00000  0.10%  18.5 3425s
 20316437 698307  963.00000  125   29  962.00000  963.00000  0.10%  18.5 3430s
 20344444 696620  963.00000  107   31  962.00000  963.00000  0.10%  18.5 3435s
 20370628 694996  963.00000  111   34  962.00000  963.00000  0.10%  18.5 3440s
 20400835 693180  963.00000  132   12  962.00000  963.00000  0.10%  18.5 3445s
 20430579 691371 infeasible  110       962.00000  963.00000  0.10%  18.5 3450s
 20462137 689134  963.00000  126   11  962.00000  963.00000  0.10%  18.5 3455s
 20490938 687213  963.00000  134    9  962.00000  963.00000  0.10%  18.5 3460s
 20521152 685249  963.00000  131   17  962.00000  963.00000  0.10%  18.5 3465s
 20550938 683182  963.00000  125   11  962.00000  963.00000  0.10%  18.5 3470s
 20580674 681211  963.00000  130   21  962.00000  963.00000  0.10%  18.5 3475s
 20609990 679616     cutoff  137       962.00000  963.00000  0.10%  18.5 3480s
 20639631 677511  963.00000  147   33  962.00000  963.00000  0.10%  18.5 3485s
 20669566 675438     cutoff  116       962.00000  963.00000  0.10%  18.5 3490s
 20699279 673501 infeasible  136       962.00000  963.00000  0.10%  18.5 3495s
 20731585 671939     cutoff  124       962.00000  963.00000  0.10%  18.5 3500s
 20760975 670050  963.00000  124   16  962.00000  963.00000  0.10%  18.5 3505s
 20790979 668283     cutoff  127       962.00000  963.00000  0.10%  18.5 3510s
 20822564 666399  963.00000  118   25  962.00000  963.00000  0.10%  18.5 3515s
 20852078 664765  963.00000  124   41  962.00000  963.00000  0.10%  18.5 3520s
 20881886 663001  963.00000  119   19  962.00000  963.00000  0.10%  18.5 3525s
 20913602 660921     cutoff  136       962.00000  963.00000  0.10%  18.5 3530s
 20943279 658967 infeasible  123       962.00000  963.00000  0.10%  18.5 3535s
 20973432 656972  963.00000  146   15  962.00000  963.00000  0.10%  18.5 3540s
 21002632 654852  963.00000  126   25  962.00000  963.00000  0.10%  18.6 3545s
 21034317 652880     cutoff  125       962.00000  963.00000  0.10%  18.6 3550s
 21066206 650873  963.00000  133   14  962.00000  963.00000  0.10%  18.6 3555s
 21095939 648640 infeasible  139       962.00000  963.00000  0.10%  18.6 3560s
 21118185 646934     cutoff  111       962.00000  963.00000  0.10%  18.6 3565s
 21147559 644751  963.00000  133   54  962.00000  963.00000  0.10%  18.6 3570s
 21178010 642943  963.00000  122   32  962.00000  963.00000  0.10%  18.6 3575s
 21207798 640844  963.00000  122   14  962.00000  963.00000  0.10%  18.6 3580s
 21236980 638957     cutoff  124       962.00000  963.00000  0.10%  18.6 3585s
 21266948 637193  963.00000  127   10  962.00000  963.00000  0.10%  18.6 3590s
 21297170 635402  963.00000  132   15  962.00000  963.00000  0.10%  18.6 3595s
 21328377 633848  963.00000  128   24  962.00000  963.00000  0.10%  18.6 3600s

Cutting planes:
  Gomory: 34
  Flow cover: 13
  Zero half: 28

Explored 21328596 nodes (396402441 simplex iterations) in 3600.04 seconds (2815.07 work units)
Thread count was 20 (of 20 available processors)

Solution count 10: 962 948 940 ... 747

Time limit reached
Best objective 9.620000000000e+02, best bound 9.630000000000e+02, gap 0.1040%
