20 20 20
0 10 10 2 5 4 0
0 15 6 2 5 4 0
0 15 10 2 5 4 0
0 15 14 2 5 4 0
2 15 14 2 5 4 0
4 15 14 2 5 4 0
5 10 6 2 5 4 0
6 15 14 2 5 4 0
8 15 14 2 5 4 0
10 0 4 2 5 4 0
10 0 8 2 5 4 0
10 0 12 2 5 4 0
10 5 4 2 5 4 0
10 5 8 2 5 4 0
10 5 12 2 5 4 0
12 0 8 2 5 4 0
12 0 12 2 5 4 0
12 5 8 2 5 4 0
12 5 12 2 5 4 0
13 10 0 2 5 4 0
13 15 0 2 5 4 0
15 0 16 2 5 4 0
15 5 16 2 5 4 0
16 10 8 2 5 4 0
16 10 12 2 5 4 0
16 15 8 2 5 4 0
16 15 12 2 5 4 0
18 10 4 2 5 4 0
18 10 8 2 5 4 0
18 10 12 2 5 4 0
18 15 4 2 5 4 0
18 15 8 2 5 4 0
18 15 12 2 5 4 0
0 0 4 5 5 2 0
0 0 18 5 5 2 0
0 5 4 5 5 2 0
0 5 18 5 5 2 0
0 10 0 5 5 2 0
0 10 6 5 5 2 0
0 10 8 5 5 2 0
0 10 14 5 5 2 0
0 10 16 5 5 2 0
0 10 18 5 5 2 0
0 15 0 5 5 2 0
0 15 18 5 5 2 0
2 15 6 5 5 2 0
2 15 8 5 5 2 0
5 0 0 5 5 2 0
5 0 2 5 5 2 0
5 5 0 5 5 2 0
5 5 2 5 5 2 0
5 10 0 5 5 2 0
5 10 14 5 5 2 0
5 10 16 5 5 2 0
5 10 18 5 5 2 0
5 15 0 5 5 2 0
5 15 18 5 5 2 0
10 0 16 5 5 2 0
10 0 18 5 5 2 0
10 5 16 5 5 2 0
10 5 18 5 5 2 0
10 10 16 5 5 2 0
10 10 18 5 5 2 0
10 15 16 5 5 2 0
10 15 18 5 5 2 0
15 10 0 5 5 2 0
15 10 2 5 5 2 0
15 15 0 5 5 2 0
15 15 2 5 5 2 0
0 0 0 5 4 4 0
0 2 14 5 4 4 0
0 4 0 5 4 4 0
5 0 16 5 4 4 0
5 4 12 5 4 4 0
5 6 8 5 4 4 0
5 16 2 5 4 4 0
12 0 4 5 4 4 0
15 2 0 5 4 4 0
15 12 16 5 4 4 0
7 10 6 3 2 8 0
7 12 6 3 2 8 0
7 14 6 3 2 8 0
7 16 6 3 2 8 0
7 18 6 3 2 8 0
10 10 0 3 2 8 0
10 10 8 3 2 8 0
10 12 0 3 2 8 0
10 12 8 3 2 8 0
10 14 0 3 2 8 0
10 14 8 3 2 8 0
10 16 0 3 2 8 0
10 16 8 3 2 8 0
10 18 0 3 2 8 0
10 18 8 3 2 8 0
13 10 8 3 2 8 0
13 12 8 3 2 8 0
13 14 8 3 2 8 0
13 16 8 3 2 8 0
13 18 8 3 2 8 0
14 0 8 3 2 8 0
14 2 8 3 2 8 0
14 4 8 3 2 8 0
14 6 8 3 2 8 0
14 8 8 3 2 8 0
17 0 4 3 2 8 0
17 0 12 3 2 8 0
17 2 4 3 2 8 0
17 2 12 3 2 8 0
17 4 4 3 2 8 0
17 4 12 3 2 8 0
17 6 4 3 2 8 0
17 6 12 3 2 8 0
17 8 4 3 2 8 0
17 8 12 3 2 8 0
0 0 6 5 2 4 0
0 0 10 5 2 4 0
0 0 14 5 2 4 0
0 2 6 5 2 4 0
0 2 10 5 2 4 0
0 4 6 5 2 4 0
0 4 10 5 2 4 0
0 6 6 5 2 4 0
0 6 10 5 2 4 0
0 6 14 5 2 4 0
0 8 0 5 2 4 0
0 8 6 5 2 4 0
0 8 10 5 2 4 0
0 8 14 5 2 4 0
0 10 2 5 2 4 0
0 12 2 5 2 4 0
0 14 2 5 2 4 0
0 16 2 5 2 4 0
0 18 2 5 2 4 0
2 10 10 5 2 4 0
2 12 10 5 2 4 0
2 14 10 5 2 4 0
2 16 10 5 2 4 0
2 18 10 5 2 4 0
5 0 4 5 2 4 0
5 0 8 5 2 4 0
5 0 12 5 2 4 0
5 2 4 5 2 4 0
5 2 8 5 2 4 0
5 2 12 5 2 4 0
5 4 4 5 2 4 0
5 4 8 5 2 4 0
5 4 16 5 2 4 0
5 6 4 5 2 4 0
5 6 16 5 2 4 0
5 8 4 5 2 4 0
5 8 12 5 2 4 0
5 8 16 5 2 4 0
5 10 2 5 2 4 0
5 12 2 5 2 4 0
5 14 2 5 2 4 0
10 0 0 5 2 4 0
10 2 0 5 2 4 0
10 4 0 5 2 4 0
10 6 0 5 2 4 0
10 8 0 5 2 4 0
12 4 4 5 2 4 0
12 6 4 5 2 4 0
12 8 4 5 2 4 0
13 10 4 5 2 4 0
13 12 4 5 2 4 0
13 14 4 5 2 4 0
13 16 4 5 2 4 0
13 18 4 5 2 4 0
15 0 0 5 2 4 0
15 6 0 5 2 4 0
15 8 0 5 2 4 0
15 10 16 5 2 4 0
15 16 16 5 2 4 0
15 18 16 5 2 4 0
10 0 0 0.1 20 20 1
0 10 0 20 0.1 20 1
10 10 0 20 0.1 20 1
