20 20 20
0 0 8 2 3 8 0
0 4 0 2 3 8 0
0 7 0 2 3 8 0
0 7 12 2 3 8 0
0 14 0 2 3 8 0
0 17 0 2 3 8 0
2 0 8 2 3 8 0
2 7 12 2 3 8 0
4 0 8 2 3 8 0
4 7 12 2 3 8 0
6 0 8 2 3 8 0
6 7 12 2 3 8 0
8 0 8 2 3 8 0
8 7 12 2 3 8 0
10 0 12 2 3 8 0
10 7 6 2 3 8 0
10 10 8 2 3 8 0
10 17 12 2 3 8 0
12 0 6 2 3 8 0
12 7 12 2 3 8 0
12 10 8 2 3 8 0
12 17 12 2 3 8 0
14 0 6 2 3 8 0
14 7 12 2 3 8 0
14 10 0 2 3 8 0
14 10 8 2 3 8 0
14 17 0 2 3 8 0
14 17 12 2 3 8 0
16 10 8 2 3 8 0
16 17 12 2 3 8 0
18 10 8 2 3 8 0
18 17 12 2 3 8 0
2 0 0 4 5 4 0
2 0 4 4 5 4 0
2 5 0 4 5 4 0
2 5 4 4 5 4 0
2 10 0 4 5 4 0
2 10 4 4 5 4 0
2 15 0 4 5 4 0
2 15 4 4 5 4 0
3 10 8 4 5 4 0
3 10 12 4 5 4 0
3 10 16 4 5 4 0
3 15 8 4 5 4 0
3 15 12 4 5 4 0
3 15 16 4 5 4 0
6 0 0 4 5 4 0
6 0 4 4 5 4 0
6 5 0 4 5 4 0
6 5 4 4 5 4 0
6 10 0 4 5 4 0
6 10 4 4 5 4 0
6 15 0 4 5 4 0
6 15 4 4 5 4 0
10 10 0 4 5 4 0
10 10 4 4 5 4 0
10 15 0 4 5 4 0
10 15 4 4 5 4 0
16 0 0 4 5 4 0
16 0 4 4 5 4 0
16 0 8 4 5 4 0
16 0 12 4 5 4 0
16 0 16 4 5 4 0
16 5 0 4 5 4 0
16 5 4 4 5 4 0
16 5 8 4 5 4 0
16 5 12 4 5 4 0
16 5 16 4 5 4 0
16 10 0 4 5 4 0
16 10 4 4 5 4 0
16 15 0 4 5 4 0
16 15 4 4 5 4 0
10 0 6 2 7 3 0
10 0 9 2 7 3 0
10 3 14 2 7 3 0
10 3 17 2 7 3 0
12 0 14 2 7 3 0
12 0 17 2 7 3 0
12 3 6 2 7 3 0
12 3 9 2 7 3 0
14 0 14 2 7 3 0
14 0 17 2 7 3 0
14 3 6 2 7 3 0
14 3 9 2 7 3 0
0 10 8 3 5 6 0
0 10 14 3 5 6 0
0 15 8 3 5 6 0
0 15 14 3 5 6 0
7 10 8 3 5 6 0
7 10 14 3 5 6 0
7 15 8 3 5 6 0
7 15 14 3 5 6 0
10 0 0 3 5 6 0
10 5 0 3 5 6 0
13 0 0 3 5 6 0
13 5 0 3 5 6 0
10 3 12 6 4 2 0
10 13 12 6 4 2 0
10 13 14 6 4 2 0
0 0 16 5 7 4 0
0 3 8 5 7 4 0
5 0 16 5 7 4 0
5 3 8 5 7 4 0
10 10 16 5 7 4 0
10 13 8 5 7 4 0
15 10 16 5 7 4 0
15 13 8 5 7 4 0
0 0 0 2 4 4 0
0 0 4 2 4 4 0
0 3 12 2 4 4 0
0 10 0 2 4 4 0
0 10 4 2 4 4 0
2 3 12 2 4 4 0
4 3 12 2 4 4 0
6 3 12 2 4 4 0
8 3 12 2 4 4 0
14 13 0 2 4 4 0
14 13 4 2 4 4 0
16 13 12 2 4 4 0
18 13 12 2 4 4 0
10 0 0 0.1 20 20 1
0 10 0 20 0.1 20 1
10 10 0 20 0.1 20 1
