20 20 20
0 10 8 8 8 3 0
0 10 11 8 8 3 0
10 0 8 8 8 3 0
10 0 11 8 8 3 0
12 12 8 8 8 3 0
12 12 11 8 8 3 0
0 10 14 6 4 6 0
2 2 0 6 4 6 0
4 2 14 6 4 6 0
4 6 14 6 4 6 0
10 10 2 3 5 3 0
10 10 5 3 5 3 0
10 10 14 3 5 3 0
10 10 17 3 5 3 0
10 15 2 3 5 3 0
10 15 5 3 5 3 0
10 15 14 3 5 3 0
10 15 17 3 5 3 0
12 0 3 3 5 3 0
17 0 0 3 5 3 0
17 5 0 3 5 3 0
17 5 3 3 5 3 0
17 10 2 3 5 3 0
17 10 5 3 5 3 0
17 15 2 3 5 3 0
17 15 5 3 5 3 0
0 0 6 5 5 3 0
0 0 9 5 5 3 0
0 5 6 5 5 3 0
0 5 9 5 5 3 0
5 0 6 5 5 3 0
5 0 9 5 5 3 0
5 5 6 5 5 3 0
5 5 9 5 5 3 0
12 0 0 5 5 3 0
12 5 0 5 5 3 0
12 5 3 5 5 3 0
13 10 14 5 5 3 0
13 10 17 5 5 3 0
13 15 14 5 5 3 0
13 15 17 5 5 3 0
15 0 3 5 5 3 0
0 0 0 2 2 2 0
0 0 2 2 2 2 0
0 0 4 2 2 2 0
0 0 12 2 2 2 0
0 0 14 2 2 2 0
0 0 16 2 2 2 0
0 0 18 2 2 2 0
0 2 0 2 2 2 0
0 2 2 2 2 2 0
0 2 4 2 2 2 0
0 2 12 2 2 2 0
0 2 14 2 2 2 0
0 2 16 2 2 2 0
0 2 18 2 2 2 0
0 4 0 2 2 2 0
0 4 2 2 2 2 0
0 4 4 2 2 2 0
0 4 12 2 2 2 0
0 4 14 2 2 2 0
0 4 16 2 2 2 0
0 4 18 2 2 2 0
0 6 0 2 2 2 0
0 6 2 2 2 2 0
0 6 4 2 2 2 0
0 6 12 2 2 2 0
0 6 14 2 2 2 0
0 6 16 2 2 2 0
0 6 18 2 2 2 0
0 8 0 2 2 2 0
0 8 2 2 2 2 0
0 8 4 2 2 2 0
0 8 12 2 2 2 0
0 8 14 2 2 2 0
0 8 16 2 2 2 0
0 8 18 2 2 2 0
0 10 0 2 2 2 0
0 10 2 2 2 2 0
0 10 4 2 2 2 0
0 10 6 2 2 2 0
0 12 0 2 2 2 0
0 12 2 2 2 2 0
0 12 4 2 2 2 0
0 12 6 2 2 2 0
0 14 0 2 2 2 0
0 14 2 2 2 2 0
0 14 4 2 2 2 0
0 14 6 2 2 2 0
0 14 14 2 2 2 0
0 14 16 2 2 2 0
0 14 18 2 2 2 0
0 16 0 2 2 2 0
0 16 2 2 2 2 0
0 16 4 2 2 2 0
0 16 6 2 2 2 0
0 16 14 2 2 2 0
0 16 16 2 2 2 0
0 16 18 2 2 2 0
0 18 0 2 2 2 0
0 18 2 2 2 2 0
0 18 4 2 2 2 0
0 18 6 2 2 2 0
0 18 8 2 2 2 0
0 18 10 2 2 2 0
0 18 12 2 2 2 0
0 18 14 2 2 2 0
0 18 16 2 2 2 0
0 18 18 2 2 2 0
2 0 0 2 2 2 0
2 0 2 2 2 2 0
2 0 4 2 2 2 0
2 0 12 2 2 2 0
2 0 14 2 2 2 0
2 0 16 2 2 2 0
2 0 18 2 2 2 0
2 2 12 2 2 2 0
2 2 14 2 2 2 0
2 2 16 2 2 2 0
2 2 18 2 2 2 0
2 4 12 2 2 2 0
2 4 14 2 2 2 0
2 4 16 2 2 2 0
2 4 18 2 2 2 0
2 6 0 2 2 2 0
2 6 2 2 2 2 0
2 6 4 2 2 2 0
2 6 12 2 2 2 0
2 6 14 2 2 2 0
2 6 16 2 2 2 0
2 6 18 2 2 2 0
2 8 0 2 2 2 0
2 8 2 2 2 2 0
2 8 4 2 2 2 0
2 8 12 2 2 2 0
2 8 14 2 2 2 0
2 8 16 2 2 2 0
2 8 18 2 2 2 0
2 10 0 2 2 2 0
2 10 2 2 2 2 0
2 10 4 2 2 2 0
2 10 6 2 2 2 0
2 12 0 2 2 2 0
2 12 2 2 2 2 0
2 12 4 2 2 2 0
2 12 6 2 2 2 0
2 14 0 2 2 2 0
2 14 2 2 2 2 0
2 14 4 2 2 2 0
2 14 6 2 2 2 0
2 14 14 2 2 2 0
2 14 16 2 2 2 0
2 14 18 2 2 2 0
2 16 0 2 2 2 0
2 16 2 2 2 2 0
2 16 4 2 2 2 0
2 16 6 2 2 2 0
2 16 14 2 2 2 0
2 16 16 2 2 2 0
2 16 18 2 2 2 0
2 18 0 2 2 2 0
2 18 2 2 2 2 0
2 18 4 2 2 2 0
2 18 6 2 2 2 0
2 18 8 2 2 2 0
2 18 10 2 2 2 0
2 18 12 2 2 2 0
2 18 14 2 2 2 0
2 18 16 2 2 2 0
2 18 18 2 2 2 0
4 0 0 2 2 2 0
4 0 2 2 2 2 0
4 0 4 2 2 2 0
4 0 12 2 2 2 0
4 0 14 2 2 2 0
4 0 16 2 2 2 0
4 0 18 2 2 2 0
4 2 12 2 2 2 0
4 4 12 2 2 2 0
4 6 0 2 2 2 0
4 6 2 2 2 2 0
4 6 4 2 2 2 0
4 6 12 2 2 2 0
4 8 0 2 2 2 0
4 8 2 2 2 2 0
4 8 4 2 2 2 0
4 8 12 2 2 2 0
4 10 0 2 2 2 0
4 10 2 2 2 2 0
4 10 4 2 2 2 0
4 10 6 2 2 2 0
4 12 0 2 2 2 0
4 12 2 2 2 2 0
4 12 4 2 2 2 0
4 12 6 2 2 2 0
4 14 0 2 2 2 0
4 14 2 2 2 2 0
4 14 4 2 2 2 0
4 14 6 2 2 2 0
4 14 14 2 2 2 0
4 14 16 2 2 2 0
4 14 18 2 2 2 0
4 16 0 2 2 2 0
4 16 2 2 2 2 0
4 16 4 2 2 2 0
4 16 6 2 2 2 0
4 16 14 2 2 2 0
4 16 16 2 2 2 0
4 16 18 2 2 2 0
4 18 0 2 2 2 0
4 18 2 2 2 2 0
4 18 4 2 2 2 0
4 18 6 2 2 2 0
4 18 8 2 2 2 0
4 18 10 2 2 2 0
4 18 12 2 2 2 0
4 18 14 2 2 2 0
4 18 16 2 2 2 0
4 18 18 2 2 2 0
6 0 0 2 2 2 0
6 0 2 2 2 2 0
6 0 4 2 2 2 0
6 0 12 2 2 2 0
6 0 14 2 2 2 0
6 0 16 2 2 2 0
6 0 18 2 2 2 0
6 2 12 2 2 2 0
6 4 12 2 2 2 0
6 6 0 2 2 2 0
6 6 2 2 2 2 0
6 6 4 2 2 2 0
6 6 12 2 2 2 0
6 8 0 2 2 2 0
6 8 2 2 2 2 0
6 8 4 2 2 2 0
6 8 12 2 2 2 0
6 10 0 2 2 2 0
6 10 2 2 2 2 0
6 10 4 2 2 2 0
6 10 6 2 2 2 0
6 10 14 2 2 2 0
6 10 16 2 2 2 0
6 10 18 2 2 2 0
6 12 0 2 2 2 0
6 12 2 2 2 2 0
6 12 4 2 2 2 0
6 12 6 2 2 2 0
6 12 14 2 2 2 0
6 12 16 2 2 2 0
6 12 18 2 2 2 0
6 14 0 2 2 2 0
6 14 2 2 2 2 0
6 14 4 2 2 2 0
6 14 6 2 2 2 0
6 14 14 2 2 2 0
6 14 16 2 2 2 0
6 14 18 2 2 2 0
6 16 0 2 2 2 0
6 16 2 2 2 2 0
6 16 4 2 2 2 0
6 16 6 2 2 2 0
6 16 14 2 2 2 0
6 16 16 2 2 2 0
6 16 18 2 2 2 0
6 18 0 2 2 2 0
6 18 2 2 2 2 0
6 18 4 2 2 2 0
6 18 6 2 2 2 0
6 18 8 2 2 2 0
6 18 10 2 2 2 0
6 18 12 2 2 2 0
6 18 14 2 2 2 0
6 18 16 2 2 2 0
6 18 18 2 2 2 0
8 0 0 2 2 2 0
8 0 2 2 2 2 0
8 0 4 2 2 2 0
8 0 12 2 2 2 0
8 0 14 2 2 2 0
8 0 16 2 2 2 0
8 0 18 2 2 2 0
8 2 0 2 2 2 0
8 2 2 2 2 2 0
8 2 4 2 2 2 0
8 2 12 2 2 2 0
8 4 0 2 2 2 0
8 4 2 2 2 2 0
8 4 4 2 2 2 0
8 4 12 2 2 2 0
8 6 0 2 2 2 0
8 6 2 2 2 2 0
8 6 4 2 2 2 0
8 6 12 2 2 2 0
8 8 0 2 2 2 0
8 8 2 2 2 2 0
8 8 4 2 2 2 0
8 8 12 2 2 2 0
8 10 0 2 2 2 0
8 10 2 2 2 2 0
8 10 4 2 2 2 0
8 10 6 2 2 2 0
8 10 8 2 2 2 0
8 10 10 2 2 2 0
8 10 12 2 2 2 0
8 10 14 2 2 2 0
8 10 16 2 2 2 0
8 10 18 2 2 2 0
8 12 0 2 2 2 0
8 12 2 2 2 2 0
8 12 4 2 2 2 0
8 12 6 2 2 2 0
8 12 8 2 2 2 0
8 12 10 2 2 2 0
8 12 12 2 2 2 0
8 12 14 2 2 2 0
8 12 16 2 2 2 0
8 12 18 2 2 2 0
8 14 0 2 2 2 0
8 14 2 2 2 2 0
8 14 4 2 2 2 0
8 14 6 2 2 2 0
8 14 8 2 2 2 0
8 14 10 2 2 2 0
8 14 12 2 2 2 0
8 14 14 2 2 2 0
8 14 16 2 2 2 0
8 14 18 2 2 2 0
8 16 0 2 2 2 0
8 16 2 2 2 2 0
8 16 4 2 2 2 0
8 16 6 2 2 2 0
8 16 8 2 2 2 0
8 16 10 2 2 2 0
8 16 12 2 2 2 0
8 16 14 2 2 2 0
8 16 16 2 2 2 0
8 16 18 2 2 2 0
8 18 0 2 2 2 0
8 18 2 2 2 2 0
8 18 4 2 2 2 0
8 18 6 2 2 2 0
8 18 8 2 2 2 0
8 18 10 2 2 2 0
8 18 12 2 2 2 0
8 18 14 2 2 2 0
8 18 16 2 2 2 0
8 18 18 2 2 2 0
10 0 0 2 2 2 0
10 0 2 2 2 2 0
10 0 4 2 2 2 0
10 0 6 2 2 2 0
10 0 14 2 2 2 0
10 0 16 2 2 2 0
10 0 18 2 2 2 0
10 2 0 2 2 2 0
10 2 2 2 2 2 0
10 2 4 2 2 2 0
10 2 6 2 2 2 0
10 2 14 2 2 2 0
10 2 16 2 2 2 0
10 2 18 2 2 2 0
10 4 0 2 2 2 0
10 4 2 2 2 2 0
10 4 4 2 2 2 0
10 4 6 2 2 2 0
10 4 14 2 2 2 0
10 4 16 2 2 2 0
10 4 18 2 2 2 0
10 6 0 2 2 2 0
10 6 2 2 2 2 0
10 6 4 2 2 2 0
10 6 6 2 2 2 0
10 6 14 2 2 2 0
10 6 16 2 2 2 0
10 6 18 2 2 2 0
10 8 0 2 2 2 0
10 8 2 2 2 2 0
10 8 4 2 2 2 0
10 8 6 2 2 2 0
10 8 8 2 2 2 0
10 8 10 2 2 2 0
10 8 12 2 2 2 0
10 8 14 2 2 2 0
10 8 16 2 2 2 0
10 8 18 2 2 2 0
10 10 0 2 2 2 0
10 10 8 2 2 2 0
10 10 10 2 2 2 0
10 10 12 2 2 2 0
10 12 0 2 2 2 0
10 12 8 2 2 2 0
10 12 10 2 2 2 0
10 12 12 2 2 2 0
10 14 0 2 2 2 0
10 14 8 2 2 2 0
10 14 10 2 2 2 0
10 14 12 2 2 2 0
10 16 0 2 2 2 0
10 16 8 2 2 2 0
10 16 10 2 2 2 0
10 16 12 2 2 2 0
10 18 0 2 2 2 0
10 18 8 2 2 2 0
10 18 10 2 2 2 0
10 18 12 2 2 2 0
12 0 6 2 2 2 0
12 0 14 2 2 2 0
12 0 16 2 2 2 0
12 0 18 2 2 2 0
12 2 6 2 2 2 0
12 2 14 2 2 2 0
12 2 16 2 2 2 0
12 2 18 2 2 2 0
12 4 6 2 2 2 0
12 4 14 2 2 2 0
12 4 16 2 2 2 0
12 4 18 2 2 2 0
12 6 6 2 2 2 0
12 6 14 2 2 2 0
12 6 16 2 2 2 0
12 6 18 2 2 2 0
12 8 6 2 2 2 0
12 8 8 2 2 2 0
12 8 10 2 2 2 0
12 8 12 2 2 2 0
12 8 14 2 2 2 0
12 8 16 2 2 2 0
12 8 18 2 2 2 0
12 10 0 2 2 2 0
12 10 8 2 2 2 0
12 10 10 2 2 2 0
12 10 12 2 2 2 0
12 12 0 2 2 2 0
12 14 0 2 2 2 0
12 16 0 2 2 2 0
12 18 0 2 2 2 0
13 10 2 2 2 2 0
13 10 4 2 2 2 0
13 10 6 2 2 2 0
13 12 2 2 2 2 0
13 12 4 2 2 2 0
13 12 6 2 2 2 0
13 14 2 2 2 2 0
13 14 4 2 2 2 0
13 14 6 2 2 2 0
13 16 2 2 2 2 0
13 16 4 2 2 2 0
13 16 6 2 2 2 0
13 18 2 2 2 2 0
13 18 4 2 2 2 0
13 18 6 2 2 2 0
14 0 6 2 2 2 0
14 0 14 2 2 2 0
14 0 16 2 2 2 0
14 0 18 2 2 2 0
14 2 6 2 2 2 0
14 2 14 2 2 2 0
14 2 16 2 2 2 0
14 2 18 2 2 2 0
14 4 6 2 2 2 0
14 4 14 2 2 2 0
14 4 16 2 2 2 0
14 4 18 2 2 2 0
14 6 6 2 2 2 0
14 6 14 2 2 2 0
14 6 16 2 2 2 0
14 6 18 2 2 2 0
14 8 6 2 2 2 0
14 8 8 2 2 2 0
14 8 10 2 2 2 0
14 8 12 2 2 2 0
14 8 14 2 2 2 0
14 8 16 2 2 2 0
14 8 18 2 2 2 0
14 10 0 2 2 2 0
14 10 8 2 2 2 0
14 10 10 2 2 2 0
14 10 12 2 2 2 0
14 12 0 2 2 2 0
14 14 0 2 2 2 0
14 16 0 2 2 2 0
14 18 0 2 2 2 0
15 10 2 2 2 2 0
15 10 4 2 2 2 0
15 10 6 2 2 2 0
15 12 2 2 2 2 0
15 12 4 2 2 2 0
15 12 6 2 2 2 0
15 14 2 2 2 2 0
15 14 4 2 2 2 0
15 14 6 2 2 2 0
15 16 2 2 2 2 0
15 16 4 2 2 2 0
15 16 6 2 2 2 0
15 18 2 2 2 2 0
15 18 4 2 2 2 0
15 18 6 2 2 2 0
16 0 6 2 2 2 0
16 0 14 2 2 2 0
16 0 16 2 2 2 0
16 0 18 2 2 2 0
16 2 6 2 2 2 0
16 2 14 2 2 2 0
16 2 16 2 2 2 0
16 2 18 2 2 2 0
16 4 6 2 2 2 0
16 4 14 2 2 2 0
16 4 16 2 2 2 0
16 4 18 2 2 2 0
16 6 6 2 2 2 0
16 6 14 2 2 2 0
16 6 16 2 2 2 0
16 6 18 2 2 2 0
16 8 6 2 2 2 0
16 8 8 2 2 2 0
16 8 10 2 2 2 0
16 8 12 2 2 2 0
16 8 14 2 2 2 0
16 8 16 2 2 2 0
16 8 18 2 2 2 0
16 10 0 2 2 2 0
16 10 8 2 2 2 0
16 10 10 2 2 2 0
16 10 12 2 2 2 0
16 12 0 2 2 2 0
16 14 0 2 2 2 0
16 16 0 2 2 2 0
16 18 0 2 2 2 0
18 0 6 2 2 2 0
18 0 8 2 2 2 0
18 0 10 2 2 2 0
18 0 12 2 2 2 0
18 0 14 2 2 2 0
18 0 16 2 2 2 0
18 0 18 2 2 2 0
18 2 6 2 2 2 0
18 2 8 2 2 2 0
18 2 10 2 2 2 0
18 2 12 2 2 2 0
18 2 14 2 2 2 0
18 2 16 2 2 2 0
18 2 18 2 2 2 0
18 4 6 2 2 2 0
18 4 8 2 2 2 0
18 4 10 2 2 2 0
18 4 12 2 2 2 0
18 4 14 2 2 2 0
18 4 16 2 2 2 0
18 4 18 2 2 2 0
18 6 6 2 2 2 0
18 6 8 2 2 2 0
18 6 10 2 2 2 0
18 6 12 2 2 2 0
18 6 14 2 2 2 0
18 6 16 2 2 2 0
18 6 18 2 2 2 0
18 8 6 2 2 2 0
18 8 8 2 2 2 0
18 8 10 2 2 2 0
18 8 12 2 2 2 0
18 8 14 2 2 2 0
18 8 16 2 2 2 0
18 8 18 2 2 2 0
18 10 0 2 2 2 0
18 10 8 2 2 2 0
18 10 10 2 2 2 0
18 10 12 2 2 2 0
18 10 14 2 2 2 0
18 10 16 2 2 2 0
18 10 18 2 2 2 0
18 12 0 2 2 2 0
18 12 14 2 2 2 0
18 12 16 2 2 2 0
18 12 18 2 2 2 0
18 14 0 2 2 2 0
18 14 14 2 2 2 0
18 14 16 2 2 2 0
18 14 18 2 2 2 0
18 16 0 2 2 2 0
18 16 14 2 2 2 0
18 16 16 2 2 2 0
18 16 18 2 2 2 0
18 18 0 2 2 2 0
18 18 14 2 2 2 0
18 18 16 2 2 2 0
18 18 18 2 2 2 0
10 0 0 0.1 20 20 1
0 10 0 20 0.1 20 1
10 10 0 20 0.1 20 1
