20 20 20
0 0 11 2 2 9 0
0 2 11 2 2 9 0
0 4 11 2 2 9 0
0 8 6 2 2 9 0
0 10 0 2 2 9 0
0 10 11 2 2 9 0
0 12 0 2 2 9 0
0 12 11 2 2 9 0
0 14 0 2 2 9 0
0 14 11 2 2 9 0
0 16 0 2 2 9 0
0 16 11 2 2 9 0
2 0 11 2 2 9 0
2 8 6 2 2 9 0
2 10 6 2 2 9 0
2 14 11 2 2 9 0
4 0 11 2 2 9 0
4 8 6 2 2 9 0
4 10 6 2 2 9 0
4 14 11 2 2 9 0
6 0 11 2 2 9 0
6 8 6 2 2 9 0
6 10 6 2 2 9 0
6 14 11 2 2 9 0
8 0 0 2 2 9 0
8 0 11 2 2 9 0
8 2 0 2 2 9 0
8 4 0 2 2 9 0
8 6 0 2 2 9 0
8 6 11 2 2 9 0
8 8 0 2 2 9 0
8 8 11 2 2 9 0
8 10 6 2 2 9 0
8 14 11 2 2 9 0
8 18 0 2 2 9 0
8 18 11 2 2 9 0
10 0 0 2 2 9 0
10 0 11 2 2 9 0
10 2 0 2 2 9 0
10 2 11 2 2 9 0
10 4 0 2 2 9 0
10 4 11 2 2 9 0
10 6 0 2 2 9 0
10 6 11 2 2 9 0
10 8 0 2 2 9 0
10 8 11 2 2 9 0
12 0 5 2 2 9 0
12 4 0 2 2 9 0
12 6 5 2 2 9 0
12 8 5 2 2 9 0
14 0 5 2 2 9 0
14 4 0 2 2 9 0
14 6 5 2 2 9 0
14 8 5 2 2 9 0
16 0 5 2 2 9 0
16 4 0 2 2 9 0
16 6 5 2 2 9 0
16 8 5 2 2 9 0
18 0 5 2 2 9 0
18 4 0 2 2 9 0
18 6 5 2 2 9 0
18 8 5 2 2 9 0
18 10 0 2 2 9 0
18 10 11 2 2 9 0
18 12 0 2 2 9 0
18 12 11 2 2 9 0
18 14 0 2 2 9 0
18 14 11 2 2 9 0
18 16 0 2 2 9 0
18 16 11 2 2 9 0
18 18 0 2 2 9 0
18 18 11 2 2 9 0
0 0 0 4 3 6 0
2 10 0 4 3 6 0
2 13 0 4 3 6 0
4 0 0 4 3 6 0
6 10 0 4 3 6 0
6 13 0 4 3 6 0
12 0 14 4 3 6 0
16 0 14 4 3 6 0
0 3 0 8 7 6 0
12 3 14 8 7 6 0
0 0 6 8 4 5 0
0 4 6 8 4 5 0
0 6 15 8 4 5 0
2 2 15 8 4 5 0
2 10 15 8 4 5 0
2 12 6 8 4 5 0
10 10 0 8 4 5 0
10 10 5 8 4 5 0
10 10 10 8 4 5 0
10 10 15 8 4 5 0
10 16 0 8 4 5 0
10 16 5 8 4 5 0
10 16 10 8 4 5 0
10 16 15 8 4 5 0
12 0 0 8 4 5 0
12 2 9 8 4 5 0
12 6 0 8 4 5 0
0 6 11 8 2 4 0
0 18 0 8 2 4 0
0 18 4 8 2 4 0
0 18 8 8 2 4 0
0 18 12 8 2 4 0
0 18 16 8 2 4 0
2 2 11 8 2 4 0
2 4 11 8 2 4 0
2 12 11 8 2 4 0
2 16 0 8 2 4 0
2 16 4 8 2 4 0
2 16 8 8 2 4 0
2 16 12 8 2 4 0
2 16 16 8 2 4 0
10 14 0 8 2 4 0
10 14 4 8 2 4 0
10 14 8 8 2 4 0
10 14 12 8 2 4 0
10 14 16 8 2 4 0
12 2 5 8 2 4 0
10 0 0 0.1 20 20 1
0 10 0 20 0.1 20 1
10 10 0 20 0.1 20 1
