5 4
7 5 5 113 0 175.0 4.0 1000.0
5 3 10 30 17 150.0 4.0 1000.0
3 10 12 15 23 360.0 4.0 1000.0
13 7 7 16 20 637.0 4.0 1000.0
6 4 4 76 7 96.0 4.0 1000.0
15 15 30
15 15 30
15 15 30
15 15 30

5 4
11 14 14 1 41 2156.0 4.0 1000.0
7 8 6 7 9 336.0 4.0 1000.0
4 12 14 26 7 672.0 4.0 1000.0
6 7 14 25 26 588.0 4.0 1000.0
13 11 3 7 2 429.0 4.0 1000.0
15 15 30
15 15 30
15 15 30
15 15 30

5 4
5 4 6 141 0 120.0 4.0 1000.0
14 10 12 6 19 1680.0 4.0 1000.0
11 11 12 3 20 1452.0 4.0 1000.0
14 3 14 24 40 588.0 4.0 1000.0
12 11 14 1 14 1848.0 4.0 1000.0
15 15 30
15 15 30
15 15 30
15 15 30

5 4
3 13 11 2 5 429.0 4.0 1000.0
5 9 13 23 14 585.0 4.0 1000.0
14 3 11 32 9 462.0 4.0 1000.0
5 8 10 14 7 400.0 4.0 1000.0
8 13 11 10 31 1144.0 4.0 1000.0
15 15 30
15 15 30
15 15 30
15 15 30

5 4
8 3 3 180 1 72.0 4.0 1000.0
6 13 14 9 20 1092.0 4.0 1000.0
4 4 13 53 1 208.0 4.0 1000.0
9 9 13 2 30 1053.0 4.0 1000.0
8 14 14 7 25 1568.0 4.0 1000.0
15 15 30
15 15 30
15 15 30
15 15 30

5 4
7 5 9 5 18 315.0 4.0 1000.0
4 14 5 14 9 280.0 4.0 1000.0
13 5 9 2 22 585.0 4.0 1000.0
14 5 3 70 8 210.0 4.0 1000.0
14 11 9 8 25 1386.0 4.0 1000.0
15 15 30
15 15 30
15 15 30
15 15 30

5 4
14 13 8 9 12 1456.0 4.0 1000.0
9 3 11 59 26 297.0 4.0 1000.0
14 13 5 21 8 910.0 4.0 1000.0
11 13 3 1 3 429.0 4.0 1000.0
5 10 9 12 22 450.0 4.0 1000.0
15 15 30
15 15 30
15 15 30
15 15 30

5 4
5 9 9 16 21 405.0 4.0 1000.0
5 5 7 121 9 175.0 4.0 1000.0
12 8 6 3 17 576.0 4.0 1000.0
12 12 13 8 29 1872.0 4.0 1000.0
3 5 10 135 24 150.0 4.0 1000.0
15 15 30
15 15 30
15 15 30
15 15 30

5 4
8 11 10 16 9 880.0 4.0 1000.0
3 4 13 21 10 156.0 4.0 1000.0
7 9 10 18 14 630.0 4.0 1000.0
5 6 5 17 12 150.0 4.0 1000.0
11 11 13 7 8 1573.0 4.0 1000.0
15 15 30
15 15 30
15 15 30
15 15 30

5 4
7 12 9 12 10 756.0 4.0 1000.0
4 8 11 2 25 352.0 4.0 1000.0
11 7 14 16 21 1078.0 4.0 1000.0
9 9 13 9 2 1053.0 4.0 1000.0
15 15 30
15 15 30
15 15 30
15 15 30