5 4
8 6 5 10 6 240.0 4.0 1000.0
4 3 5 71 14 60.0 4.0 1000.0
5 5 6 46 2 150.0 4.0 1000.0
2 3 4 88 11 24.0 4.0 1000.0
2 4 2 79 1 16.0 4.0 1000.0
10 10 20
10 10 20
10 10 20
10 10 20

5 4
9 2 2 185 1 36.0 4.0 1000.0
6 2 4 144 8 48.0 4.0 1000.0
3 5 5 35 6 75.0 4.0 1000.0
3 8 7 18 19 168.0 4.0 1000.0
5 9 2 39 4 90.0 4.0 1000.0
10 10 20
10 10 20
10 10 20
10 10 20

5 4
7 3 4 35 7 84.0 4.0 1000.0
5 2 9 2 13 90.0 4.0 1000.0
6 6 5 12 9 180.0 4.0 1000.0
6 8 4 18 10 192.0 4.0 1000.0
7 5 8 13 0 280.0 4.0 1000.0
10 10 20
10 10 20
10 10 20
10 10 20

5 4
9 9 2 11 1 162.0 4.0 1000.0
5 9 8 10 11 360.0 4.0 1000.0
3 6 4 77 2 72.0 4.0 1000.0
9 8 5 13 13 360.0 4.0 1000.0
9 8 4 12 9 288.0 4.0 1000.0
10 10 20
10 10 20
10 10 20
10 10 20

5 4
3 3 2 20 4 18.0 4.0 1000.0
8 7 4 3 1 224.0 4.0 1000.0
6 8 3 36 1 144.0 4.0 1000.0
5 7 2 79 4 70.0 4.0 1000.0
6 8 8 3 22 384.0 4.0 1000.0
10 10 20
10 10 20
10 10 20
10 10 20

5 4
4 4 2 97 2 32.0 4.0 1000.0
7 4 3 32 7 84.0 4.0 1000.0
4 7 7 2 3 196.0 4.0 1000.0
2 8 4 58 7 64.0 4.0 1000.0
7 6 4 4 1 168.0 4.0 1000.0
10 10 20
10 10 20
10 10 20
10 10 20

5 4
7 9 5 7 0 315.0 4.0 1000.0
8 5 8 11 10 320.0 4.0 1000.0
6 8 9 5 22 432.0 4.0 1000.0
2 6 3 135 0 36.0 4.0 1000.0
8 2 4 51 1 64.0 4.0 1000.0
10 10 20
10 10 20
10 10 20
10 10 20

5 4
7 4 7 1 8 196.0 4.0 1000.0
3 3 8 52 23 72.0 4.0 1000.0
2 2 4 449 0 16.0 4.0 1000.0
6 2 6 57 14 72.0 4.0 1000.0
5 4 9 12 17 180.0 4.0 1000.0
10 10 20
10 10 20
10 10 20
10 10 20

5 4
7 3 7 3 6 147.0 4.0 1000.0
9 4 5 8 9 180.0 4.0 1000.0
5 3 5 40 0 75.0 4.0 1000.0
9 2 6 41 4 108.0 4.0 1000.0
6 6 6 14 9 216.0 4.0 1000.0
10 10 20
10 10 20
10 10 20
10 10 20

5 4
8 6 3 11 5 144.0 4.0 1000.0
9 5 4 27 6 180.0 4.0 1000.0
5 8 3 40 3 120.0 4.0 1000.0
4 7 5 13 12 140.0 4.0 1000.0
5 7 6 11 14 210.0 4.0 1000.0
10 10 20
10 10 20
10 10 20
10 10 20