5 4
2 3 3 22 1 18.0 4.0 1000.0
4 2 2 36 1 16.0 4.0 1000.0
4 1 4 38 5 16.0 4.0 1000.0
4 1 2 26 0 8.0 4.0 1000.0
3 4 1 41 0 12.0 4.0 1000.0
5 5 10
5 5 10
5 5 10
5 5 10

5 4
4 1 3 9 8 12.0 4.0 1000.0
3 2 1 129 2 6.0 4.0 1000.0
3 2 2 8 4 12.0 4.0 1000.0
3 3 4 4 11 36.0 4.0 1000.0
2 2 3 13 2 12.0 4.0 1000.0
5 5 10
5 5 10
5 5 10
5 5 10

5 4
3 3 1 89 0 9.0 4.0 1000.0
4 2 3 26 2 24.0 4.0 1000.0
1 1 4 181 10 4.0 4.0 1000.0
2 3 1 29 1 6.0 4.0 1000.0
4 3 4 3 4 48.0 4.0 1000.0
5 5 10
5 5 10
5 5 10
5 5 10

5 4
1 1 2 181 2 2.0 4.0 1000.0
4 2 1 34 0 8.0 4.0 1000.0
1 3 1 9 2 3.0 4.0 1000.0
4 4 2 14 4 32.0 4.0 1000.0
1 3 3 17 4 9.0 4.0 1000.0
5 5 10
5 5 10
5 5 10
5 5 10

5 4
3 2 2 38 2 12.0 4.0 1000.0
4 1 4 32 1 16.0 4.0 1000.0
4 3 1 45 1 12.0 4.0 1000.0
4 4 4 1 7 64.0 4.0 1000.0
4 4 2 9 2 32.0 4.0 1000.0
5 5 10
5 5 10
5 5 10
5 5 10

5 4
4 4 4 8 0 64.0 4.0 1000.0
3 4 1 56 2 12.0 4.0 1000.0
4 1 4 14 0 16.0 4.0 1000.0
1 1 3 89 2 3.0 4.0 1000.0
4 1 3 4 4 12.0 4.0 1000.0
5 5 10
5 5 10
5 5 10
5 5 10

5 4
3 2 3 14 2 18.0 4.0 1000.0
2 4 4 7 7 32.0 4.0 1000.0
3 4 2 3 5 24.0 4.0 1000.0
3 2 1 55 1 6.0 4.0 1000.0
1 1 2 393 3 2.0 4.0 1000.0
5 5 10
5 5 10
5 5 10
5 5 10

5 4
4 1 3 37 0 12.0 4.0 1000.0
4 4 2 18 1 32.0 4.0 1000.0
4 4 2 18 0 32.0 4.0 1000.0
4 2 3 6 8 24.0 4.0 1000.0
2 2 4 31 5 16.0 4.0 1000.0
5 5 10
5 5 10
5 5 10
5 5 10

5 4
2 2 2 61 2 8.0 4.0 1000.0
1 1 2 69 4 2.0 4.0 1000.0
3 4 2 27 5 24.0 4.0 1000.0
3 1 4 45 11 12.0 4.0 1000.0
2 3 3 4 5 18.0 4.0 1000.0
5 5 10
5 5 10
5 5 10
5 5 10

5 4
4 3 3 16 4 36.0 4.0 1000.0
1 3 4 39 11 12.0 4.0 1000.0
1 1 1 799 1 1.0 4.0 1000.0
2 3 2 22 0 12.0 4.0 1000.0
3 4 2 2 0 24.0 4.0 1000.0
5 5 10
5 5 10
5 5 10
5 5 10