20 20 20
12.0 4.0 15.0 8 6 5 1 1
12.0 4.0 9.0 8 6 5 1 1
0.0 14.0 10.0 8 6 5 1 1
4.0 6.0 9.0 8 6 5 1 1
4.0 3.0 15.0 4 3 5 2 1
0.0 0.0 10.0 4 3 5 2 1
0.0 17.0 5.0 4 3 5 2 1
0.0 11.0 5.0 4 3 5 2 1
4.0 0.0 15.0 4 3 5 2 1
4.0 3.0 10.0 4 3 5 2 1
0.0 8.0 10.0 4 3 5 2 1
0.0 5.0 10.0 4 3 5 2 1
0.0 8.0 5.0 4 3 5 2 1
0.0 5.0 15.0 4 3 5 2 1
0.0 11.0 15.0 4 3 5 2 1
0.0 6.0 0.0 4 3 5 2 1
4.0 17.0 15.0 4 3 5 2 1
0.0 3.0 5.0 4 3 5 2 1
0.0 3.0 0.0 4 3 5 2 1
4.0 17.0 5.0 4 3 5 2 1
0.0 11.0 10.0 4 3 5 2 1
0.0 17.0 15.0 4 3 5 2 1
0.0 8.0 15.0 4 3 5 2 1
0.0 9.0 0.0 4 3 5 2 1
0.0 14.0 5.0 4 3 5 2 1
4.0 6.0 15.0 4 3 5 2 1
0.0 0.0 0.0 4 3 5 2 1
0.0 14.0 15.0 4 3 5 2 1
4.0 14.0 4.0 4 3 5 2 1
4.0 6.0 4.0 4 3 5 2 1
0.0 17.0 0.0 4 3 5 2 1
8.0 6.0 4.0 4 3 5 2 1
0.0 0.0 15.0 4 3 5 2 1
15.0 10.0 8.0 5 5 6 3 1
15.0 15.0 2.0 5 5 6 3 1
10.0 10.0 14.0 5 5 6 3 1
10.0 15.0 8.0 5 5 6 3 1
15.0 15.0 14.0 5 5 6 3 1
15.0 10.0 14.0 5 5 6 3 1
15.0 15.0 8.0 5 5 6 3 1
4.0 9.0 14.0 5 5 6 3 1
10.0 15.0 14.0 5 5 6 3 1
15.0 10.0 2.0 5 5 6 3 1
15.0 5.0 3.0 5 5 6 3 1
0.0 14.0 0.0 2 3 4 4 1
4.0 11.0 4.0 2 3 4 4 1
10.0 0.0 8.0 2 3 4 4 1
4.0 0.0 4.0 2 3 4 4 1
4.0 8.0 0.0 2 3 4 4 1
16.0 0.0 16.0 2 3 4 4 1
18.0 0.0 4.0 2 3 4 4 1
10.0 0.0 16.0 2 3 4 4 1
16.0 1.0 12.0 2 3 4 4 1
8.0 0.0 16.0 2 3 4 4 1
4.0 0.0 0.0 2 3 4 4 1
10.0 3.0 11.0 2 3 4 4 1
6.0 14.0 16.0 2 3 4 4 1
8.0 14.0 16.0 2 3 4 4 1
4.0 14.0 15.0 2 3 4 4 1
8.0 0.0 8.0 2 3 4 4 1
14.0 0.0 16.0 2 3 4 4 1
18.0 0.0 16.0 2 3 4 4 1
8.0 0.0 4.0 2 3 4 4 1
8.0 9.0 4.0 2 3 4 4 1
6.0 4.0 0.0 2 3 4 4 1
12.0 0.0 8.0 2 3 4 4 1
8.0 12.0 4.0 2 3 4 4 1
6.0 3.0 4.0 2 3 4 4 1
8.0 3.0 10.0 2 3 4 4 1
10.0 3.0 16.0 2 3 4 4 1
10.0 12.0 4.0 2 3 4 4 1
4.0 3.0 5.0 2 3 4 4 1
16.0 0.0 4.0 2 3 4 4 1
6.0 0.0 11.0 2 3 4 4 1
18.0 0.0 8.0 2 3 4 4 1
4.0 0.0 11.0 2 3 4 4 1
8.0 3.0 4.0 2 3 4 4 1
10.0 0.0 4.0 2 3 4 4 1
6.0 11.0 4.0 2 3 4 4 1
4.0 11.0 0.0 2 3 4 4 1
14.0 0.0 12.0 2 3 4 4 1
10.0 9.0 5.0 2 3 4 4 1
12.0 0.0 4.0 2 3 4 4 1
10.0 3.0 4.0 2 3 4 4 1
12.0 6.0 5.0 2 3 4 4 1
12.0 3.0 4.0 2 3 4 4 1
8.0 17.0 10.0 2 3 4 4 1
13.0 17.0 4.0 2 3 4 4 1
0.0 0.0 5.0 2 3 4 4 1
12.0 0.0 12.0 2 3 4 4 1
8.0 17.0 16.0 2 3 4 4 1
8.0 14.0 10.0 2 3 4 4 1
8.0 3.0 16.0 2 3 4 4 1
8.0 0.0 12.0 2 3 4 4 1
12.0 0.0 16.0 2 3 4 4 1
18.0 0.0 12.0 2 3 4 4 1
10.0 6.0 16.0 2 3 4 4 1
8.0 6.0 16.0 2 3 4 4 1
14.0 0.0 8.0 2 3 4 4 1
6.0 0.0 4.0 2 3 4 4 1
2.0 0.0 5.0 2 3 4 4 1
14.0 0.0 4.0 2 3 4 4 1
16.0 0.0 8.0 2 3 4 4 1
12.0 12.0 0.0 2 4 2 5 1
8.0 4.0 0.0 2 4 2 5 1
10.0 12.0 0.0 2 4 2 5 1
12.0 16.0 2.0 2 4 2 5 1
12.0 4.0 2.0 2 4 2 5 1
18.0 12.0 0.0 2 4 2 5 1
18.0 8.0 0.0 2 4 2 5 1
16.0 0.0 2.0 2 4 2 5 1
6.0 0.0 2.0 2 4 2 5 1
14.0 12.0 0.0 2 4 2 5 1
16.0 16.0 0.0 2 4 2 5 1
10.0 16.0 0.0 2 4 2 5 1
6.0 12.0 2.0 2 4 2 5 1
18.0 0.0 2.0 2 4 2 5 1
4.0 3.0 0.0 2 4 2 5 1
10.0 8.0 0.0 2 4 2 5 1
8.0 8.0 0.0 2 4 2 5 1
6.0 12.0 0.0 2 4 2 5 1
6.0 16.0 2.0 2 4 2 5 1
8.0 8.0 2.0 2 4 2 5 1
10.0 4.0 2.0 2 4 2 5 1
14.0 8.0 0.0 2 4 2 5 1
8.0 12.0 0.0 2 4 2 5 1
10.0 8.0 2.0 2 4 2 5 1
18.0 4.0 0.0 2 4 2 5 1
10.0 0.0 0.0 2 4 2 5 1
6.0 16.0 0.0 2 4 2 5 1
8.0 12.0 2.0 2 4 2 5 1
12.0 0.0 0.0 2 4 2 5 1
13.0 8.0 2.0 2 4 2 5 1
8.0 16.0 0.0 2 4 2 5 1
6.0 8.0 0.0 2 4 2 5 1
6.0 8.0 2.0 2 4 2 5 1
6.0 0.0 0.0 2 4 2 5 1
8.0 16.0 2.0 2 4 2 5 1
4.0 3.0 2.0 2 4 2 5 1
16.0 8.0 0.0 2 4 2 5 1
14.0 16.0 0.0 2 4 2 5 1
12.0 0.0 2.0 2 4 2 5 1
4.0 16.0 2.0 2 4 2 5 1
12.0 4.0 0.0 2 4 2 5 1
11.0 16.0 4.0 2 4 2 5 1
18.0 16.0 0.0 2 4 2 5 1
18.0 0.0 0.0 2 4 2 5 1
8.0 4.0 2.0 2 4 2 5 1
14.0 0.0 2.0 2 4 2 5 1
12.0 11.0 4.0 2 4 2 5 1
2.0 13.0 0.0 2 4 2 5 1
8.0 0.0 2.0 2 4 2 5 1
10.0 4.0 0.0 2 4 2 5 1
16.0 0.0 0.0 2 4 2 5 1
14.0 0.0 0.0 2 4 2 5 1
14.0 4.0 0.0 2 4 2 5 1
16.0 4.0 0.0 2 4 2 5 1
4.0 16.0 0.0 2 4 2 5 1
10.0 12.0 2.0 2 4 2 5 1
8.0 0.0 0.0 2 4 2 5 1
12.0 16.0 0.0 2 4 2 5 1
8.0 16.0 4.0 2 4 2 5 1
10.0 16.0 2.0 2 4 2 5 1
16.0 12.0 0.0 2 4 2 5 1
12.0 8.0 0.0 2 4 2 5 1
