
Gurobi 12.0.2 (win64) logging started Sun Dec  7 11:32:04 2025

Set parameter LogFile to value "resultados DATA_1_n20m05b2d2\instancia_1_log.txt"
Gurobi Optimizer version 12.0.2 build v12.0.2rc0 (win64 - Windows 10.0 (19045.2))

CPU model: Intel(R) Core(TM) i5-6300U CPU @ 2.40GHz, instruction set [SSE2|AVX|AVX2]
Thread count: 2 physical cores, 4 logical processors, using up to 4 threads

Non-default parameters:
TimeLimit  3600

Optimize a model with 4626 rows, 7920 columns and 16812 nonzeros
Model fingerprint: 0x5159cdfb
Variable types: 108 continuous, 7812 integer (7812 binary)
Coefficient statistics:
  Matrix range     [1e+00, 1e+03]
  Objective range  [3e-02, 2e-01]
  Bounds range     [1e+00, 1e+00]
  RHS range        [1e+00, 1e+03]
Found heuristic solution: objective 0.0367500
Presolve removed 204 rows and 4092 columns
Presolve time: 0.11s
Presolved: 4422 rows, 3828 columns, 16212 nonzeros
Variable types: 108 continuous, 3720 integer (3720 binary)

Root relaxation: objective 1.809250e+00, 1298 iterations, 0.03 seconds (0.01 work units)

    Nodes    |    Current Node    |     Objective Bounds      |     Work
 Expl Unexpl |  Obj  Depth IntInf | Incumbent    BestBd   Gap | It/Node Time

     0     0    1.80925    0   93    0.03675    1.80925  4823%     -    0s
H    0     0                       0.1697500    1.80925   966%     -    0s
H    0     0                       0.3928750    1.80925   361%     -    0s
     0     0    1.80925    0  363    0.39288    1.80925   361%     -    0s
H    0     0                       0.4210000    1.80925   330%     -    0s
H    0     0                       0.5226250    1.80925   246%     -    0s
     0     0    1.80925    0  316    0.52263    1.80925   246%     -    0s
     0     0    1.80925    0  112    0.52263    1.80925   246%     -    0s
     0     0    1.80925    0  135    0.52263    1.80925   246%     -    0s
     0     0    1.80925    0  100    0.52263    1.80925   246%     -    1s
     0     0    1.80925    0  133    0.52263    1.80925   246%     -    1s
     0     0    1.80925    0  100    0.52263    1.80925   246%     -    1s
     0     0    1.80925    0   92    0.52263    1.80925   246%     -    1s
H    0     0                       0.7132500    1.80925   154%     -    1s
H    0     2                       0.7695000    1.80925   135%     -    1s
     0     2    1.80925    0   90    0.76950    1.80925   135%     -    1s
H   85   187                       0.7732500    1.80925   134%   131    4s
H  241   294                       0.8013750    1.80925   126%  64.9    4s
   368   410    1.80925   11  213    0.80138    1.80925   126%  65.4    5s
H  973   628                       0.8295000    1.80925   118%  42.8    9s
   975   629    1.59925  101   94    0.82950    1.80925   118%  42.7   10s
   985   636    1.80925   40  132    0.82950    1.80925   118%  42.2   15s
  1364   773    1.21425   59  110    0.82950    1.80925   118%  68.5   20s
  1640   831    1.61675   19  249    0.82950    1.71300   107%  71.6   25s
  2358   897 infeasible   68         0.82950    1.71300   107%  62.1   30s
* 2494   850             139       0.8390000    1.61675  92.7%  62.9   30s
H 2997  1244                       0.8427500    1.61675  91.8%  57.4   33s
  4007  1755    1.03025   99   32    0.84275    1.61675  91.8%  48.0   35s
  5782  2677 infeasible   48         0.84275    1.61675  91.8%  43.4   40s
  7410  3557    1.16075   84   76    0.84275    1.61675  91.8%  40.7   45s
  8972  4649    1.05913   75   45    0.84275    1.61675  91.8%  40.5   50s
 10727  5317 infeasible   73         0.84275    1.61675  91.8%  39.1   56s
 11767  5987    1.15873   28   96    0.84275    1.61675  91.8%  40.1   60s
 13560  6771    1.50650   30  226    0.84275    1.61675  91.8%  38.3   65s
 15481  8007 infeasible  109         0.84275    1.61675  91.8%  36.8   70s
 15949  8225    1.61675   46  245    0.84275    1.61675  91.8%  37.2   75s
 17127  8766    1.41568   80  145    0.84275    1.61675  91.8%  37.4   80s
 19110  9973    0.91475  101   16    0.84275    1.61675  91.8%  36.4   85s
 21106 11105    1.01488   63   46    0.84275    1.61675  91.8%  35.6  116s
 23161 12350 infeasible   60         0.84275    1.61675  91.8%  34.4  120s
 25480 13634    1.12025   57   75    0.84275    1.61675  91.8%  34.3  125s
 27811 15031    1.34450   93  119    0.84275    1.61675  91.8%  33.6  130s
 29456 16121    1.61583   68  256    0.84275    1.61675  91.8%  34.1  135s
 31703 16922 infeasible   81         0.84275    1.61675  91.8%  34.2  141s
 33722 18043    1.61675   58  254    0.84275    1.61675  91.8%  33.7  145s
 36473 19487 infeasible  161         0.84275    1.61675  91.8%  33.0  150s
 38816 21224    1.57541   78  217    0.84275    1.61675  91.8%  32.7  155s
 41643 22105 infeasible   85         0.84275    1.61675  91.8%  32.5  160s
 44341 23669 infeasible   77         0.84275    1.61675  91.8%  32.3  165s
 45988 24870    1.27475  112  135    0.84275    1.61675  91.8%  32.6  170s
 47899 25708    1.46600   93  304    0.84275    1.61675  91.8%  32.7  175s
 50217 27190    1.61675   44  224    0.84275    1.61675  91.8%  32.6  180s
 51941 28260    1.47087   72  154    0.84275    1.61675  91.8%  32.8  185s
 54559 29462    1.04300   52   38    0.84275    1.61675  91.8%  32.6  190s
 56696 30412 infeasible  124         0.84275    1.61675  91.8%  32.7  195s
 58293 30927    1.01488   93   36    0.84275    1.61675  91.8%  33.3  200s
 59414 31163 infeasible   74         0.84275    1.61675  91.8%  33.7  205s
 61095 31686    1.61675   84  334    0.84275    1.61675  91.8%  34.6  211s
 62781 32694 infeasible   65         0.84275    1.61675  91.8%  34.8  215s
 63447 33248    1.61675   92  304    0.84275    1.61675  91.8%  34.7  226s
 66443 34703    1.37116  141  153    0.84275    1.61675  91.8%  35.4  230s
 69982 36361 infeasible   48         0.84275    1.61675  91.8%  34.9  235s
 71740 37422    1.01488   56   32    0.84275    1.61675  91.8%  35.0  240s
 73246 38151    1.61675   65  231    0.84275    1.61675  91.8%  35.1  245s
 75199 39180    1.45850   54  174    0.84275    1.61675  91.8%  35.1  250s
 77170 40202    0.90237  118   16    0.84275    1.61675  91.8%  35.2  255s
 78372 40733    1.57625   91  246    0.84275    1.61675  91.8%  35.4  260s
 80691 41997    1.58000   85  279    0.84275    1.61675  91.8%  35.4  265s
 81969 42438    1.23425   90   91    0.84275    1.61675  91.8%  35.9  270s
 83628 43203 infeasible   77         0.84275    1.61675  91.8%  36.0  275s
 85017 44098 infeasible   89         0.84275    1.61675  91.8%  36.3  280s
 87522 44837 infeasible  103         0.84275    1.61675  91.8%  36.2  285s
 89137 45614 infeasible   94         0.84275    1.61675  91.8%  36.4  290s
 90743 46594    1.38125   63  180    0.84275    1.61675  91.8%  36.6  295s
 91758 46777 infeasible   81         0.84275    1.61675  91.8%  36.5  301s
 92717 47280    1.29462   62   83    0.84275    1.61675  91.8%  36.6  305s
 94075 47961 infeasible   64         0.84275    1.61675  91.8%  36.6  310s
 95666 49443    1.30874   55  115    0.84275    1.61675  91.8%  36.8  316s
 97740 49666    1.61675   52  250    0.84275    1.61675  91.8%  36.6  320s
 100155 50569 infeasible  111         0.84275    1.61675  91.8%  36.6  325s
 101985 51643    1.61675   55  307    0.84275    1.61675  91.8%  36.7  330s
 104009 52018    1.01488   66   26    0.84275    1.61675  91.8%  36.7  335s
 105445 53457    0.95863   97   18    0.84275    1.61675  91.8%  36.9  342s
 107755 53414 infeasible   70         0.84275    1.61675  91.8%  36.8  345s
 109374 54236    1.04300   55   67    0.84275    1.61675  91.8%  36.9  350s
 111018 54707    1.61675   61  270    0.84275    1.61675  91.8%  37.0  355s
 111480 54851 infeasible   77         0.84275    1.61675  91.8%  37.2  360s
 113206 55676    1.21362   61   68    0.84275    1.61675  91.8%  37.3  365s
 115213 56710    0.95863   64   20    0.84275    1.61675  91.8%  37.4  370s
 116575 57616    1.58000   88  257    0.84275    1.61675  91.8%  37.6  376s
 118610 58602    1.61675   60  231    0.84275    1.61675  91.8%  37.6  380s
 120425 59234    0.84613   85    2    0.84275    1.61675  91.8%  37.7  385s
 123260 60155 infeasible  136         0.84275    1.61675  91.8%  37.6  390s
 125243 61007    0.98675   99   36    0.84275    1.61675  91.8%  37.6  395s
 126862 62336    0.95863   88   33    0.84275    1.61675  91.8%  37.7  401s
 129312 62855 infeasible  228         0.84275    1.61675  91.8%  37.6  405s
 130493 63427    1.58862   77  296    0.84275    1.61675  91.8%  37.8  411s
 131870 64479    1.38987  111  162    0.84275    1.61675  91.8%  37.8  415s
 134072 65643    1.42175   51  192    0.84275    1.61675  91.8%  37.8  420s
 136659 66527    0.96388   79   11    0.84275    1.61675  91.8%  37.7  425s
 138629 67326 infeasible   56         0.84275    1.61675  91.8%  37.6  430s
 140148 67799    1.49525   62  202    0.84275    1.61675  91.8%  37.7  435s
 141574 68570    1.61675   31  262    0.84275    1.61675  91.8%  37.8  440s
 143260 69291    1.20125   81   87    0.84275    1.61675  91.8%  37.9  445s
 144865 70032 infeasible   69         0.84275    1.61675  91.8%  38.0  450s
 146745 71027    1.19525  109   86    0.84275    1.61675  91.8%  37.8  455s
 149055 72262    1.12400   31  115    0.84275    1.61675  91.8%  37.8  460s
 150522 72739 infeasible   84         0.84275    1.61675  91.8%  37.8  465s
 152320 73718    1.45850   38  187    0.84275    1.61675  91.8%  37.8  470s
 154040 74096    1.34825   55  128    0.84275    1.61675  91.8%  37.9  476s
 155746 75030    1.61675   64  217    0.84275    1.61675  91.8%  37.8  480s
 157515 76094    1.06400   53   31    0.84275    1.61675  91.8%  37.9  486s
 159665 76627 infeasible   58         0.84275    1.61675  91.8%  37.9  490s
 161961 77700 infeasible   81         0.84275    1.61675  91.8%  37.8  495s
 163887 79038    1.32875  102  144    0.84275    1.61675  91.8%  37.8  500s
 166010 79962    1.28998  132  109    0.84275    1.61675  91.8%  37.7  505s
 167851 81163    1.61675   59  289    0.84275    1.61675  91.8%  37.7  510s
 170110 82264    1.52128   83  230    0.84275    1.61675  91.8%  37.7  515s
 172102 82858    0.89525  116    6    0.84275    1.61675  91.8%  37.8  520s
 173855 83614    1.42175   68  210    0.84275    1.61675  91.8%  37.8  525s
 175756 84280 infeasible   68         0.84275    1.61675  91.8%  37.8  530s
H176476 84359                       0.8465000    1.61675  91.0%  37.8  533s
 176647 84390 infeasible   63         0.84650    1.61675  91.0%  37.9  535s
 177067 84551    1.04300   68   56    0.84650    1.61675  91.0%  38.0  540s
 177680 84843    1.29933   66  123    0.84650    1.61675  91.0%  38.2  545s
 179425 85577    0.90237   90   12    0.84650    1.61675  91.0%  38.2  550s
 181448 86676 infeasible   94         0.84650    1.61675  91.0%  38.2  555s
 182918 87760    0.95863   72   23    0.84650    1.61675  91.0%  38.3  560s
 185268 88670    1.58000   94  240    0.84650    1.61675  91.0%  38.2  565s
 187462 90009    1.22375   77   78    0.84650    1.61675  91.0%  38.1  570s
 189695 90837    1.11688   58   52    0.84650    1.61675  91.0%  38.0  576s
 191114 91334    1.12513   77   71    0.84650    1.61675  91.0%  38.0  580s
 192426 92097    1.54453   68  251    0.84650    1.61675  91.0%  38.1  585s
 194381 92606 infeasible   89         0.84650    1.61675  91.0%  38.1  590s
 194929 92886    1.54325   94  287    0.84650    1.61675  91.0%  38.2  595s
 196797 93937 infeasible   64         0.84650    1.61675  91.0%  38.0  600s
 198715 94864 infeasible  110         0.84650    1.61675  91.0%  37.9  605s
 200892 96278    1.61675   80  232    0.84650    1.61675  91.0%  37.9  610s
 203291 97367    1.61675   76  228    0.84650    1.61675  91.0%  37.8  615s
 205218 98107    1.54325   73  270    0.84650    1.61675  91.0%  37.8  620s
 207322 99262    1.12025   65   59    0.84650    1.61675  91.0%  37.8  625s
 209072 100003 infeasible  112         0.84650    1.61675  91.0%  37.8  630s
 211554 101195    1.00995   92   40    0.84650    1.61675  91.0%  37.8  635s
 213334 102297    1.26824   74  108    0.84650    1.61675  91.0%  37.8  640s
 215289 103339    1.28150   81   92    0.84650    1.61675  91.0%  37.7  645s
 217815 104506 infeasible   76         0.84650    1.61675  91.0%  37.7  650s
 219279 105176 infeasible   88         0.84650    1.61675  91.0%  37.8  655s
 220658 105773    1.61675   67  289    0.84650    1.61675  91.0%  38.0  660s
 223072 107257    1.23800   74   85    0.84650    1.61675  91.0%  38.0  665s
 224113 107601    1.26824   74  101    0.84650    1.61675  91.0%  38.0  670s
 226478 108779 infeasible   90         0.84650    1.61675  91.0%  38.0  675s
 227826 109564 infeasible   78         0.84650    1.61675  91.0%  38.1  680s
 229258 110091    1.49066   77  225    0.84650    1.61675  91.0%  38.1  685s
 230886 111275    1.08528  157   43    0.84650    1.61675  91.0%  38.2  691s
 233645 112260 infeasible  133         0.84650    1.61675  91.0%  38.1  695s
 235407 113239    1.45850   78  248    0.84650    1.61675  91.0%  38.1  700s
 237018 113792 infeasible  108         0.84650    1.61675  91.0%  38.2  705s
 238844 114617 infeasible   99         0.84650    1.61675  91.0%  38.2  710s
 240110 115468    1.01488  100   45    0.84650    1.61675  91.0%  38.3  715s
 242208 116241    0.98675   76   34    0.84650    1.61675  91.0%  38.4  720s
 244102 117459 infeasible  117         0.84650    1.61675  91.0%  38.4  725s
 245786 118451    1.34450   83  114    0.84650    1.61675  91.0%  38.4  730s
 247465 119238    1.07975   99   88    0.84650    1.61675  91.0%  38.5  735s
 249212 120325 infeasible   73         0.84650    1.61675  91.0%  38.5  740s
 250839 120933    1.38500   82  156    0.84650    1.61675  91.0%  38.6  746s
 252979 122098 infeasible   95         0.84650    1.61675  91.0%  38.6  750s
 254761 123170    1.08350   70   77    0.84650    1.61675  91.0%  38.6  755s
 256549 123933    1.08350   76   68    0.84650    1.61675  91.0%  38.6  760s
 258395 124795 infeasible   86         0.84650    1.61675  91.0%  38.6  765s
 259624 125168    1.01488   74   48    0.84650    1.61675  91.0%  38.8  770s
 261043 126017    1.07975   75   62    0.84650    1.61675  91.0%  38.8  776s
 262197 127425 infeasible   83         0.84650    1.61675  91.0%  38.9  781s
 264724 127981 infeasible   62         0.84650    1.61675  91.0%  38.9  786s
 266869 129183    1.05538   74   66    0.84650    1.61675  91.0%  38.8  790s
 268343 130420    1.61675   76  272    0.84650    1.61675  91.0%  38.9  795s
 270644 131285 infeasible   88         0.84650    1.61675  91.0%  38.8  800s
 271445 132539    1.61675   63  245    0.84650    1.61675  91.0%  38.8  805s
 273994 132863    1.39250   78  164    0.84650    1.61675  91.0%  39.0  810s
 275220 133274 infeasible   52         0.84650    1.61675  91.0%  39.1  816s
 276937 134627    1.61675   65  230    0.84650    1.61675  91.0%  39.1  820s
 278637 135028    0.87425   81    9    0.84650    1.61675  91.0%  39.1  825s
 280741 135900    1.56050   73  259    0.84650    1.61675  91.0%  39.1  830s
 281921 136980    1.04300   78   45    0.84650    1.61675  91.0%  39.1  835s
 283403 137251    1.58000   73  346    0.84650    1.61675  91.0%  39.3  841s
 284223 138411    1.57908   64  197    0.84650    1.61675  91.0%  39.4  846s
 286337 138848    1.54233   49  210    0.84650    1.61675  91.0%  39.3  850s
 288350 139500    1.59853   64  231    0.84650    1.61675  91.0%  39.3  855s
 290661 140794 infeasible   67         0.84650    1.61675  91.0%  39.2  861s
 291826 141431    0.94063  141   10    0.84650    1.61675  91.0%  39.3  865s
 293408 142097    1.19375   96   81    0.84650    1.61675  91.0%  39.4  870s
 295531 143266    1.61675   59  236    0.84650    1.61675  91.0%  39.3  875s
 297108 144121    1.45850   74  197    0.84650    1.61675  91.0%  39.4  880s
 299248 145155 infeasible   87         0.84650    1.61675  91.0%  39.3  885s
 300720 145864    1.07516   67   64    0.84650    1.61675  91.0%  39.4  890s
 302679 146911 infeasible   68         0.84650    1.61675  91.0%  39.4  896s
 304376 148090    1.59853   57  230    0.84650    1.61675  91.0%  39.4  900s
 306107 148675    1.45850   72  126    0.84650    1.61675  91.0%  39.4  905s
 308117 149003 infeasible   68         0.84650    1.61675  91.0%  39.4  910s
 309291 149618    1.61675   57  236    0.84650    1.61675  91.0%  39.5  915s
 311571 150477 infeasible   81         0.84650    1.61675  91.0%  39.6  920s
 312797 150763    1.61675   68  376    0.84650    1.61675  91.0%  39.7  925s
 314538 151535 infeasible  149         0.84650    1.61675  91.0%  39.6  930s
 316593 152431 infeasible   78         0.84650    1.61675  91.0%  39.6  935s
 318235 153112    0.98675   92   37    0.84650    1.61675  91.0%  39.7  940s
 319737 153550 infeasible   74         0.84650    1.61675  91.0%  39.8  945s
 321575 154473    1.49525   62  192    0.84650    1.61675  91.0%  39.8  950s
 323637 154967    1.11688   55   42    0.84650    1.61675  91.0%  39.8  956s
 325782 155571    1.34450   93  133    0.84650    1.61675  91.0%  39.8  960s
 327274 156222 infeasible   68         0.84650    1.61675  91.0%  39.8  965s
 329041 157151    1.24550   57  112    0.84650    1.61675  91.0%  39.8  970s
 331201 157952    1.20125   70  100    0.84650    1.61675  91.0%  39.8  975s
 332604 158352 infeasible   70         0.84650    1.61675  91.0%  39.8  980s
 334057 159397    1.61675   66  248    0.84650    1.61675  91.0%  39.8  986s
 335913 159992 infeasible   78         0.84650    1.61675  91.0%  39.8  990s
 337513 160700    1.15700   63   62    0.84650    1.61675  91.0%  39.8  995s
 339180 161525    1.12025   67   64    0.84650    1.61675  91.0%  39.8 1000s
 340853 162642    1.61675   62  362    0.84650    1.61675  91.0%  39.8 1005s
 342716 163664 infeasible   81         0.84650    1.61675  91.0%  39.8 1011s
 344416 164362 infeasible  212         0.84650    1.61675  91.0%  39.8 1015s
 346455 165464    1.01488   70   44    0.84650    1.61675  91.0%  39.7 1020s
 347294 166118    1.49525   84  239    0.84650    1.61675  91.0%  39.7 1025s
 349463 167408    1.46975   79  173    0.84650    1.61675  91.0%  39.7 1030s
 351442 168082    1.42175   86  190    0.84650    1.61675  91.0%  39.6 1035s
 352816 168868    1.45850   83  177    0.84650    1.61675  91.0%  39.6 1040s
 354444 169629    1.08350   79   72    0.84650    1.61675  91.0%  39.6 1046s
 355761 170647 infeasible   74         0.84650    1.61675  91.0%  39.6 1050s
 357853 171534    1.08125  137   64    0.84650    1.61675  91.0%  39.6 1055s
 359622 172513 infeasible  176         0.84650    1.61675  91.0%  39.5 1060s
 361594 173977    1.07975  129   48    0.84650    1.61675  91.0%  39.5 1065s
 363704 175055    0.95150  118   23    0.84650    1.61675  91.0%  39.5 1070s
 365622 175794    1.15700   74   71    0.84650    1.61675  91.0%  39.4 1077s
 367604 176469    1.61675   68  270    0.84650    1.61675  91.0%  39.4 1080s
 368771 176910    1.56594   75  259    0.84650    1.61675  91.0%  39.5 1086s
 370499 178170    0.93050  110   24    0.84650    1.61675  91.0%  39.5 1090s
 372117 178412 infeasible   73         0.84650    1.61675  91.0%  39.5 1095s
 374525 179411 infeasible   83         0.84650    1.61675  91.0%  39.4 1100s
 376257 180116    1.42175   88  198    0.84650    1.61675  91.0%  39.4 1106s
 377744 180994 infeasible   69         0.84650    1.61675  91.0%  39.4 1110s
 379079 181203 infeasible   54         0.84650    1.61675  91.0%  39.4 1116s
 380220 182378    0.98394   88   30    0.84650    1.61675  91.0%  39.4 1120s
 382142 182885    1.03588   70   46    0.84650    1.61675  91.0%  39.4 1125s
 384203 183791 infeasible   74         0.84650    1.61675  91.0%  39.3 1130s
 385405 184436 infeasible   59         0.84650    1.61675  91.0%  39.4 1135s
 386369 186247    1.43037   69  152    0.84650    1.61675  91.0%  39.4 1141s
 389873 186420    1.34825   70  129    0.84650    1.61675  91.0%  39.2 1145s
 391570 186941 infeasible  123         0.84650    1.61675  91.0%  39.2 1150s
 393418 187626    0.89525   75    8    0.84650    1.61675  91.0%  39.1 1155s
 395034 187971    1.43412   58  138    0.84650    1.61675  91.0%  39.1 1160s
 396817 189198    0.85850   87    8    0.84650    1.61675  91.0%  39.1 1166s
 398982 189865    1.15419   63  109    0.84650    1.61675  91.0%  39.0 1170s
 401470 190988    1.07787   72   52    0.84650    1.61675  91.0%  38.9 1175s
 402978 191598    1.07787   85   47    0.84650    1.61675  91.0%  38.9 1180s
 404870 192699    1.06587   65   49    0.84650    1.61675  91.0%  38.8 1185s
 406822 193144 infeasible   56         0.84650    1.61675  91.0%  38.8 1190s
 408579 193702 infeasible   65         0.84650    1.61675  91.0%  38.7 1195s
 409630 194368    1.54325   59  254    0.84650    1.61675  91.0%  38.7 1200s
 411094 195238    1.43300   70  179    0.84650    1.61675  91.0%  38.7 1205s
 412888 195691    1.49950   83  291    0.84650    1.61675  91.0%  38.7 1211s
 413309 196101 infeasible   59         0.84650    1.61675  91.0%  38.8 1215s
 414861 196633    1.58000   58  237    0.84650    1.61675  91.0%  38.8 1220s
 416308 197167    1.54325   64  211    0.84650    1.61675  91.0%  38.8 1225s
 417276 198187    1.00438   61   20    0.84650    1.61675  91.0%  38.9 1231s
 419712 198935    0.87425  190    8    0.84650    1.61675  91.0%  38.8 1235s
 421162 200118    1.05163   58   57    0.84650    1.61675  91.0%  38.8 1240s
 422833 200516    1.16937   65   53    0.84650    1.61675  91.0%  38.8 1245s
 424277 201202    1.08350   74   50    0.84650    1.61675  91.0%  38.9 1250s
 425583 201831    1.20125   37  104    0.84650    1.61675  91.0%  38.9 1255s
 427240 202892 infeasible  166         0.84650    1.61675  91.0%  38.8 1260s
 428633 203794    0.90237   62   12    0.84650    1.61675  91.0%  38.9 1266s
 429897 204373     cutoff   72         0.84650    1.61675  91.0%  38.9 1270s
 431175 205223    1.42175   86  154    0.84650    1.61675  91.0%  38.9 1275s
 433243 205885    1.20125   39   96    0.84650    1.61675  91.0%  38.8 1280s
 434233 206337    1.20987   61   77    0.84650    1.61675  91.0%  38.9 1285s
 435799 207597    1.58000   77  217    0.84650    1.61675  91.0%  38.9 1290s
 437495 207956    0.94287   74   20    0.84650    1.61675  91.0%  38.9 1295s
 439196 208755    0.87425   74    8    0.84650    1.61675  91.0%  38.8 1300s
 440937 209891    1.09213   56   41    0.84650    1.61675  91.0%  38.8 1305s
 442714 210233    1.34450   65  117    0.84650    1.61675  91.0%  38.8 1310s
 443768 210937    1.38500   54  180    0.84650    1.61675  91.0%  38.9 1315s
 445531 211657    1.04300   68   54    0.84650    1.61675  91.0%  38.9 1320s
 446618 212584    1.29933   58  119    0.84650    1.61675  91.0%  39.0 1325s
 447905 212961    1.31900   28  117    0.84650    1.61675  91.0%  39.0 1330s
 449901 213949 infeasible   70         0.84650    1.61675  91.0%  38.9 1335s
 451130 214861    1.58000   57  312    0.84650    1.61675  91.0%  39.0 1340s
 453044 215510    0.93575   49    8    0.84650    1.61675  91.0%  38.9 1345s
 454848 216141    1.19900   79   88    0.84650    1.61675  91.0%  38.9 1350s
 456136 216570    1.32012   72  148    0.84650    1.61675  91.0%  39.0 1355s
 457928 217684    1.37581   71  137    0.84650    1.61675  91.0%  39.0 1361s
 458871 217876 infeasible   50         0.84650    1.61675  91.0%  39.0 1365s
 461226 219009 infeasible   58         0.84650    1.61675  91.0%  39.0 1370s
 462768 219728 infeasible   67         0.84650    1.61675  91.0%  39.0 1375s
 463837 220130    1.61675   67  229    0.84650    1.61675  91.0%  39.0 1380s
 464952 220727    1.42175   62  205    0.84650    1.61675  91.0%  39.1 1385s
 466363 221354    1.45850   76  212    0.84650    1.61675  91.0%  39.1 1390s
 468699 222361    0.98675   80   32    0.84650    1.61675  91.0%  39.1 1396s
 469647 223340    1.58255   77  238    0.84650    1.61675  91.0%  39.1 1400s
 472125 223981 infeasible   89         0.84650    1.61675  91.0%  39.0 1405s
 473493 224841    1.04300   75   51    0.84650    1.61675  91.0%  39.0 1410s
 475045 225442 infeasible   50         0.84650    1.61675  91.0%  39.1 1415s
 476274 225806    0.98675  105   34    0.84650    1.61675  91.0%  39.1 1420s
 478289 227010    0.90237   95   14    0.84650    1.61675  91.0%  39.0 1425s
 479982 227872    1.58000   72  212    0.84650    1.61675  91.0%  39.0 1431s
 482171 228694    1.43300   50  163    0.84650    1.61675  91.0%  38.9 1435s
 483623 229287    1.12025   47   83    0.84650    1.61675  91.0%  39.0 1441s
 485134 230052 infeasible   80         0.84650    1.61675  91.0%  39.0 1445s
 486889 230810 infeasible   41         0.84650    1.61675  91.0%  39.0 1450s
 487545 231345    1.55101   58  315    0.84650    1.61675  91.0%  39.0 1455s
 489435 231910    0.88287   75   26    0.84650    1.61675  91.0%  39.0 1460s
 490574 232944    1.13637   75   87    0.84650    1.61675  91.0%  39.0 1466s
 491881 232973    1.34171   61  143    0.84650    1.61675  91.0%  39.0 1470s
 492532 233201    1.20125   56   95    0.84650    1.61675  91.0%  39.1 1476s
 493998 234147    1.05163   59   40    0.84650    1.61675  91.0%  39.0 1481s
 495878 234789    0.98675   61   44    0.84650    1.61675  91.0%  39.0 1486s
 497089 235141 infeasible   61         0.84650    1.61675  91.0%  39.1 1491s
 498828 235833    0.93575  139   14    0.84650    1.61675  91.0%  39.1 1495s
 500267 236425 infeasible   50         0.84650    1.61675  91.0%  39.1 1500s
 501491 237156    1.61675   71  276    0.84650    1.61675  91.0%  39.1 1505s
 503256 238064    1.61675   57  250    0.84650    1.61675  91.0%  39.1 1510s
 504983 239015    1.13192   63   58    0.84650    1.61675  91.0%  39.1 1515s
 506439 239653    1.41440   46  174    0.84650    1.61675  91.0%  39.0 1520s
 508482 240386 infeasible   59         0.84650    1.61675  91.0%  39.0 1525s
 509956 241309    1.32537   66  105    0.84650    1.61675  91.0%  39.0 1530s
 511532 242688    0.88287   86   14    0.84650    1.61675  91.0%  39.0 1536s
 513709 242925 infeasible   44         0.84650    1.61675  91.0%  38.9 1540s
 515266 243846 infeasible   84         0.84650    1.61675  91.0%  38.9 1545s
 516291 244748    1.58000   84  254    0.84650    1.61675  91.0%  38.9 1550s
 517635 245147    1.02013   62   30    0.84650    1.61675  91.0%  38.9 1555s
 519164 246208    1.49525   56  239    0.84650    1.61675  91.0%  38.9 1560s
 521102 247149 infeasible  101         0.84650    1.61675  91.0%  38.9 1565s
 522705 248100    1.04300   55   39    0.84650    1.61675  91.0%  38.9 1570s
 524187 249155    0.99537   62   17    0.84650    1.61675  91.0%  38.8 1575s
 525523 250165    0.96388  114   14    0.84650    1.61675  91.0%  38.9 1580s
 527497 251052    1.08350   59   76    0.84650    1.61675  91.0%  38.8 1585s
 528825 252193 infeasible   75         0.84650    1.61675  91.0%  38.9 1590s
 530894 253506    1.49525   71  217    0.84650    1.61675  91.0%  38.8 1595s
 533154 254457 infeasible  160         0.84650    1.61675  91.0%  38.8 1600s
 534280 255186    0.86712  130    2    0.84650    1.61675  91.0%  38.8 1605s
 536266 256454    1.30025   76  122    0.84650    1.61675  91.0%  38.8 1610s
 538056 257097    1.39083   63  171    0.84650    1.61675  91.0%  38.8 1615s
 539619 257966 infeasible  190         0.84650    1.61675  91.0%  38.7 1620s
 540844 258278 infeasible   73         0.84650    1.61675  91.0%  38.8 1625s
 542487 259130    1.07975   67   66    0.84650    1.61675  91.0%  38.8 1631s
 543186 259495    1.09963   63   66    0.84650    1.61675  91.0%  38.8 1635s
 544913 260538    1.08912   77   72    0.84650    1.61675  91.0%  38.9 1641s
 546327 260875    1.50650   73  208    0.84650    1.61675  91.0%  38.9 1645s
 548444 262014    0.94166  109   16    0.84650    1.61675  91.0%  38.9 1650s
 549658 262170    1.60940   43  259    0.84650    1.61675  91.0%  38.8 1655s
 551539 262890    1.05687  136   35    0.84650    1.61675  91.0%  38.8 1660s
 553339 263739    1.53590   48  277    0.84650    1.61675  91.0%  38.8 1665s
 554567 264305 infeasible   88         0.84650    1.61675  91.0%  38.8 1670s
 556597 265298    1.45887   69  136    0.84650    1.61675  91.0%  38.8 1675s
 557779 265781 infeasible   59         0.84650    1.61675  91.0%  38.9 1680s
 559523 266594    1.57625   64  200    0.84650    1.61675  91.0%  38.9 1686s
 560740 267184    1.01488   93   44    0.84650    1.61675  91.0%  38.9 1690s
 562041 267855    1.07975   75   77    0.84650    1.61675  91.0%  38.9 1695s
 563623 268573    1.04300   76   72    0.84650    1.61675  91.0%  38.9 1700s
 564890 269493    1.61675   54  250    0.84650    1.61675  91.0%  39.0 1705s
 566731 270181    1.45569   89  202    0.84650    1.61675  91.0%  39.0 1711s
 568152 270579    1.42175   72  229    0.84650    1.61675  91.0%  39.0 1715s
 569855 271009 infeasible   58         0.84650    1.61675  91.0%  39.0 1720s
 570695 271302    1.25412   58   68    0.84650    1.61675  91.0%  39.1 1725s
 572541 272256 infeasible   43         0.84650    1.61675  91.0%  39.1 1730s
 574156 273038    1.32912   79   75    0.84650    1.61675  91.0%  39.1 1735s
 575609 273749    1.61675   52  260    0.84650    1.61675  91.0%  39.1 1740s
 576960 274732    0.90237   87    6    0.84650    1.61675  91.0%  39.1 1745s
 578465 275423    1.61032   52  275    0.84650    1.61675  91.0%  39.1 1750s
 580576 276216    1.49525   57  228    0.84650    1.61675  91.0%  39.1 1755s
 581526 276513    1.01488   65   50    0.84650    1.61675  91.0%  39.1 1760s
 582134 277202    0.87425   75    9    0.84650    1.61675  91.0%  39.1 1765s
 584060 277996    0.86712  256    2    0.84650    1.61675  91.0%  39.1 1770s
 584650 279231    1.61675   55  304    0.84650    1.61675  91.0%  39.1 1775s
 586816 279918    1.23800   58   97    0.84650    1.61675  91.0%  39.1 1780s
 588701 280394    1.23800   47  173    0.84650    1.61675  91.0%  39.1 1785s
 589447 280661    1.61675   79  257    0.84650    1.61675  91.0%  39.1 1790s
 590080 281003    1.41800   65  153    0.84650    1.61675  91.0%  39.2 1795s
 591517 281683 infeasible   46         0.84650    1.61675  91.0%  39.2 1800s
 592915 282355    1.12025   47   45    0.84650    1.61675  91.0%  39.2 1806s
 594325 282633 infeasible   76         0.84650    1.61675  91.0%  39.2 1810s
 595610 283587    1.42175   93  165    0.84650    1.61675  91.0%  39.2 1815s
 597131 284294    1.04300   70   58    0.84650    1.61675  91.0%  39.2 1820s
 599346 284973    1.07413   94   25    0.84650    1.61675  91.0%  39.2 1826s
 600680 285599    1.51512   80  212    0.84650    1.61675  91.0%  39.2 1830s
 601960 286058 infeasible   79         0.84650    1.61675  91.0%  39.2 1835s
 604357 287233    1.47817   63  130    0.84650    1.61583  90.9%  39.2 1840s
 605449 287737    1.07975   58   55    0.84650    1.61583  90.9%  39.2 1845s
 607260 288654    1.61583   65  244    0.84650    1.61583  90.9%  39.2 1850s
 608577 288908    1.04300   63   64    0.84650    1.61488  90.8%  39.2 1855s
 609998 289418 infeasible   64         0.84650    1.61399  90.7%  39.2 1860s
 611573 289766    1.38212   73  139    0.84650    1.61394  90.7%  39.2 1865s
 613383 290426    1.28225   55  129    0.84650    1.61371  90.6%  39.2 1870s
 615235 290574 infeasible   75         0.84650    1.61234  90.5%  39.2 1875s
 616451 290964 infeasible   94         0.84650    1.61183  90.4%  39.2 1880s
 617548 291181    0.98675   52   33    0.84650    1.61124  90.3%  39.3 1885s
 619570 291560    1.15670   57   69    0.84650    1.61032  90.2%  39.3 1890s
 620944 291755    0.98675   99   42    0.84650    1.61032  90.2%  39.3 1895s
 622043 291776    1.08838   88   62    0.84650    1.61000  90.2%  39.3 1900s
 623619 292606    1.58000   72  207    0.84650    1.60756  89.9%  39.3 1905s
 625582 293057    1.60691   51  401    0.84650    1.60691  89.8%  39.3 1912s
 627162 293433    1.10450   84   41    0.84650    1.60550  89.7%  39.3 1916s
 629615 292252 infeasible   66         0.84650    1.60258  89.3%  39.3 1920s
 630875 292693    1.38925   97  172    0.84650    1.60055  89.1%  39.2 1925s
 632226 293772    1.38925   92  174    0.84650    1.59925  88.9%  39.2 1930s
 634053 295742    1.07125  140   96    0.84650    1.59925  88.9%  39.2 1935s
 636240 297600    1.59925   34  209    0.84650    1.59925  88.9%  39.1 1941s
 638788 299473    0.91350  321   42    0.84650    1.59925  88.9%  39.0 1945s
 640875 301288 infeasible  273         0.84650    1.59925  88.9%  38.9 1950s
 642952 303363 infeasible  135         0.84650    1.59925  88.9%  38.8 1956s
 644647 304847    1.59925   60  172    0.84650    1.59925  88.9%  38.8 1960s
 646524 306814    0.98137   83   40    0.84650    1.59925  88.9%  38.7 1965s
 649314 308690    1.47269   48  223    0.84650    1.59925  88.9%  38.6 1970s
 651541 310609    1.59925   52  163    0.84650    1.59925  88.9%  38.5 1975s
 653790 313120    1.26487  180  138    0.84650    1.59925  88.9%  38.5 1980s
 656264 315096    1.50300   90  149    0.84650    1.59925  88.9%  38.4 1985s
 659217 317242    1.34612   89  136    0.84650    1.59925  88.9%  38.3 1990s
 661333 319105    1.38925   70  168    0.84650    1.59925  88.9%  38.2 1995s
 663547 321119    1.38925  105  197    0.84650    1.59925  88.9%  38.1 2000s
 665844 323124    1.26487  160  140    0.84650    1.59925  88.9%  38.1 2005s
 668399 325505    1.34875  149  112    0.84650    1.59925  88.9%  38.0 2010s
 671004 327653    1.59925   90  113    0.84650    1.59925  88.9%  37.9 2015s
 672501 329049    1.14520  172  125    0.84650    1.59925  88.9%  37.9 2020s
 674896 330845    1.24987   90   98    0.84650    1.59925  88.9%  37.8 2025s
 677274 332821 infeasible  358         0.84650    1.59925  88.9%  37.7 2030s
 680016 335095    1.29300  112  119    0.84650    1.59925  88.9%  37.6 2035s
 682207 336763    1.38925  112  134    0.84650    1.59925  88.9%  37.6 2040s
 684729 338587    1.26437  165  121    0.84650    1.59925  88.9%  37.5 2045s
 686696 340648    1.50300  145  162    0.84650    1.59925  88.9%  37.4 2050s
 689542 342903    1.50300  113  176    0.84650    1.59925  88.9%  37.3 2055s
 691809 344663    0.89925  108   81    0.84650    1.59925  88.9%  37.3 2060s
 693888 346362    1.33300  102  119    0.84650    1.59925  88.9%  37.2 2065s
 695986 348638    1.59925   48  140    0.84650    1.59925  88.9%  37.2 2070s
 698545 350786    1.50300   51  157    0.84650    1.59925  88.9%  37.1 2076s
 700148 351725     cutoff  370         0.84650    1.59925  88.9%  37.1 2081s
 701902 353281 infeasible  236         0.84650    1.59925  88.9%  37.0 2086s
 703950 354758    1.59925   33  289    0.84650    1.59925  88.9%  37.0 2091s
 705714 356309    1.59925   55  234    0.84650    1.59925  88.9%  36.9 2095s
 707711 358329    1.59925   80  184    0.84650    1.59925  88.9%  36.9 2101s
 710240 360026    1.38925   68  112    0.84650    1.59925  88.9%  36.8 2105s
 711887 361283    1.25250  233  136    0.84650    1.59925  88.9%  36.7 2110s
 712880 362343    1.38925   97  156    0.84650    1.59925  88.9%  36.7 2115s
 715156 364154    1.06650  218   68    0.84650    1.59925  88.9%  36.7 2120s
 717818 366466 infeasible  228         0.84650    1.59925  88.9%  36.6 2125s
 720210 368395    0.99787  248   56    0.84650    1.59925  88.9%  36.5 2130s
 722932 370821    1.38925   75  156    0.84650    1.59925  88.9%  36.4 2135s
 725087 372714    1.46250   52  221    0.84650    1.59925  88.9%  36.3 2140s
 726886 374114    1.50300   65  176    0.84650    1.59925  88.9%  36.3 2145s
 729063 376694    0.96937  125   30    0.84650    1.59925  88.9%  36.2 2151s
 731333 378353    1.20862  224  106    0.84650    1.59925  88.9%  36.2 2155s
 733671 380181    1.38925  114  157    0.84650    1.59925  88.9%  36.1 2160s
 736005 381818    1.59925   38  347    0.84650    1.59925  88.9%  36.1 2165s
 738168 383661    1.10925   49   92    0.84650    1.59925  88.9%  36.0 2170s
 740097 385085 infeasible  155         0.84650    1.59925  88.9%  36.0 2175s
 742468 387077    1.59925   37  149    0.84650    1.59925  88.9%  35.9 2180s
 744295 388990    1.29300  105  126    0.84650    1.59925  88.9%  35.9 2185s
 746325 390788    1.14175  207   63    0.84650    1.59925  88.9%  35.8 2190s
 748921 392949    1.46250  109  145    0.84650    1.59925  88.9%  35.8 2195s
 751121 394920    1.22812  276  146    0.84650    1.59925  88.9%  35.7 2200s
 753563 396423    1.38925   70  114    0.84650    1.59925  88.9%  35.6 2205s
 755119 398139    1.29300  168  135    0.84650    1.59925  88.9%  35.6 2210s
 757179 399498    1.50300  101  146    0.84650    1.59925  88.9%  35.5 2215s
 758546 400669 infeasible  131         0.84650    1.59925  88.9%  35.5 2220s
 760332 403553    1.29300  154  151    0.84650    1.59925  88.9%  35.5 2227s
 762935 404421 infeasible  174         0.84650    1.59925  88.9%  35.4 2230s
 764994 406291    1.00312  150   51    0.84650    1.59925  88.9%  35.3 2235s
 767015 407641    1.38925  132  175    0.84650    1.59925  88.9%  35.3 2240s
 769335 409635    1.29300  155  139    0.84650    1.59925  88.9%  35.2 2245s
 771179 411773    1.38925  137  228    0.84650    1.59925  88.9%  35.2 2250s
 773407 413577    1.29300   93  138    0.84650    1.59925  88.9%  35.2 2255s
 776032 415700    1.38925   66  128    0.84650    1.59925  88.9%  35.1 2260s
 778425 417543    1.44675  118  136    0.84650    1.59925  88.9%  35.0 2265s
 780991 419418    1.59925   82  158    0.84650    1.59925  88.9%  35.0 2271s
 782575 420828    1.06800  192   64    0.84650    1.59925  88.9%  34.9 2275s
 785093 423062    1.38925   79  148    0.84650    1.59925  88.9%  34.9 2280s
 787489 424756    1.38925  111  135    0.84650    1.59925  88.9%  34.8 2285s
 790234 426692    1.34875  126  149    0.84650    1.59925  88.9%  34.8 2290s
 792021 428488    1.29625  229  157    0.84650    1.59925  88.9%  34.7 2295s
 794472 430134    1.09937  111   92    0.84650    1.59925  88.9%  34.7 2300s
 796298 431559    1.26487  192  144    0.84650    1.59925  88.9%  34.6 2305s
 798378 433230    1.23675  163  132    0.84650    1.59925  88.9%  34.6 2310s
 799411 434596    1.59925   77  142    0.84650    1.59925  88.9%  34.6 2316s
 801315 436050    1.26269  106  257    0.84650    1.59925  88.9%  34.6 2320s
 803520 437858    1.30612   85  149    0.84650    1.59925  88.9%  34.5 2325s
 805523 439423    1.38925  102  172    0.84650    1.59925  88.9%  34.5 2330s
 807831 441351    0.85725  250   26    0.84650    1.59925  88.9%  34.4 2335s
 810324 443391    1.10700  275   74    0.84650    1.59925  88.9%  34.4 2340s
 812396 445146 infeasible  252         0.84650    1.59925  88.9%  34.3 2345s
 814962 446860 infeasible  105         0.84650    1.59925  88.9%  34.3 2350s
 816224 447908    1.59925   97  157    0.84650    1.59925  88.9%  34.2 2355s
 818581 449690    1.03987  114   91    0.84650    1.59925  88.9%  34.2 2360s
 820489 451588    1.46250  138  160    0.84650    1.59925  88.9%  34.2 2365s
 822741 453341    1.26487  151  128    0.84650    1.59925  88.9%  34.1 2371s
 824907 454948    1.38925  128  151    0.84650    1.59925  88.9%  34.1 2376s
 826747 456757    1.36112  117  168    0.84650    1.59925  88.9%  34.0 2380s
 829281 458468    1.50300  105  145    0.84650    1.59925  88.9%  34.0 2385s
 831609 460551    1.24200  110  104    0.84650    1.59925  88.9%  33.9 2390s
 833421 462497    1.00312  134   94    0.84650    1.59925  88.9%  33.9 2395s
 835368 463854    1.08750  105   96    0.84650    1.59925  88.9%  33.9 2400s
 838104 465697    0.85978  351   41    0.84650    1.59925  88.9%  33.8 2405s
 840007 467441    1.13612  105  119    0.84650    1.59925  88.9%  33.8 2410s
 842207 468959 infeasible  401         0.84650    1.59925  88.9%  33.7 2415s
 844548 470882 infeasible  203         0.84650    1.59925  88.9%  33.7 2420s
 846360 472578    0.94806   82   21    0.84650    1.59925  88.9%  33.6 2425s
 848540 474569    1.36112  113  166    0.84650    1.59925  88.9%  33.6 2430s
 850880 476578    1.38925  116  151    0.84650    1.59925  88.9%  33.5 2435s
 852523 477528    1.25250  161  138    0.84650    1.59925  88.9%  33.5 2440s
 854290 479135    1.25200  153  141    0.84650    1.59925  88.9%  33.5 2445s
 856508 480706    1.09562  154   76    0.84650    1.59925  88.9%  33.4 2450s
 858784 482678    1.29300  123  129    0.84650    1.59925  88.9%  33.4 2455s
 861199 484813    0.87900  385   36    0.84650    1.59925  88.9%  33.3 2460s
 863575 486822    1.59925   84  135    0.84650    1.59925  88.9%  33.3 2465s
 865090 488269    1.29300  176  142    0.84650    1.59925  88.9%  33.3 2470s
 867860 490650    1.18762  221  122    0.84650    1.59925  88.9%  33.2 2475s
 871007 492670    1.25250  137   90    0.84650    1.59925  88.9%  33.1 2480s
 871538 493264 infeasible  113         0.84650    1.59925  88.9%  33.1 2485s
 873845 495425    1.29300  145  143    0.84650    1.59925  88.9%  33.1 2490s
 876131 497405    1.46250  129  142    0.84650    1.59925  88.9%  33.0 2496s
 878334 498472 infeasible  126         0.84650    1.59925  88.9%  33.0 2500s
 880914 500593    1.22812  137  119    0.84650    1.59925  88.9%  32.9 2505s
 883096 502405    1.21575  224  112    0.84650    1.59925  88.9%  32.9 2510s
 884897 504174    1.38925   91  116    0.84650    1.59925  88.9%  32.9 2515s
 887245 506205    0.91575  221   40    0.84650    1.59925  88.9%  32.8 2520s
 889459 507763 infeasible  192         0.84650    1.59925  88.9%  32.8 2525s
 891650 509435 infeasible  104         0.84650    1.59925  88.9%  32.7 2530s
 893560 510946    1.38925   91  122    0.84650    1.59925  88.9%  32.7 2535s
 895821 512668    1.38925  118  124    0.84650    1.59925  88.9%  32.7 2540s
 896960 514100    1.38925  103  106    0.84650    1.59925  88.9%  32.6 2545s
 899706 515454 infeasible  159         0.84650    1.59925  88.9%  32.6 2550s
 901413 516838    1.38925  105  142    0.84650    1.59925  88.9%  32.6 2555s
 903685 518301    1.29300   88  149    0.84650    1.59925  88.9%  32.5 2560s
 905983 519750    1.29300  140  134    0.84650    1.59925  88.9%  32.5 2565s
 908038 521367    1.38925  129  143    0.84650    1.59925  88.9%  32.5 2570s
 909904 522779    1.18275  231  122    0.84650    1.59925  88.9%  32.4 2575s
 911656 524552    1.38925  137  144    0.84650    1.59925  88.9%  32.4 2580s
 913258 525440    1.29300  120  113    0.84650    1.59925  88.9%  32.4 2585s
 914833 527053    1.25625  129  164    0.84650    1.59925  88.9%  32.4 2590s
 917113 528808    1.50300   49  186    0.84650    1.59925  88.9%  32.3 2595s
 918751 529831    1.38925   34  130    0.84650    1.59925  88.9%  32.3 2600s
 920651 531826    1.50300  145  163    0.84650    1.59925  88.9%  32.3 2605s
 922893 533275    1.22812  230   98    0.84650    1.59925  88.9%  32.2 2610s
 925109 534987    1.35250  115  100    0.84650    1.59925  88.9%  32.2 2615s
 926813 536563    1.38925  128  148    0.84650    1.59925  88.9%  32.2 2620s
 928555 537995    1.50300   72  143    0.84650    1.59925  88.9%  32.1 2625s
 931116 539892 infeasible  346         0.84650    1.59925  88.9%  32.1 2630s
 932957 541236    1.50300   75  162    0.84650    1.59925  88.9%  32.1 2636s
 934583 542525 infeasible  103         0.84650    1.59925  88.9%  32.0 2640s
 936336 544227    1.46250  112  169    0.84650    1.59925  88.9%  32.0 2645s
 938638 545789    1.59925   57  136    0.84650    1.59925  88.9%  32.0 2650s
 940745 547444 infeasible  370         0.84650    1.59925  88.9%  31.9 2655s
 942515 549216    1.38925  120  132    0.84650    1.59925  88.9%  31.9 2660s
 944594 550887    1.23225  244   70    0.84650    1.59925  88.9%  31.9 2665s
 947013 552366    1.10325  259   63    0.84650    1.59925  88.9%  31.8 2670s
 948798 554084    1.46250  143  173    0.84650    1.59925  88.9%  31.8 2675s
 951142 555693    0.97350  267   40    0.84650    1.59925  88.9%  31.8 2680s
 953320 557605    1.50300   98  140    0.84650    1.59925  88.9%  31.7 2685s
 955278 559490    1.14956  159   95    0.84650    1.59925  88.9%  31.7 2690s
 957285 560846    1.29300  131  160    0.84650    1.59925  88.9%  31.7 2695s
 959753 562858    1.21950  153  106    0.84650    1.59925  88.9%  31.6 2701s
 961529 564324    1.26487  126   95    0.84650    1.59925  88.9%  31.6 2705s
 962832 565199    1.29300  119  154    0.84650    1.59925  88.9%  31.6 2710s
 964683 567135    1.36112  245  162    0.84650    1.59925  88.9%  31.6 2715s
 967101 568812 infeasible  245         0.84650    1.59925  88.9%  31.5 2720s
 968747 570472    1.19362   43   99    0.84650    1.59925  88.9%  31.5 2725s
 970400 572572    1.03987   87  129    0.84650    1.59925  88.9%  31.5 2731s
 972834 573496    1.17187  201  130    0.84650    1.59925  88.9%  31.4 2735s
 974648 575214    1.34875  121  217    0.84650    1.59925  88.9%  31.4 2740s
 977164 576962    1.29300  112  156    0.84650    1.59925  88.9%  31.4 2745s
 978741 578623    1.38925  127  139    0.84650    1.59925  88.9%  31.3 2750s
 980823 580716    0.87287  226   18    0.84650    1.59925  88.9%  31.3 2756s
 983103 581743    1.10700  201   65    0.84650    1.59925  88.9%  31.3 2760s
 984847 583517    1.38925   86  168    0.84650    1.59925  88.9%  31.2 2765s
 986901 585098    1.38925   98  148    0.84650    1.59925  88.9%  31.2 2770s
 988974 586864    1.29300  108  126    0.84650    1.59925  88.9%  31.2 2775s
 990967 588302 infeasible   93         0.84650    1.59925  88.9%  31.2 2781s
 992699 589440 infeasible  321         0.84650    1.59925  88.9%  31.1 2785s
 994694 591141    1.29300  149  128    0.84650    1.59925  88.9%  31.1 2790s
 995997 592246    1.33300  198  174    0.84650    1.59925  88.9%  31.1 2795s
 998215 594135    0.88500  324   31    0.84650    1.59925  88.9%  31.1 2801s
 999746 595341    1.38925   90  152    0.84650    1.59925  88.9%  31.0 2805s
 1001314 597310    1.29300  247  187    0.84650    1.59925  88.9%  31.0 2810s
 1003330 598630    1.36112  136  159    0.84650    1.59925  88.9%  31.0 2815s
 1005409 600403    1.57112   58  150    0.84650    1.59925  88.9%  31.0 2820s
 1006758 601623    1.22437  137  120    0.84650    1.59925  88.9%  30.9 2825s
 1008963 603309 infeasible   56         0.84650    1.59925  88.9%  30.9 2830s
 1011006 605263    1.38925   84  160    0.84650    1.59925  88.9%  30.9 2835s
 1013124 607020    1.38925   74  131    0.84650    1.59925  88.9%  30.8 2840s
 1015039 608733    1.26487  127  129    0.84650    1.59925  88.9%  30.8 2845s
 1016826 610169    1.31662  231  103    0.84650    1.59925  88.9%  30.8 2850s
 1018800 611597    1.34475  130  165    0.84650    1.59925  88.9%  30.8 2855s
 1019550 612388 infeasible  189         0.84650    1.59925  88.9%  30.7 2860s
 1021594 614470    1.29300  105  137    0.84650    1.59925  88.9%  30.7 2865s
 1023356 615749 infeasible  353         0.84650    1.59925  88.9%  30.7 2870s
 1025100 617513    1.22725  108  114    0.84650    1.59925  88.9%  30.7 2876s
 1026717 618826    1.29300  113  133    0.84650    1.59925  88.9%  30.6 2880s
 1028444 619984    1.10625  212   46    0.84650    1.59925  88.9%  30.6 2886s
 1030101 621443 infeasible  253         0.84650    1.59925  88.9%  30.6 2890s
 1031447 622418 infeasible  171         0.84650    1.59925  88.9%  30.6 2895s
 1033170 623864 infeasible  307         0.84650    1.59925  88.9%  30.6 2900s
 1035114 625720    1.02112  299   91    0.84650    1.59925  88.9%  30.5 2905s
 1036635 627230    1.50300   55  173    0.84650    1.59925  88.9%  30.5 2910s
 1037883 628346    1.38925  141  159    0.84650    1.59925  88.9%  30.5 2915s
 1039714 629599    1.32437  175   93    0.84650    1.59925  88.9%  30.5 2920s
 1041515 631396    1.25625  118  106    0.84650    1.59925  88.9%  30.4 2925s
 1042605 632261    1.33641   86  103    0.84650    1.59925  88.9%  30.4 2930s
 1044500 633450    1.38925   72  149    0.84650    1.59925  88.9%  30.4 2935s
 1045976 634749    1.47487   89  223    0.84650    1.59925  88.9%  30.4 2940s
 1047747 636507    0.88725  282   28    0.84650    1.59925  88.9%  30.4 2946s
 1049208 637713    1.38925  108  122    0.84650    1.59925  88.9%  30.3 2950s
 1050626 638714    1.38925   66  190    0.84650    1.59925  88.9%  30.3 2955s
 1052147 639839    1.29300   81  116    0.84650    1.59925  88.9%  30.3 2960s
 1053397 641402    1.17150  113  124    0.84650    1.59925  88.9%  30.3 2965s
 1055346 642582    0.95025  278   33    0.84650    1.59925  88.9%  30.3 2970s
 1056086 643062    1.38925   50  120    0.84650    1.59925  88.9%  30.2 2975s
 1056609 644076    1.22437  158  160    0.84650    1.59925  88.9%  30.2 2980s
 1058544 645260    1.38925  112  116    0.84650    1.59925  88.9%  30.2 2985s
 1060116 646634    1.31287  173  137    0.84650    1.59925  88.9%  30.2 2990s
 1061463 648077    1.29300   71  124    0.84650    1.59925  88.9%  30.2 2996s
 1062848 649111 infeasible  130         0.84650    1.59925  88.9%  30.2 3000s
 1064811 650907    1.38925   79  134    0.84650    1.59925  88.9%  30.1 3005s
 1066478 651960    1.59925   55  239    0.84650    1.59925  88.9%  30.1 3010s
 1067655 653198    0.98550  301   62    0.84650    1.59925  88.9%  30.1 3015s
 1069601 654833    1.38925   94  140    0.84650    1.59925  88.9%  30.1 3021s
 1070997 655918    1.21200  116  106    0.84650    1.59925  88.9%  30.1 3025s
 1072459 657197    1.29300   98  133    0.84650    1.59925  88.9%  30.0 3031s
 1073594 658202    1.35250  128   98    0.84650    1.59925  88.9%  30.0 3035s
 1075238 659473    0.89100  271   26    0.84650    1.59925  88.9%  30.0 3040s
 1077110 661061    1.29300   76  142    0.84650    1.59925  88.9%  30.0 3046s
 1078475 662051    1.50300   63  124    0.84650    1.59925  88.9%  30.0 3051s
 1079710 662927 infeasible  223         0.84650    1.59925  88.9%  30.0 3056s
 1080882 663906    1.29300  167  135    0.84650    1.59925  88.9%  29.9 3060s
 1082473 665654    1.29300   96  133    0.84650    1.59925  88.9%  29.9 3066s
 1083967 666643    1.02600  287   82    0.84650    1.59925  88.9%  29.9 3070s
 1085706 668116    1.50300   62  166    0.84650    1.59925  88.9%  29.9 3076s
 1086652 669233    1.54675   61  152    0.84650    1.59925  88.9%  29.9 3080s
 1088183 670085    1.20662  153  110    0.84650    1.59925  88.9%  29.8 3085s
 1089688 671565    1.59925   65  172    0.84650    1.59925  88.9%  29.8 3090s
 1091092 672982    1.38925   88  140    0.84650    1.59925  88.9%  29.8 3095s
 1092772 674258    1.34875  104  141    0.84650    1.59925  88.9%  29.8 3101s
 1094033 675368    1.29300  132  147    0.84650    1.59925  88.9%  29.8 3105s
 1095651 676241    1.38150   99  126    0.84650    1.59925  88.9%  29.7 3110s
 1095976 676575 infeasible   64         0.84650    1.59925  88.9%  29.8 3115s
 1096904 677636    1.29300   91  109    0.84650    1.59925  88.9%  29.7 3120s
 1098501 678644    1.05750  136   44    0.84650    1.59925  88.9%  29.7 3126s
 1099592 679931    1.36950  102  121    0.84650    1.59925  88.9%  29.7 3130s
 1101099 680806 infeasible   81         0.84650    1.59925  88.9%  29.7 3135s
 1102094 681969    1.34875  219  138    0.84650    1.59925  88.9%  29.7 3140s
 1103865 683497 infeasible  203         0.84650    1.59925  88.9%  29.7 3146s
 1105134 684399    0.94012  275   42    0.84650    1.59925  88.9%  29.7 3151s
 1106543 685593    1.34875  108  130    0.84650    1.59925  88.9%  29.6 3155s
 1107847 686513    1.17150  176   84    0.84650    1.59925  88.9%  29.6 3160s
 1109332 687550    1.50300   46  194    0.84650    1.59925  88.9%  29.6 3166s
 1110411 688922    1.22812  132  112    0.84650    1.59925  88.9%  29.6 3170s
 1112118 690246    0.89175  239    8    0.84650    1.59925  88.9%  29.6 3176s
 1113449 691272    1.07362  343   76    0.84650    1.59925  88.9%  29.6 3180s
 1114415 692364    1.33300  158  149    0.84650    1.59925  88.9%  29.5 3185s
 1115914 693395 infeasible  105         0.84650    1.59925  88.9%  29.5 3191s
 1117120 694274    1.11037  229   90    0.84650    1.59925  88.9%  29.5 3195s
 1118560 695702    1.17150  163   72    0.84650    1.59925  88.9%  29.5 3200s
 1119782 696429    1.59925   70  159    0.84650    1.59925  88.9%  29.5 3206s
 1120732 697182    1.21575  191  146    0.84650    1.59925  88.9%  29.5 3210s
 1121632 697844    1.25625  107  128    0.84650    1.59925  88.9%  29.5 3215s
 1122627 699134    1.59925  110  189    0.84650    1.59925  88.9%  29.5 3220s
 1124324 700451    1.22437  133   98    0.84650    1.59925  88.9%  29.4 3226s
 1125525 701329    1.59925   80  132    0.84650    1.59925  88.9%  29.4 3231s
 1127048 702477    1.14337  186   97    0.84650    1.59925  88.9%  29.4 3235s
 1128352 703453    1.50300   98  174    0.84650    1.59925  88.9%  29.4 3240s
 1129277 704491    1.38925   67  104    0.84650    1.59925  88.9%  29.4 3245s
 1130471 705371    1.00500  317   72    0.84650    1.59925  88.9%  29.4 3250s
 1131668 706516    1.29300   91  153    0.84650    1.59925  88.9%  29.4 3255s
 1133018 707714    0.97988  162   30    0.84650    1.59925  88.9%  29.4 3261s
 1134335 708569    1.50300   47  170    0.84650    1.59925  88.9%  29.3 3265s
 1135279 709632    1.29300   78  138    0.84650    1.59925  88.9%  29.3 3270s
 1136477 710769    0.95025  119   18    0.84650    1.59925  88.9%  29.3 3276s
 1137882 711397    1.35600   69   96    0.84650    1.59925  88.9%  29.3 3280s
 1139297 712783    1.38925  101  119    0.84650    1.59925  88.9%  29.3 3285s
 1140395 713989    1.06075  351   70    0.84650    1.59925  88.9%  29.3 3290s
 1141830 715191    1.59925   63  129    0.84650    1.59925  88.9%  29.3 3295s
 1143242 716130    1.50300   77  207    0.84650    1.59925  88.9%  29.2 3301s
 1144156 716941    1.59925   72  150    0.84650    1.59925  88.9%  29.2 3305s
 1145522 718102    0.90712  332   32    0.84650    1.59925  88.9%  29.2 3310s
 1146737 718858 infeasible   96         0.84650    1.59925  88.9%  29.2 3315s
 1147868 719975    1.12687  173   70    0.84650    1.59925  88.9%  29.2 3321s
 1149192 721359    1.29300   66  134    0.84650    1.59925  88.9%  29.2 3326s
 1150255 722190    0.85912  334   19    0.84650    1.59925  88.9%  29.2 3330s
 1151976 723579    1.30800  129   87    0.84650    1.59925  88.9%  29.1 3336s
 1153164 724773    0.89775  117   16    0.84650    1.59925  88.9%  29.1 3341s
 1154755 725605 infeasible   65         0.84650    1.59925  88.9%  29.1 3346s
 1155727 726630    0.86400  267   30    0.84650    1.59925  88.9%  29.1 3351s
 1156797 727249 infeasible  173         0.84650    1.59925  88.9%  29.1 3355s
 1157962 728427    1.29300  150  124    0.84650    1.59925  88.9%  29.1 3360s
 1159305 729570    1.25625   96  159    0.84650    1.59925  88.9%  29.1 3366s
 1160547 730257    1.38925   78  121    0.84650    1.59925  88.9%  29.1 3370s
 1161777 731573    1.23850  107   94    0.84650    1.59925  88.9%  29.0 3376s
 1162988 732506    1.17150  143  126    0.84650    1.59925  88.9%  29.0 3380s
 1164262 733586    1.06528  170   45    0.84650    1.59925  88.9%  29.0 3386s
 1165555 734522    1.29300  104  124    0.84650    1.59925  88.9%  29.0 3391s
 1166898 735390 infeasible  127         0.84650    1.59925  88.9%  29.0 3395s
 1167552 736145 infeasible   79         0.84650    1.59925  88.9%  29.0 3400s
 1168882 737448    1.09800  167   84    0.84650    1.59925  88.9%  29.0 3406s
 1170468 738304 infeasible  254         0.84650    1.59925  88.9%  28.9 3410s
 1170935 738731    1.38150   71  151    0.84650    1.59925  88.9%  28.9 3415s
 1172151 740113    1.29300   98  175    0.84650    1.59925  88.9%  28.9 3421s
 1173275 740668 infeasible  301         0.84650    1.59925  88.9%  28.9 3425s
 1174482 741940    1.02225  331   81    0.84650    1.59925  88.9%  28.9 3431s
 1175680 743297    0.91687  261   46    0.84650    1.59925  88.9%  28.9 3436s
 1176558 743963    1.59925   34  176    0.84650    1.59925  88.9%  28.9 3440s
 1178022 745296    1.59925   49  159    0.84650    1.59925  88.9%  28.9 3446s
 1179476 746361    1.38925   54  110    0.84650    1.59925  88.9%  28.8 3451s
 1180872 747301    1.17525  185   80    0.84650    1.59925  88.9%  28.8 3455s
 1181686 748266    1.26775  109   92    0.84650    1.59925  88.9%  28.8 3460s
 1183063 749346    1.59925   49  173    0.84650    1.59925  88.9%  28.8 3466s
 1183852 749979    1.25625  118  178    0.84650    1.59925  88.9%  28.8 3470s
 1185124 750912 infeasible  117         0.84650    1.59925  88.9%  28.8 3475s
 1186428 752115 infeasible  323         0.84650    1.59925  88.9%  28.8 3480s
 1187928 753294    1.29300  121  170    0.84650    1.59925  88.9%  28.7 3485s
 1188653 754457    1.29300  108  206    0.84650    1.59925  88.9%  28.7 3491s
 1190405 755280 infeasible  236         0.84650    1.59925  88.9%  28.7 3496s
 1191210 756188    1.13475  120  125    0.84650    1.59925  88.9%  28.7 3501s
 1192447 756930    1.38925   50  119    0.84650    1.59925  88.9%  28.7 3505s
 1193511 757827    1.21200  185  110    0.84650    1.59925  88.9%  28.7 3510s
 1194462 758502    1.13587   84   62    0.84650    1.59925  88.9%  28.7 3515s
 1195122 759379    1.47487   90  164    0.84650    1.59925  88.9%  28.7 3520s
 1196452 760445    1.38150   65  125    0.84650    1.59925  88.9%  28.7 3527s
 1197171 761059    1.50300   57  181    0.84650    1.59925  88.9%  28.7 3530s
 1198566 761820    1.38925   97  129    0.84650    1.59925  88.9%  28.7 3536s
 1198766 763145    1.38925  121  113    0.84650    1.59925  88.9%  28.7 3541s
 1200842 764135    1.29300  136  154    0.84650    1.59925  88.9%  28.6 3547s
 1201721 764827    1.32062  212  158    0.84650    1.59925  88.9%  28.6 3550s
 1202938 765487    1.05900  182   86    0.84650    1.59925  88.9%  28.6 3555s
 1203835 766426    1.38150   82  117    0.84650    1.59925  88.9%  28.6 3560s
 1205079 767056 infeasible  134         0.84650    1.59925  88.9%  28.6 3565s
 1206016 768282    1.38150   74  113    0.84650    1.59925  88.9%  28.6 3571s
 1207310 769116 infeasible  161         0.84650    1.59925  88.9%  28.6 3576s
 1208334 770255    1.25625   86  101    0.84650    1.59925  88.9%  28.6 3581s
 1209316 771395 infeasible  188         0.84650    1.59925  88.9%  28.6 3586s
 1210313 771969    1.17150  171   99    0.84650    1.59925  88.9%  28.5 3590s
 1211740 773195    1.29300  117  106    0.84650    1.59925  88.9%  28.5 3596s
 1212940 773786    1.17850  271   94    0.84650    1.59925  88.9%  28.5 3600s

Cutting planes:
  Learned: 1
  Gomory: 23
  Cover: 437
  Implied bound: 44
  Clique: 234
  MIR: 15
  Flow cover: 192
  Zero half: 1
  RLT: 54
  Relax-and-lift: 65
  BQP: 2
  PSD: 5

Explored 1213032 nodes (34610766 simplex iterations) in 3600.10 seconds (1508.29 work units)
Thread count was 4 (of 4 available processors)

Solution count 10: 0.8465 0.84275 0.839 ... 0.421

Time limit reached
Best objective 8.465000000000e-01, best bound 1.599250000000e+00, gap 88.9250%
