4
5 5 10
5 5 10
5 5 10
5 5 10
0 0 0 2 2 3 4 1 0
0 0 3 2 2 3 4 1 0
0 0 6 2 2 3 4 1 0
0 2 0 2 2 3 4 1 0
0 2 3 2 2 3 4 1 0
0 2 6 2 2 3 4 1 0
2 0 0 2 2 3 4 1 0
2 0 3 2 2 3 4 1 0
2 0 6 2 2 3 4 1 0
2 2 0 2 2 3 4 1 0
2 2 3 2 2 3 4 1 0
2 2 6 2 2 3 4 1 0
5 0 0 2 2 3 4 1 1
5 0 3 2 2 3 4 1 1
5 2 0 2 2 3 4 1 1
5 2 3 2 2 3 4 1 1
7 0 3 2 2 3 4 1 1
7 0 6 2 2 3 4 1 1
7 2 3 2 2 3 4 1 1
7 2 6 2 2 3 4 1 1
5 0 6 2 4 3 5 1 1
7 0 0 2 4 3 5 1 1
0 5 0 2 2 3 4 1 2
0 5 3 2 2 3 4 1 2
0 5 6 2 2 3 4 1 2
0 7 0 2 2 3 4 1 2
0 7 3 2 2 3 4 1 2
0 7 6 2 2 3 4 1 2
2 5 0 2 2 3 4 1 2
2 5 3 2 2 3 4 1 2
2 7 0 2 2 3 4 1 2
2 7 3 2 2 3 4 1 2
2 5 6 2 4 3 5 1 2
5 5 0 2 4 3 5 1 3
5 5 3 2 4 3 5 1 3
5 5 6 2 4 3 5 1 3
7 5 0 2 4 3 5 1 3
7 5 3 2 4 3 5 1 3
7 5 6 2 4 3 5 1 3
