4
5 5 10
5 5 10
5 5 10
5 5 10
0 0 3 5 2 2 1 1 0
0 0 5 5 2 2 1 1 0
0 0 8 5 2 2 1 1 0
0 3 0 5 2 2 1 1 0
0 3 2 5 2 2 1 1 0
0 0 0 5 3 3 5 1 0
0 2 4 5 3 3 5 1 0
0 2 7 5 3 3 5 1 0
5 0 0 5 2 2 1 1 1
5 0 2 5 2 2 1 1 1
5 0 4 5 2 2 1 1 1
5 0 6 5 2 2 1 1 1
5 0 8 5 2 2 1 1 1
5 2 0 5 3 3 5 1 1
5 2 4 5 3 3 5 1 1
5 2 7 5 3 3 5 1 1
0 5 3 5 2 2 1 1 2
0 5 6 5 2 2 1 1 2
0 5 8 5 2 2 1 1 2
0 8 0 5 2 2 1 1 2
0 8 2 5 2 2 1 1 2
0 5 0 5 3 3 5 1 2
0 7 4 5 3 3 5 1 2
0 7 7 5 3 3 5 1 2
5 5 3 5 2 2 1 1 3
5 5 6 5 2 2 1 1 3
5 5 8 5 2 2 1 1 3
5 8 0 5 2 2 1 1 3
5 8 2 5 2 2 1 1 3
5 5 0 5 3 3 5 1 3
5 7 4 5 3 3 5 1 3
5 7 7 5 3 3 5 1 3
