4
8 12 8
8 12 8
8 8 8
8 8 8
0 0 7 3 3 1 1 1 0
0 9 6 3 3 1 1 1 0
0 9 7 3 3 1 1 1 0
2 3 7 3 3 1 1 1 0
2 7 0 3 3 1 1 1 0
3 9 7 3 3 1 1 1 0
4 1 0 3 3 1 1 1 0
4 1 1 3 3 1 1 1 0
4 1 2 3 3 1 1 1 0
4 1 3 3 3 1 1 1 0
4 7 1 3 3 1 1 1 0
4 7 2 3 3 1 1 1 0
4 7 3 3 3 1 1 1 0
5 0 7 3 3 1 1 1 0
5 3 7 3 3 1 1 1 0
5 4 6 3 3 1 1 1 0
5 6 0 3 3 1 1 1 0
5 6 5 3 3 1 1 1 0
5 6 7 3 3 1 1 1 0
5 7 6 3 3 1 1 1 0
5 9 0 3 3 1 1 1 0
0 0 0 4 2 3 2 1 0
0 2 1 4 2 3 2 1 0
0 2 4 4 2 3 2 1 0
0 5 0 4 2 3 2 1 0
0 7 1 4 2 3 2 1 0
0 10 0 4 2 3 2 1 0
0 10 3 4 2 3 2 1 0
4 0 4 4 2 3 2 1 0
4 2 4 4 2 3 2 1 0
4 4 0 4 2 3 2 1 0
4 4 3 4 2 3 2 1 0
4 10 1 4 2 3 2 1 0
4 10 4 4 2 3 2 1 0
0 0 3 1 1 4 3 1 0
0 1 3 1 1 4 3 1 0
0 4 1 1 1 4 3 1 0
0 5 3 1 1 4 3 1 0
0 6 4 1 1 4 3 1 0
0 7 4 1 1 4 3 1 0
0 8 4 1 1 4 3 1 0
0 9 2 1 1 4 3 1 0
1 0 3 1 1 4 3 1 0
1 1 3 1 1 4 3 1 0
1 4 2 1 1 4 3 1 0
1 5 3 1 1 4 3 1 0
1 9 2 1 1 4 3 1 0
2 0 3 1 1 4 3 1 0
2 1 3 1 1 4 3 1 0
2 4 3 1 1 4 3 1 0
2 5 3 1 1 4 3 1 0
2 9 2 1 1 4 3 1 0
3 0 3 1 1 4 3 1 0
3 1 3 1 1 4 3 1 0
3 4 3 1 1 4 3 1 0
3 9 3 1 1 4 3 1 0
4 0 0 1 1 4 3 1 0
4 6 0 1 1 4 3 1 0
5 0 0 1 1 4 3 1 0
5 6 1 1 1 4 3 1 0
6 0 0 1 1 4 3 1 0
6 6 1 1 1 4 3 1 0
7 0 0 1 1 4 3 1 0
7 1 0 1 1 4 3 1 0
7 2 0 1 1 4 3 1 0
7 3 0 1 1 4 3 1 0
7 6 1 1 1 4 3 1 0
7 7 1 1 1 4 3 1 0
7 8 1 1 1 4 3 1 0
7 9 2 1 1 4 3 1 0
0 2 0 2 3 1 4 1 0
0 3 7 2 3 1 4 1 0
0 7 0 2 3 1 4 1 0
2 2 0 2 3 1 4 1 0
3 0 7 2 3 1 4 1 0
5 7 4 2 3 1 4 1 0
6 9 7 2 3 1 4 1 0
1 6 4 4 3 4 5 1 0
8 0 0 3 3 1 1 1 1
8 0 7 3 3 1 1 1 1
8 1 5 3 3 1 1 1 1
8 1 6 3 3 1 1 1 1
8 3 0 3 3 1 1 1 1
8 3 7 3 3 1 1 1 1
10 6 0 3 3 1 1 1 1
10 9 0 3 3 1 1 1 1
10 9 4 3 3 1 1 1 1
10 9 5 3 3 1 1 1 1
10 9 7 3 3 1 1 1 1
11 3 7 3 3 1 1 1 1
13 0 0 3 3 1 1 1 1
13 0 1 3 3 1 1 1 1
13 0 2 3 3 1 1 1 1
13 0 3 3 3 1 1 1 1
13 3 0 3 3 1 1 1 1
13 3 1 3 3 1 1 1 1
13 3 2 3 3 1 1 1 1
13 3 3 3 3 1 1 1 1
13 3 4 3 3 1 1 1 1
13 3 6 3 3 1 1 1 1
13 6 0 3 3 1 1 1 1
13 6 4 3 3 1 1 1 1
13 6 5 3 3 1 1 1 1
13 6 6 3 3 1 1 1 1
13 6 7 3 3 1 1 1 1
13 9 0 3 3 1 1 1 1
13 9 4 3 3 1 1 1 1
13 9 5 3 3 1 1 1 1
13 9 7 3 3 1 1 1 1
8 2 1 4 2 3 2 1 1
8 4 1 4 2 3 2 1 1
8 4 4 4 2 3 2 1 1
8 6 1 4 2 3 2 1 1
8 8 1 4 2 3 2 1 1
8 10 1 4 2 3 2 1 1
9 0 1 4 2 3 2 1 1
12 6 1 4 2 3 2 1 1
12 8 1 4 2 3 2 1 1
12 10 1 4 2 3 2 1 1
8 0 2 1 1 4 3 1 1
8 1 1 1 1 4 3 1 1
8 6 4 1 1 4 3 1 1
8 7 4 1 1 4 3 1 1
8 8 4 1 1 4 3 1 1
8 9 4 1 1 4 3 1 1
8 10 4 1 1 4 3 1 1
8 11 4 1 1 4 3 1 1
9 9 4 1 1 4 3 1 1
9 10 4 1 1 4 3 1 1
9 11 4 1 1 4 3 1 1
12 2 0 1 1 4 3 1 1
12 3 0 1 1 4 3 1 1
12 4 0 1 1 4 3 1 1
12 5 1 1 1 4 3 1 1
15 0 4 1 1 4 3 1 1
15 1 4 1 1 4 3 1 1
15 2 4 1 1 4 3 1 1
8 6 0 2 3 1 4 1 1
8 9 0 2 3 1 4 1 1
9 0 4 2 3 1 4 1 1
10 9 6 2 3 1 4 1 1
12 3 5 2 3 1 4 1 1
12 9 6 2 3 1 4 1 1
14 3 5 2 3 1 4 1 1
14 3 7 2 3 1 4 1 1
14 9 6 2 3 1 4 1 1
9 6 4 4 3 4 5 1 1
11 0 4 4 3 4 5 1 1
0 12 0 3 3 1 1 1 2
0 12 1 3 3 1 1 1 2
0 12 2 3 3 1 1 1 2
0 12 3 3 3 1 1 1 2
0 13 4 3 3 1 1 1 2
0 13 7 3 3 1 1 1 2
0 16 0 3 3 1 1 1 2
0 16 4 3 3 1 1 1 2
0 16 5 3 3 1 1 1 2
0 16 6 3 3 1 1 1 2
0 16 7 3 3 1 1 1 2
0 17 2 3 3 1 1 1 2
0 17 3 3 3 1 1 1 2
2 12 5 3 3 1 1 1 2
2 12 6 3 3 1 1 1 2
2 17 1 3 3 1 1 1 2
3 12 4 3 3 1 1 1 2
3 13 0 3 3 1 1 1 2
3 17 0 3 3 1 1 1 2
3 17 2 3 3 1 1 1 2
3 17 3 3 3 1 1 1 2
3 17 4 3 3 1 1 1 2
3 17 5 3 3 1 1 1 2
3 17 6 3 3 1 1 1 2
3 17 7 3 3 1 1 1 2
5 12 5 3 3 1 1 1 2
5 12 6 3 3 1 1 1 2
5 12 7 3 3 1 1 1 2
0 15 1 4 2 3 2 1 2
3 13 1 4 2 3 2 1 2
3 15 5 4 2 3 2 1 2
0 12 4 1 1 4 3 1 2
0 19 4 1 1 4 3 1 2
1 12 4 1 1 4 3 1 2
1 19 4 1 1 4 3 1 2
2 19 4 1 1 4 3 1 2
3 12 0 1 1 4 3 1 2
4 12 0 1 1 4 3 1 2
4 15 1 1 1 4 3 1 2
4 16 0 1 1 4 3 1 2
5 12 0 1 1 4 3 1 2
5 15 1 1 1 4 3 1 2
5 16 1 1 1 4 3 1 2
6 12 0 1 1 4 3 1 2
6 15 1 1 1 4 3 1 2
6 16 0 1 1 4 3 1 2
6 17 0 1 1 4 3 1 2
6 17 4 1 1 4 3 1 2
6 18 0 1 1 4 3 1 2
6 18 4 1 1 4 3 1 2
6 19 0 1 1 4 3 1 2
6 19 4 1 1 4 3 1 2
7 12 0 1 1 4 3 1 2
7 13 0 1 1 4 3 1 2
7 14 0 1 1 4 3 1 2
7 15 0 1 1 4 3 1 2
7 15 4 1 1 4 3 1 2
7 16 0 1 1 4 3 1 2
7 16 4 1 1 4 3 1 2
7 17 0 1 1 4 3 1 2
7 17 4 1 1 4 3 1 2
7 18 0 1 1 4 3 1 2
7 18 4 1 1 4 3 1 2
7 19 0 1 1 4 3 1 2
7 19 4 1 1 4 3 1 2
0 13 5 2 3 1 4 1 2
0 13 6 2 3 1 4 1 2
0 17 1 2 3 1 4 1 2
3 12 7 2 3 1 4 1 2
6 12 4 2 3 1 4 1 2
12 17 1 3 3 1 1 1 3
12 17 2 3 3 1 1 1 3
12 17 3 3 3 1 1 1 3
13 12 0 3 3 1 1 1 3
13 12 1 3 3 1 1 1 3
13 12 2 3 3 1 1 1 3
13 16 5 3 3 1 1 1 3
13 16 6 3 3 1 1 1 3
13 16 7 3 3 1 1 1 3
8 12 0 1 1 4 3 1 3
8 12 4 1 1 4 3 1 3
8 13 0 1 1 4 3 1 3
8 13 4 1 1 4 3 1 3
8 14 0 1 1 4 3 1 3
8 14 4 1 1 4 3 1 3
8 15 0 1 1 4 3 1 3
8 15 4 1 1 4 3 1 3
8 16 0 1 1 4 3 1 3
8 16 4 1 1 4 3 1 3
8 17 0 1 1 4 3 1 3
8 17 4 1 1 4 3 1 3
8 18 0 1 1 4 3 1 3
8 18 4 1 1 4 3 1 3
8 19 0 1 1 4 3 1 3
8 19 4 1 1 4 3 1 3
9 12 4 1 1 4 3 1 3
9 13 4 1 1 4 3 1 3
9 14 4 1 1 4 3 1 3
9 15 0 1 1 4 3 1 3
9 15 4 1 1 4 3 1 3
9 16 0 1 1 4 3 1 3
9 16 4 1 1 4 3 1 3
9 17 0 1 1 4 3 1 3
9 17 4 1 1 4 3 1 3
9 18 0 1 1 4 3 1 3
9 18 4 1 1 4 3 1 3
9 19 0 1 1 4 3 1 3
9 19 4 1 1 4 3 1 3
10 12 4 1 1 4 3 1 3
10 13 4 1 1 4 3 1 3
10 14 4 1 1 4 3 1 3
10 15 0 1 1 4 3 1 3
10 15 4 1 1 4 3 1 3
10 16 0 1 1 4 3 1 3
10 16 4 1 1 4 3 1 3
10 17 0 1 1 4 3 1 3
10 17 4 1 1 4 3 1 3
10 18 0 1 1 4 3 1 3
10 18 4 1 1 4 3 1 3
10 19 0 1 1 4 3 1 3
10 19 4 1 1 4 3 1 3
11 12 0 1 1 4 3 1 3
11 12 4 1 1 4 3 1 3
11 13 0 1 1 4 3 1 3
11 13 4 1 1 4 3 1 3
11 14 0 1 1 4 3 1 3
11 14 4 1 1 4 3 1 3
11 15 3 1 1 4 3 1 3
11 16 0 1 1 4 3 1 3
11 16 4 1 1 4 3 1 3
11 17 0 1 1 4 3 1 3
11 17 4 1 1 4 3 1 3
11 18 0 1 1 4 3 1 3
11 18 4 1 1 4 3 1 3
11 19 0 1 1 4 3 1 3
11 19 4 1 1 4 3 1 3
12 12 0 1 1 4 3 1 3
12 12 4 1 1 4 3 1 3
12 13 0 1 1 4 3 1 3
12 13 4 1 1 4 3 1 3
12 14 0 1 1 4 3 1 3
12 14 4 1 1 4 3 1 3
12 15 0 1 1 4 3 1 3
12 15 4 1 1 4 3 1 3
12 16 0 1 1 4 3 1 3
12 16 4 1 1 4 3 1 3
12 17 4 1 1 4 3 1 3
12 18 4 1 1 4 3 1 3
12 19 4 1 1 4 3 1 3
13 12 4 1 1 4 3 1 3
13 13 4 1 1 4 3 1 3
13 14 4 1 1 4 3 1 3
13 15 0 1 1 4 3 1 3
13 15 4 1 1 4 3 1 3
13 16 0 1 1 4 3 1 3
13 19 4 1 1 4 3 1 3
14 12 4 1 1 4 3 1 3
14 13 4 1 1 4 3 1 3
14 14 4 1 1 4 3 1 3
14 15 0 1 1 4 3 1 3
14 15 4 1 1 4 3 1 3
14 16 0 1 1 4 3 1 3
14 19 4 1 1 4 3 1 3
15 12 3 1 1 4 3 1 3
15 13 3 1 1 4 3 1 3
15 14 3 1 1 4 3 1 3
15 15 0 1 1 4 3 1 3
15 15 4 1 1 4 3 1 3
15 16 0 1 1 4 3 1 3
15 17 1 1 1 4 3 1 3
15 18 1 1 1 4 3 1 3
15 19 1 1 1 4 3 1 3
9 12 0 2 3 1 4 1 3
9 12 1 2 3 1 4 1 3
9 12 2 2 3 1 4 1 3
9 12 3 2 3 1 4 1 3
12 17 0 2 3 1 4 1 3
13 12 3 2 3 1 4 1 3
13 16 4 2 3 1 4 1 3
14 17 0 2 3 1 4 1 3
