4
8 12 8
8 12 8
8 8 8
8 8 8
0 0 0 2 2 2 1 1 0
0 0 2 2 2 2 1 1 0
0 0 4 2 2 2 1 1 0
0 0 6 2 2 2 1 1 0
0 2 0 2 2 2 1 1 0
0 2 2 2 2 2 1 1 0
0 2 4 2 2 2 1 1 0
0 2 6 2 2 2 1 1 0
0 4 0 2 2 2 1 1 0
0 4 2 2 2 2 1 1 0
0 4 4 2 2 2 1 1 0
0 4 6 2 2 2 1 1 0
0 6 0 2 2 2 1 1 0
0 6 2 2 2 2 1 1 0
0 6 4 2 2 2 1 1 0
0 6 6 2 2 2 1 1 0
0 8 0 2 2 2 1 1 0
0 8 2 2 2 2 1 1 0
0 8 4 2 2 2 1 1 0
0 8 6 2 2 2 1 1 0
0 10 0 2 2 2 1 1 0
0 10 2 2 2 2 1 1 0
0 10 4 2 2 2 1 1 0
0 10 6 2 2 2 1 1 0
2 0 0 2 2 2 1 1 0
2 0 2 2 2 2 1 1 0
2 0 4 2 2 2 1 1 0
2 0 6 2 2 2 1 1 0
2 2 0 2 2 2 1 1 0
2 2 2 2 2 2 1 1 0
2 2 4 2 2 2 1 1 0
2 2 6 2 2 2 1 1 0
2 4 0 2 2 2 1 1 0
2 4 2 2 2 2 1 1 0
2 4 4 2 2 2 1 1 0
2 4 6 2 2 2 1 1 0
2 6 0 2 2 2 1 1 0
2 6 2 2 2 2 1 1 0
2 6 4 2 2 2 1 1 0
2 6 6 2 2 2 1 1 0
2 8 0 2 2 2 1 1 0
2 8 2 2 2 2 1 1 0
2 8 4 2 2 2 1 1 0
2 8 6 2 2 2 1 1 0
2 10 0 2 2 2 1 1 0
2 10 2 2 2 2 1 1 0
2 10 4 2 2 2 1 1 0
2 10 6 2 2 2 1 1 0
4 0 0 2 2 2 1 1 0
4 0 2 2 2 2 1 1 0
4 0 4 2 2 2 1 1 0
4 0 6 2 2 2 1 1 0
4 2 0 2 2 2 1 1 0
4 2 2 2 2 2 1 1 0
4 2 4 2 2 2 1 1 0
4 2 6 2 2 2 1 1 0
4 4 0 2 2 2 1 1 0
4 4 2 2 2 2 1 1 0
4 4 4 2 2 2 1 1 0
4 4 6 2 2 2 1 1 0
4 6 0 2 2 2 1 1 0
4 6 2 1 1 2 2 1 0
4 6 4 1 1 2 2 1 0
4 6 6 1 1 2 2 1 0
4 7 2 1 1 2 2 1 0
4 7 4 1 1 2 2 1 0
4 7 6 1 1 2 2 1 0
4 8 0 1 1 2 2 1 0
4 8 2 1 1 2 2 1 0
4 8 4 1 1 2 2 1 0
4 8 6 1 1 2 2 1 0
4 9 0 1 1 2 2 1 0
4 9 2 1 1 2 2 1 0
4 9 4 1 1 2 2 1 0
4 9 6 1 1 2 2 1 0
4 10 0 1 1 2 2 1 0
4 10 2 1 1 2 2 1 0
4 10 4 1 1 2 2 1 0
4 10 6 1 1 2 2 1 0
4 11 0 1 1 2 2 1 0
4 11 2 1 1 2 2 1 0
4 11 4 1 1 2 2 1 0
4 11 6 1 1 2 2 1 0
5 6 2 1 1 2 2 1 0
5 6 4 1 1 2 2 1 0
5 6 6 1 1 2 2 1 0
5 7 2 1 1 2 2 1 0
5 7 4 1 1 2 2 1 0
5 7 6 1 1 2 2 1 0
5 8 0 1 1 2 2 1 0
5 8 2 1 1 2 2 1 0
5 8 4 1 1 2 2 1 0
5 8 6 1 1 2 2 1 0
5 9 0 1 1 2 2 1 0
5 9 2 1 1 2 2 1 0
5 9 4 1 1 2 2 1 0
5 9 6 1 1 2 2 1 0
5 10 0 1 1 2 2 1 0
5 10 2 1 1 2 2 1 0
5 10 4 1 1 2 2 1 0
5 10 6 1 1 2 2 1 0
5 11 0 1 1 2 2 1 0
5 11 2 1 1 2 2 1 0
5 11 4 1 1 2 2 1 0
5 11 6 1 1 2 2 1 0
6 0 0 1 1 2 2 1 0
6 0 2 1 1 2 2 1 0
6 0 4 1 1 2 2 1 0
6 0 6 1 1 2 2 1 0
6 1 0 1 1 2 2 1 0
6 1 2 1 1 2 2 1 0
6 1 4 1 1 2 2 1 0
6 1 6 1 1 2 2 1 0
6 2 0 1 1 2 2 1 0
6 2 2 1 1 2 2 1 0
6 2 4 1 1 2 2 1 0
6 2 6 1 1 2 2 1 0
6 3 0 1 1 2 2 1 0
6 3 2 1 1 2 2 1 0
6 3 4 1 1 2 2 1 0
6 3 6 1 1 2 2 1 0
6 4 0 1 1 2 2 1 0
6 4 2 1 1 2 2 1 0
6 4 4 1 1 2 2 1 0
6 4 6 1 1 2 2 1 0
6 5 0 1 1 2 2 1 0
6 5 2 1 1 2 2 1 0
6 5 4 1 1 2 2 1 0
6 5 6 1 1 2 2 1 0
6 6 0 1 1 2 2 1 0
6 6 2 2 3 3 5 1 0
6 6 5 2 3 3 5 1 0
6 9 0 2 3 3 5 1 0
6 9 3 2 3 3 5 1 0
8 0 0 3 4 2 3 1 1
8 0 2 3 4 2 3 1 1
8 0 4 3 4 2 3 1 1
8 0 6 3 4 2 3 1 1
8 4 0 3 4 2 3 1 1
8 4 2 3 4 2 3 1 1
8 4 4 3 4 2 3 1 1
8 4 6 3 4 2 3 1 1
8 8 0 3 4 2 3 1 1
8 8 2 3 4 2 3 1 1
8 8 4 3 4 2 3 1 1
8 8 6 3 4 2 3 1 1
11 0 0 3 4 2 3 1 1
11 0 2 3 4 2 3 1 1
11 0 4 3 4 2 3 1 1
11 0 6 3 4 2 3 1 1
11 4 0 3 4 2 3 1 1
11 4 2 3 4 2 3 1 1
11 4 4 3 4 2 3 1 1
11 4 6 3 4 2 3 1 1
11 8 0 3 4 2 3 1 1
11 8 2 3 4 2 3 1 1
11 8 4 3 4 2 3 1 1
11 8 6 3 4 2 3 1 1
0 12 0 3 4 2 3 1 2
0 12 2 3 4 2 3 1 2
0 12 4 3 4 2 3 1 2
0 16 0 3 1 4 4 1 2
0 16 4 3 1 4 4 1 2
0 17 0 3 1 4 4 1 2
0 17 4 3 1 4 4 1 2
0 18 0 3 1 4 4 1 2
0 18 4 3 1 4 4 1 2
0 19 0 3 1 4 4 1 2
0 19 4 3 1 4 4 1 2
3 12 0 3 1 4 4 1 2
3 12 4 3 1 4 4 1 2
3 13 0 3 1 4 4 1 2
3 13 4 3 1 4 4 1 2
3 14 0 3 1 4 4 1 2
3 14 4 3 1 4 4 1 2
3 15 0 3 1 4 4 1 2
3 15 4 3 1 4 4 1 2
3 16 0 3 1 4 4 1 2
3 16 4 3 1 4 4 1 2
3 17 0 3 1 4 4 1 2
3 17 4 3 1 4 4 1 2
3 18 0 3 1 4 4 1 2
3 18 4 3 1 4 4 1 2
3 19 0 3 1 4 4 1 2
3 19 4 3 1 4 4 1 2
8 12 0 3 1 4 4 1 3
8 12 4 3 1 4 4 1 3
8 13 0 3 1 4 4 1 3
8 13 4 3 1 4 4 1 3
8 14 0 3 1 4 4 1 3
8 14 4 3 1 4 4 1 3
8 15 0 3 1 4 4 1 3
8 15 4 3 1 4 4 1 3
8 16 0 3 1 4 4 1 3
8 16 4 3 1 4 4 1 3
8 17 0 3 1 4 4 1 3
8 17 4 3 1 4 4 1 3
8 18 0 3 1 4 4 1 3
8 18 4 3 1 4 4 1 3
8 19 0 3 1 4 4 1 3
8 19 4 3 1 4 4 1 3
11 12 0 3 1 4 4 1 3
11 12 4 3 1 4 4 1 3
11 13 0 3 1 4 4 1 3
11 13 4 3 1 4 4 1 3
11 14 0 3 1 4 4 1 3
