4
8 12 8
8 12 8
8 8 8
8 8 8
0 0 0 4 4 4 1 1 0
0 0 4 4 4 4 1 1 0
0 4 0 4 4 4 1 1 0
0 4 4 4 4 4 1 1 0
0 8 0 4 4 4 1 1 0
0 8 4 4 4 4 1 1 0
4 0 0 4 4 4 1 1 0
4 0 4 4 4 4 1 1 0
4 4 0 3 4 1 2 1 0
4 4 1 3 4 1 2 1 0
4 4 2 3 4 1 2 1 0
4 4 3 3 4 1 2 1 0
4 4 4 3 4 1 2 1 0
4 4 5 3 4 1 2 1 0
4 4 6 3 4 1 2 1 0
4 4 7 3 4 1 2 1 0
4 8 0 3 4 1 2 1 0
4 8 1 3 4 1 2 1 0
4 8 2 3 4 1 2 1 0
4 8 3 3 4 1 2 1 0
4 8 4 3 4 1 2 1 0
4 8 5 3 4 1 2 1 0
4 8 6 3 4 1 2 1 0
4 8 7 3 4 1 2 1 0
7 4 0 1 1 3 4 1 0
7 4 3 1 1 3 4 1 0
7 5 0 1 1 3 4 1 0
7 5 3 1 1 3 4 1 0
7 6 0 1 1 3 4 1 0
7 6 3 1 1 3 4 1 0
7 7 0 1 1 3 4 1 0
7 7 3 1 1 3 4 1 0
7 8 0 1 1 3 4 1 0
7 8 3 1 1 3 4 1 0
7 9 0 1 1 3 4 1 0
7 9 3 1 1 3 4 1 0
7 10 0 1 1 3 4 1 0
7 10 3 1 1 3 4 1 0
7 11 0 1 1 3 4 1 0
7 11 3 1 1 3 4 1 0
8 0 0 3 4 1 2 1 1
8 0 1 3 4 1 2 1 1
8 0 2 3 4 1 2 1 1
8 0 3 3 4 1 2 1 1
8 0 4 3 4 1 2 1 1
8 0 5 3 4 1 2 1 1
8 0 6 3 4 1 2 1 1
8 0 7 3 4 1 2 1 1
8 4 0 3 4 1 2 1 1
8 4 1 3 4 1 2 1 1
8 4 2 3 4 1 2 1 1
8 4 3 3 4 1 2 1 1
8 4 4 3 4 1 2 1 1
8 4 5 3 4 1 2 1 1
8 4 6 3 4 1 2 1 1
8 4 7 3 4 1 2 1 1
8 8 0 3 4 1 2 1 1
8 8 1 3 4 1 2 1 1
8 8 2 3 4 1 2 1 1
8 8 3 3 4 1 2 1 1
8 8 4 3 4 1 2 1 1
8 8 5 3 4 1 2 1 1
8 8 6 3 4 1 2 1 1
8 8 7 3 4 1 2 1 1
11 0 0 3 4 1 2 1 1
11 0 1 3 4 1 2 1 1
11 0 2 3 4 1 2 1 1
11 0 3 3 4 1 2 1 1
11 0 4 3 4 1 2 1 1
11 0 5 3 4 1 2 1 1
11 0 6 3 4 1 2 1 1
11 0 7 3 4 1 2 1 1
11 4 0 3 4 1 2 1 1
11 4 1 3 4 1 2 1 1
11 4 2 3 4 1 2 1 1
11 4 3 3 4 1 2 1 1
11 4 4 3 4 1 2 1 1
11 4 5 3 4 1 2 1 1
11 4 6 3 4 1 2 1 1
11 4 7 3 4 1 2 1 1
11 8 0 4 1 4 3 1 1
11 8 4 4 1 4 3 1 1
11 9 0 4 1 4 3 1 1
11 9 4 4 1 4 3 1 1
11 10 0 4 1 4 3 1 1
11 10 4 4 1 4 3 1 1
11 11 0 4 1 4 3 1 1
11 11 4 4 1 4 3 1 1
14 0 0 1 1 3 4 1 1
14 0 3 1 1 3 4 1 1
14 1 0 1 1 3 4 1 1
14 1 3 1 1 3 4 1 1
14 2 0 1 1 3 4 1 1
14 2 3 1 1 3 4 1 1
14 3 0 1 1 3 4 1 1
14 3 3 1 1 3 4 1 1
14 4 0 1 1 3 4 1 1
14 4 3 1 1 3 4 1 1
14 5 0 1 1 3 4 1 1
14 5 3 1 1 3 4 1 1
14 6 0 1 1 3 4 1 1
14 6 3 1 1 3 4 1 1
14 7 0 1 1 3 4 1 1
14 7 3 1 1 3 4 1 1
15 0 0 1 1 3 4 1 1
15 0 3 1 1 3 4 1 1
15 1 0 1 1 3 4 1 1
15 1 3 1 1 3 4 1 1
15 2 0 1 1 3 4 1 1
15 2 3 1 1 3 4 1 1
15 3 0 1 1 3 4 1 1
15 3 3 1 1 3 4 1 1
15 4 0 1 1 3 4 1 1
15 4 3 1 1 3 4 1 1
15 5 0 1 1 3 4 1 1
15 5 3 1 1 3 4 1 1
15 6 0 1 1 3 4 1 1
15 6 3 1 1 3 4 1 1
15 7 0 1 1 3 4 1 1
15 7 3 1 1 3 4 1 1
15 8 0 1 1 3 4 1 1
15 8 3 1 1 3 4 1 1
15 9 0 1 1 3 4 1 1
15 9 3 1 1 3 4 1 1
15 10 0 1 1 3 4 1 1
15 10 3 1 1 3 4 1 1
15 11 0 1 1 3 4 1 1
15 11 3 1 1 3 4 1 1
0 12 0 4 1 4 3 1 2
0 12 4 4 1 4 3 1 2
0 13 0 4 1 4 3 1 2
0 13 4 4 1 4 3 1 2
0 14 0 4 1 4 3 1 2
0 14 4 4 1 4 3 1 2
0 15 0 1 1 3 4 1 2
0 15 3 1 1 3 4 1 2
0 16 0 1 1 3 4 1 2
0 16 3 1 1 3 4 1 2
0 17 0 1 1 3 4 1 2
0 17 3 1 1 3 4 1 2
0 18 0 1 1 3 4 1 2
0 18 3 1 1 3 4 1 2
0 19 0 1 1 3 4 1 2
0 19 3 1 1 3 4 1 2
1 15 0 1 1 3 4 1 2
1 15 3 1 1 3 4 1 2
1 16 0 1 1 3 4 1 2
1 16 3 1 1 3 4 1 2
1 17 0 1 1 3 4 1 2
1 17 3 1 1 3 4 1 2
1 18 0 1 1 3 4 1 2
1 18 3 1 1 3 4 1 2
1 19 0 1 1 3 4 1 2
1 19 3 1 1 3 4 1 2
2 15 0 1 1 3 4 1 2
2 15 3 1 1 3 4 1 2
2 16 0 1 1 3 4 1 2
2 16 3 1 1 3 4 1 2
2 17 0 1 1 3 4 1 2
2 17 3 1 1 3 4 1 2
2 18 0 1 1 3 4 1 2
2 18 3 1 1 3 4 1 2
2 19 0 1 1 3 4 1 2
2 19 3 1 1 3 4 1 2
3 15 0 1 1 3 4 1 2
3 15 3 1 1 3 4 1 2
3 16 0 1 1 3 4 1 2
3 16 3 4 1 3 5 1 2
3 17 0 4 1 3 5 1 2
3 17 3 4 1 3 5 1 2
3 18 0 4 1 3 5 1 2
