4
8 12 8
8 12 8
8 8 8
8 8 8
0 0 0 6 3 2 1 1 0
0 0 2 6 3 2 1 1 0
0 0 4 6 3 2 1 1 0
0 0 6 6 3 2 1 1 0
0 3 0 6 3 2 1 1 0
0 3 2 6 3 2 1 1 0
0 3 4 6 3 2 1 1 0
0 3 6 6 3 2 1 1 0
0 6 0 6 3 2 1 1 0
0 6 2 6 3 2 1 1 0
0 6 4 6 4 3 2 1 0
0 9 0 8 3 2 3 1 0
0 9 2 8 3 2 3 1 0
8 0 0 6 4 3 2 1 1
8 0 3 6 4 3 2 1 1
8 4 0 6 4 3 2 1 1
8 4 3 6 4 3 2 1 1
8 8 0 6 4 3 2 1 1
8 8 3 6 4 3 2 1 1
8 0 6 8 3 2 3 1 1
8 3 6 8 3 2 3 1 1
8 6 6 8 3 2 3 1 1
8 9 6 8 3 2 3 1 1
0 12 0 6 4 3 2 1 2
0 12 3 6 4 3 2 1 2
0 16 0 6 4 3 2 1 2
0 12 6 8 3 2 3 1 2
0 15 6 8 3 2 3 1 2
0 16 3 8 3 2 3 1 2
8 12 0 8 3 2 3 1 3
8 12 2 4 3 2 4 1 3
8 12 4 4 3 2 4 1 3
8 12 6 4 3 2 4 1 3
8 15 0 4 3 2 4 1 3
8 15 2 4 3 2 4 1 3
8 15 4 4 3 2 4 1 3
8 15 6 4 3 2 4 1 3
12 12 2 4 3 2 4 1 3
12 12 4 4 3 2 4 1 3
12 12 6 4 3 2 4 1 3
