4
15 15 30
15 15 30
15 15 30
15 15 30
0 0 0 7 5 5 1 1 0
0 0 25 7 5 5 1 1 0
0 5 0 7 5 5 1 1 0
0 5 25 7 5 5 1 1 0
0 10 0 7 5 5 1 1 0
0 10 25 7 5 5 1 1 0
8 0 0 7 5 5 1 1 0
8 0 25 7 5 5 1 1 0
8 5 0 7 5 5 1 1 0
8 5 25 7 5 5 1 1 0
8 10 0 7 5 5 1 1 0
8 10 25 7 5 5 1 1 0
0 0 5 5 3 10 2 1 0
0 0 15 5 3 10 2 1 0
5 0 5 5 3 10 2 1 0
5 0 15 5 3 10 2 1 0
10 0 5 5 3 10 2 1 0
10 0 15 5 3 10 2 1 0
0 5 5 3 10 12 3 1 0
12 5 13 3 10 12 3 1 0
0 3 17 6 4 4 5 1 0
0 3 21 6 4 4 5 1 0
0 7 17 6 4 4 5 1 0
0 7 21 6 4 4 5 1 0
0 11 17 6 4 4 5 1 0
0 11 21 6 4 4 5 1 0
3 3 5 6 4 4 5 1 0
3 3 9 6 4 4 5 1 0
3 3 13 6 4 4 5 1 0
3 7 5 6 4 4 5 1 0
3 7 9 6 4 4 5 1 0
3 7 13 6 4 4 5 1 0
3 11 5 6 4 4 5 1 0
3 11 9 6 4 4 5 1 0
6 3 17 6 4 4 5 1 0
6 3 21 6 4 4 5 1 0
6 7 17 6 4 4 5 1 0
6 7 21 6 4 4 5 1 0
6 11 13 6 4 4 5 1 0
6 11 17 6 4 4 5 1 0
6 11 21 6 4 4 5 1 0
9 3 5 6 4 4 5 1 0
9 3 9 6 4 4 5 1 0
9 7 5 6 4 4 5 1 0
9 7 9 6 4 4 5 1 0
9 11 5 6 4 4 5 1 0
9 11 9 6 4 4 5 1 0
15 0 25 7 5 5 1 1 1
15 5 25 7 5 5 1 1 1
15 10 0 7 5 5 1 1 1
15 10 5 7 5 5 1 1 1
15 10 10 7 5 5 1 1 1
15 10 15 7 5 5 1 1 1
15 10 20 7 5 5 1 1 1
15 10 25 7 5 5 1 1 1
23 0 25 7 5 5 1 1 1
23 5 25 7 5 5 1 1 1
23 10 0 7 5 5 1 1 1
23 10 5 7 5 5 1 1 1
23 10 10 7 5 5 1 1 1
23 10 15 7 5 5 1 1 1
23 10 20 7 5 5 1 1 1
23 10 25 7 5 5 1 1 1
15 0 0 3 10 12 3 1 1
15 0 13 3 10 12 3 1 1
18 0 0 3 10 12 3 1 1
18 0 13 3 10 12 3 1 1
21 0 0 3 10 12 3 1 1
21 0 13 3 10 12 3 1 1
24 0 0 3 10 12 3 1 1
24 0 13 3 10 12 3 1 1
27 0 0 3 10 12 3 1 1
27 0 13 3 10 12 3 1 1
0 15 10 7 5 5 1 1 2
0 15 15 7 5 5 1 1 2
0 15 20 7 5 5 1 1 2
0 15 25 7 5 5 1 1 2
0 20 10 7 5 5 1 1 2
0 20 15 7 5 5 1 1 2
0 20 20 7 5 5 1 1 2
0 20 25 7 5 5 1 1 2
0 25 10 7 5 5 1 1 2
0 25 15 7 5 5 1 1 2
0 25 20 7 5 5 1 1 2
0 25 25 7 5 5 1 1 2
8 15 10 7 5 5 1 1 2
8 15 15 7 5 5 1 1 2
8 15 20 7 5 5 1 1 2
8 15 25 7 5 5 1 1 2
8 20 10 7 5 5 1 1 2
8 20 15 7 5 5 1 1 2
8 20 20 7 5 5 1 1 2
8 20 25 7 5 5 1 1 2
8 25 10 7 5 5 1 1 2
8 25 15 7 5 5 1 1 2
8 25 20 7 5 5 1 1 2
8 25 25 7 5 5 1 1 2
0 15 0 5 3 10 2 1 2
0 18 0 5 3 10 2 1 2
0 21 0 5 3 10 2 1 2
0 24 0 5 3 10 2 1 2
0 27 0 5 3 10 2 1 2
5 15 0 5 3 10 2 1 2
5 18 0 5 3 10 2 1 2
5 21 0 5 3 10 2 1 2
5 24 0 5 3 10 2 1 2
5 27 0 5 3 10 2 1 2
10 15 0 5 3 10 2 1 2
10 18 0 5 3 10 2 1 2
10 21 0 5 3 10 2 1 2
10 24 0 5 3 10 2 1 2
10 27 0 5 3 10 2 1 2
15 15 0 7 5 5 1 1 3
15 15 25 7 5 5 1 1 3
15 20 0 7 5 5 1 1 3
15 20 25 7 5 5 1 1 3
15 25 0 7 5 5 1 1 3
15 25 25 7 5 5 1 1 3
23 15 0 7 5 5 1 1 3
23 15 25 7 5 5 1 1 3
23 20 0 7 5 5 1 1 3
23 20 25 7 5 5 1 1 3
23 25 0 7 5 5 1 1 3
23 25 25 7 5 5 1 1 3
15 15 5 5 3 10 2 1 3
15 15 15 5 3 10 2 1 3
20 15 5 5 3 10 2 1 3
20 15 15 5 3 10 2 1 3
25 15 5 5 3 10 2 1 3
25 15 15 5 3 10 2 1 3
15 20 5 3 10 12 3 1 3
21 20 13 3 10 12 3 1 3
15 18 17 6 4 4 5 1 3
15 18 21 6 4 4 5 1 3
15 22 17 6 4 4 5 1 3
15 22 21 6 4 4 5 1 3
15 26 17 6 4 4 5 1 3
15 26 21 6 4 4 5 1 3
18 18 5 6 4 4 5 1 3
18 18 9 6 4 4 5 1 3
18 22 5 6 4 4 5 1 3
18 22 9 6 4 4 5 1 3
18 26 5 6 4 4 5 1 3
18 26 9 6 4 4 5 1 3
24 18 5 6 4 4 5 1 3
24 18 9 6 4 4 5 1 3
24 18 13 6 4 4 5 1 3
24 18 17 6 4 4 5 1 3
24 18 21 6 4 4 5 1 3
24 22 5 6 4 4 5 1 3
24 22 9 6 4 4 5 1 3
24 22 13 6 4 4 5 1 3
24 22 17 6 4 4 5 1 3
24 22 21 6 4 4 5 1 3
24 26 5 6 4 4 5 1 3
24 26 9 6 4 4 5 1 3
24 26 13 6 4 4 5 1 3
24 26 17 6 4 4 5 1 3
24 26 21 6 4 4 5 1 3
