4
15 15 30
15 15 30
15 15 30
15 15 30
8 0 18 7 5 9 1 1 0
8 5 18 7 5 9 1 1 0
8 10 18 7 5 9 1 1 0
0 0 12 4 14 5 2 1 0
0 0 17 4 14 5 2 1 0
0 0 22 4 14 5 2 1 0
4 0 12 4 14 5 2 1 0
4 0 17 4 14 5 2 1 0
4 0 22 4 14 5 2 1 0
11 0 13 4 14 5 2 1 0
0 0 0 14 5 3 4 1 0
0 0 3 14 5 3 4 1 0
0 0 6 14 5 3 4 1 0
0 0 9 14 5 3 4 1 0
0 0 27 14 5 3 4 1 0
0 5 0 14 5 3 4 1 0
0 5 3 14 5 3 4 1 0
0 5 6 14 5 3 4 1 0
0 5 9 14 5 3 4 1 0
0 5 27 14 5 3 4 1 0
0 10 0 14 5 3 4 1 0
0 10 3 14 5 3 4 1 0
0 10 6 14 5 3 4 1 0
0 10 9 14 5 3 4 1 0
0 10 27 14 5 3 4 1 0
15 0 15 7 5 9 1 1 1
23 0 15 7 5 9 1 1 1
15 5 21 13 5 9 3 1 1
15 0 9 14 5 3 4 1 1
15 0 12 14 5 3 4 1 1
15 0 24 14 5 3 4 1 1
15 0 27 14 5 3 4 1 1
15 5 9 14 5 3 4 1 1
15 5 12 14 5 3 4 1 1
15 5 15 14 5 3 4 1 1
15 5 18 14 5 3 4 1 1
15 10 9 14 5 3 4 1 1
15 10 12 14 5 3 4 1 1
15 10 15 14 5 3 4 1 1
15 10 18 14 5 3 4 1 1
15 10 21 14 5 3 4 1 1
15 10 24 14 5 3 4 1 1
15 10 27 14 5 3 4 1 1
15 0 0 14 11 9 5 1 1
0 15 0 14 5 3 4 1 2
0 15 3 14 5 3 4 1 2
0 15 6 14 5 3 4 1 2
0 15 9 14 5 3 4 1 2
0 15 12 14 5 3 4 1 2
0 15 24 14 5 3 4 1 2
0 15 27 14 5 3 4 1 2
0 20 0 14 5 3 4 1 2
0 20 3 14 5 3 4 1 2
0 20 6 14 5 3 4 1 2
0 20 9 14 5 3 4 1 2
0 20 12 14 5 3 4 1 2
0 20 24 14 5 3 4 1 2
0 20 27 14 5 3 4 1 2
0 25 0 14 5 3 4 1 2
0 25 3 14 5 3 4 1 2
0 25 6 14 5 3 4 1 2
0 25 9 14 5 3 4 1 2
0 25 12 14 5 3 4 1 2
0 25 24 14 5 3 4 1 2
0 25 27 14 5 3 4 1 2
0 15 15 14 11 9 5 1 2
15 25 9 13 5 9 3 1 3
15 15 0 14 5 3 4 1 3
15 15 3 14 5 3 4 1 3
15 15 6 14 5 3 4 1 3
15 15 9 14 5 3 4 1 3
15 15 12 14 5 3 4 1 3
15 15 15 14 5 3 4 1 3
15 15 18 14 5 3 4 1 3
15 20 0 14 5 3 4 1 3
15 20 3 14 5 3 4 1 3
15 20 6 14 5 3 4 1 3
15 20 9 14 5 3 4 1 3
15 20 12 14 5 3 4 1 3
15 20 15 14 5 3 4 1 3
15 20 18 14 5 3 4 1 3
15 25 0 14 5 3 4 1 3
15 25 3 14 5 3 4 1 3
15 25 6 14 5 3 4 1 3
15 25 18 14 5 3 4 1 3
15 15 21 14 11 9 5 1 3
