4
15 15 30
15 15 30
15 15 30
15 15 30
4 0 0 11 14 14 1 1 0
0 0 0 4 12 14 3 1 0
7 0 15 4 12 14 3 1 0
11 0 15 4 12 14 3 1 0
0 0 15 6 7 14 4 1 0
0 8 15 6 7 14 4 1 0
23 0 0 7 8 6 2 1 1
23 0 6 7 8 6 2 1 1
23 0 12 7 8 6 2 1 1
23 0 18 7 8 6 2 1 1
23 0 24 7 8 6 2 1 1
15 0 0 4 12 14 3 1 1
15 0 15 4 12 14 3 1 1
19 0 0 4 12 14 3 1 1
19 0 15 4 12 14 3 1 1
23 8 0 6 7 14 4 1 1
23 8 15 6 7 14 4 1 1
0 22 0 7 8 6 2 1 2
0 22 21 7 8 6 2 1 2
7 15 0 4 12 14 3 1 2
7 15 15 4 12 14 3 1 2
11 15 0 4 12 14 3 1 2
11 15 15 4 12 14 3 1 2
0 15 0 6 7 14 4 1 2
0 15 15 6 7 14 4 1 2
0 23 6 6 7 14 4 1 2
15 15 15 4 12 14 3 1 3
22 15 0 4 12 14 3 1 3
26 15 0 4 12 14 3 1 3
26 15 15 4 12 14 3 1 3
15 15 0 6 7 14 4 1 3
15 23 0 6 7 14 4 1 3
19 15 15 6 7 14 4 1 3
19 23 15 6 7 14 4 1 3
