4
15 15 30
15 15 30
15 15 30
15 15 30
0 3 0 5 9 13 2 1 0
0 3 13 5 9 13 2 1 0
0 0 0 14 3 11 3 1 0
0 0 13 14 3 11 3 1 0
0 12 0 14 3 11 3 1 0
0 12 13 14 3 11 3 1 0
5 3 0 5 8 10 4 1 0
5 3 10 5 8 10 4 1 0
5 3 20 5 8 10 4 1 0
10 3 0 5 8 10 4 1 0
10 3 10 5 8 10 4 1 0
10 3 20 5 8 10 4 1 0
15 3 0 5 9 13 2 1 1
15 3 13 5 9 13 2 1 1
20 3 0 5 9 13 2 1 1
20 3 13 5 9 13 2 1 1
15 0 0 14 3 11 3 1 1
15 0 13 14 3 11 3 1 1
15 12 0 14 3 11 3 1 1
15 12 13 14 3 11 3 1 1
25 3 0 5 8 10 4 1 1
25 3 10 5 8 10 4 1 1
25 3 20 5 8 10 4 1 1
0 15 0 5 9 13 2 1 2
0 15 13 5 9 13 2 1 2
10 15 0 5 9 13 2 1 2
10 15 13 5 9 13 2 1 2
0 24 0 14 3 11 3 1 2
0 24 13 14 3 11 3 1 2
0 27 0 14 3 11 3 1 2
0 27 13 14 3 11 3 1 2
5 15 0 5 8 10 4 1 2
5 15 10 5 8 10 4 1 2
5 15 20 5 8 10 4 1 2
15 18 0 5 9 13 2 1 3
15 18 13 5 9 13 2 1 3
20 18 0 5 9 13 2 1 3
20 18 13 5 9 13 2 1 3
25 18 0 5 9 13 2 1 3
25 18 13 5 9 13 2 1 3
15 15 0 14 3 11 3 1 3
15 15 13 14 3 11 3 1 3
15 27 0 14 3 11 3 1 3
15 27 13 14 3 11 3 1 3
