4
15 15 30
15 15 30
15 15 30
15 15 30
0 5 7 5 9 9 1 1 0
5 5 0 5 9 9 1 1 0
10 5 14 5 9 9 1 1 0
0 5 0 5 5 7 2 1 0
0 5 16 5 5 7 2 1 0
0 5 23 5 5 7 2 1 0
0 10 0 5 5 7 2 1 0
0 10 16 5 5 7 2 1 0
0 10 23 5 5 7 2 1 0
5 5 9 5 5 7 2 1 0
5 5 16 5 5 7 2 1 0
5 5 23 5 5 7 2 1 0
5 10 9 5 5 7 2 1 0
5 10 16 5 5 7 2 1 0
5 10 23 5 5 7 2 1 0
10 5 0 5 5 7 2 1 0
10 5 7 5 5 7 2 1 0
10 5 23 5 5 7 2 1 0
10 10 0 5 5 7 2 1 0
10 10 7 5 5 7 2 1 0
10 10 23 5 5 7 2 1 0
0 0 0 3 5 10 5 1 0
0 0 10 3 5 10 5 1 0
0 0 20 3 5 10 5 1 0
3 0 0 3 5 10 5 1 0
3 0 10 3 5 10 5 1 0
3 0 20 3 5 10 5 1 0
6 0 0 3 5 10 5 1 0
6 0 10 3 5 10 5 1 0
6 0 20 3 5 10 5 1 0
9 0 0 3 5 10 5 1 0
9 0 10 3 5 10 5 1 0
9 0 20 3 5 10 5 1 0
12 0 0 3 5 10 5 1 0
12 0 10 3 5 10 5 1 0
12 0 20 3 5 10 5 1 0
15 0 0 3 5 10 5 1 1
15 0 10 3 5 10 5 1 1
15 0 20 3 5 10 5 1 1
15 5 0 3 5 10 5 1 1
15 5 10 3 5 10 5 1 1
15 5 20 3 5 10 5 1 1
15 10 0 3 5 10 5 1 1
15 10 10 3 5 10 5 1 1
15 10 20 3 5 10 5 1 1
18 0 0 3 5 10 5 1 1
18 0 10 3 5 10 5 1 1
18 0 20 3 5 10 5 1 1
18 5 0 3 5 10 5 1 1
18 5 10 3 5 10 5 1 1
18 5 20 3 5 10 5 1 1
18 10 0 3 5 10 5 1 1
18 10 10 3 5 10 5 1 1
18 10 20 3 5 10 5 1 1
21 0 0 3 5 10 5 1 1
21 0 10 3 5 10 5 1 1
21 0 20 3 5 10 5 1 1
21 5 0 3 5 10 5 1 1
21 5 10 3 5 10 5 1 1
21 5 20 3 5 10 5 1 1
21 10 0 3 5 10 5 1 1
21 10 10 3 5 10 5 1 1
21 10 20 3 5 10 5 1 1
24 0 0 3 5 10 5 1 1
24 0 10 3 5 10 5 1 1
24 0 20 3 5 10 5 1 1
24 5 0 3 5 10 5 1 1
24 5 10 3 5 10 5 1 1
24 5 20 3 5 10 5 1 1
24 10 0 3 5 10 5 1 1
24 10 10 3 5 10 5 1 1
24 10 20 3 5 10 5 1 1
27 0 0 3 5 10 5 1 1
27 0 10 3 5 10 5 1 1
27 0 20 3 5 10 5 1 1
27 5 0 3 5 10 5 1 1
27 5 10 3 5 10 5 1 1
27 5 20 3 5 10 5 1 1
27 10 0 3 5 10 5 1 1
27 10 10 3 5 10 5 1 1
27 10 20 3 5 10 5 1 1
0 20 0 5 9 9 1 1 2
5 20 0 5 9 9 1 1 2
10 20 14 5 9 9 1 1 2
0 20 9 5 5 7 2 1 2
0 20 16 5 5 7 2 1 2
0 20 23 5 5 7 2 1 2
0 25 9 5 5 7 2 1 2
0 25 16 5 5 7 2 1 2
0 25 23 5 5 7 2 1 2
5 20 9 5 5 7 2 1 2
5 20 16 5 5 7 2 1 2
5 20 23 5 5 7 2 1 2
5 25 9 5 5 7 2 1 2
5 25 16 5 5 7 2 1 2
5 25 23 5 5 7 2 1 2
10 20 0 5 5 7 2 1 2
10 20 7 5 5 7 2 1 2
10 20 23 5 5 7 2 1 2
10 25 0 5 5 7 2 1 2
10 25 7 5 5 7 2 1 2
10 25 23 5 5 7 2 1 2
0 15 0 3 5 10 5 1 2
0 15 10 3 5 10 5 1 2
0 15 20 3 5 10 5 1 2
3 15 0 3 5 10 5 1 2
3 15 10 3 5 10 5 1 2
3 15 20 3 5 10 5 1 2
6 15 0 3 5 10 5 1 2
6 15 10 3 5 10 5 1 2
6 15 20 3 5 10 5 1 2
9 15 0 3 5 10 5 1 2
9 15 10 3 5 10 5 1 2
9 15 20 3 5 10 5 1 2
12 15 0 3 5 10 5 1 2
12 15 10 3 5 10 5 1 2
12 15 20 3 5 10 5 1 2
15 15 0 3 5 10 5 1 3
15 15 10 3 5 10 5 1 3
15 15 20 3 5 10 5 1 3
15 20 0 3 5 10 5 1 3
15 20 10 3 5 10 5 1 3
15 20 20 3 5 10 5 1 3
15 25 0 3 5 10 5 1 3
15 25 10 3 5 10 5 1 3
15 25 20 3 5 10 5 1 3
18 15 0 3 5 10 5 1 3
18 15 10 3 5 10 5 1 3
18 15 20 3 5 10 5 1 3
18 20 0 3 5 10 5 1 3
18 20 10 3 5 10 5 1 3
18 20 20 3 5 10 5 1 3
18 25 0 3 5 10 5 1 3
18 25 10 3 5 10 5 1 3
18 25 20 3 5 10 5 1 3
21 15 0 3 5 10 5 1 3
21 15 10 3 5 10 5 1 3
21 15 20 3 5 10 5 1 3
21 20 0 3 5 10 5 1 3
21 20 10 3 5 10 5 1 3
21 20 20 3 5 10 5 1 3
21 25 0 3 5 10 5 1 3
21 25 10 3 5 10 5 1 3
21 25 20 3 5 10 5 1 3
24 15 0 3 5 10 5 1 3
24 15 10 3 5 10 5 1 3
24 15 20 3 5 10 5 1 3
24 20 0 3 5 10 5 1 3
24 20 10 3 5 10 5 1 3
24 20 20 3 5 10 5 1 3
24 25 0 3 5 10 5 1 3
24 25 10 3 5 10 5 1 3
24 25 20 3 5 10 5 1 3
27 15 0 3 5 10 5 1 3
27 15 10 3 5 10 5 1 3
27 15 20 3 5 10 5 1 3
27 20 0 3 5 10 5 1 3
27 20 10 3 5 10 5 1 3
27 20 20 3 5 10 5 1 3
27 25 0 3 5 10 5 1 3
27 25 10 3 5 10 5 1 3
27 25 20 3 5 10 5 1 3
