4
15 15 30
15 15 30
15 15 30
15 15 30
0 0 0 5 4 6 1 1 0
0 0 6 5 4 6 1 1 0
0 0 12 5 4 6 1 1 0
0 0 18 5 4 6 1 1 0
0 0 24 5 4 6 1 1 0
0 4 0 5 4 6 1 1 0
0 4 6 5 4 6 1 1 0
0 4 12 5 4 6 1 1 0
0 4 18 5 4 6 1 1 0
0 4 24 5 4 6 1 1 0
0 11 0 5 4 6 1 1 0
0 11 6 5 4 6 1 1 0
0 11 12 5 4 6 1 1 0
0 11 18 5 4 6 1 1 0
0 11 24 5 4 6 1 1 0
5 0 0 5 4 6 1 1 0
5 0 6 5 4 6 1 1 0
5 0 12 5 4 6 1 1 0
5 0 18 5 4 6 1 1 0
5 0 24 5 4 6 1 1 0
5 4 0 5 4 6 1 1 0
5 4 6 5 4 6 1 1 0
5 4 12 5 4 6 1 1 0
5 4 18 5 4 6 1 1 0
5 4 24 5 4 6 1 1 0
5 11 0 5 4 6 1 1 0
5 11 6 5 4 6 1 1 0
5 11 12 5 4 6 1 1 0
5 11 18 5 4 6 1 1 0
5 11 24 5 4 6 1 1 0
10 0 0 5 4 6 1 1 0
10 0 6 5 4 6 1 1 0
10 0 12 5 4 6 1 1 0
10 0 18 5 4 6 1 1 0
10 0 24 5 4 6 1 1 0
10 4 0 5 4 6 1 1 0
10 4 6 5 4 6 1 1 0
10 4 12 5 4 6 1 1 0
10 4 18 5 4 6 1 1 0
10 4 24 5 4 6 1 1 0
10 11 0 5 4 6 1 1 0
10 11 6 5 4 6 1 1 0
10 11 12 5 4 6 1 1 0
10 11 18 5 4 6 1 1 0
10 11 24 5 4 6 1 1 0
0 8 0 14 3 14 4 1 0
0 8 14 14 3 14 4 1 0
15 0 0 5 4 6 1 1 1
15 0 6 5 4 6 1 1 1
15 0 12 5 4 6 1 1 1
15 0 18 5 4 6 1 1 1
15 0 24 5 4 6 1 1 1
15 4 0 5 4 6 1 1 1
15 4 6 5 4 6 1 1 1
15 4 12 5 4 6 1 1 1
15 4 18 5 4 6 1 1 1
15 4 24 5 4 6 1 1 1
15 11 0 5 4 6 1 1 1
15 11 6 5 4 6 1 1 1
15 11 12 5 4 6 1 1 1
15 11 18 5 4 6 1 1 1
15 11 24 5 4 6 1 1 1
20 0 0 5 4 6 1 1 1
20 0 6 5 4 6 1 1 1
20 0 12 5 4 6 1 1 1
20 0 18 5 4 6 1 1 1
20 0 24 5 4 6 1 1 1
20 4 0 5 4 6 1 1 1
20 4 6 5 4 6 1 1 1
20 4 12 5 4 6 1 1 1
20 4 18 5 4 6 1 1 1
20 4 24 5 4 6 1 1 1
20 11 0 5 4 6 1 1 1
20 11 6 5 4 6 1 1 1
20 11 12 5 4 6 1 1 1
20 11 18 5 4 6 1 1 1
20 11 24 5 4 6 1 1 1
25 0 0 5 4 6 1 1 1
25 0 6 5 4 6 1 1 1
25 0 12 5 4 6 1 1 1
25 0 18 5 4 6 1 1 1
25 0 24 5 4 6 1 1 1
25 4 0 5 4 6 1 1 1
25 4 6 5 4 6 1 1 1
25 4 12 5 4 6 1 1 1
25 4 18 5 4 6 1 1 1
25 4 24 5 4 6 1 1 1
25 11 0 5 4 6 1 1 1
25 11 6 5 4 6 1 1 1
25 11 12 5 4 6 1 1 1
25 11 18 5 4 6 1 1 1
25 11 24 5 4 6 1 1 1
15 8 0 14 3 14 4 1 1
15 8 14 14 3 14 4 1 1
0 15 0 5 4 6 1 1 2
0 15 6 5 4 6 1 1 2
0 15 12 5 4 6 1 1 2
0 15 18 5 4 6 1 1 2
0 15 24 5 4 6 1 1 2
0 22 0 5 4 6 1 1 2
0 22 6 5 4 6 1 1 2
0 22 12 5 4 6 1 1 2
0 22 18 5 4 6 1 1 2
0 22 24 5 4 6 1 1 2
0 26 0 5 4 6 1 1 2
0 26 6 5 4 6 1 1 2
0 26 12 5 4 6 1 1 2
0 26 18 5 4 6 1 1 2
0 26 24 5 4 6 1 1 2
5 15 0 5 4 6 1 1 2
5 15 6 5 4 6 1 1 2
5 15 12 5 4 6 1 1 2
5 15 18 5 4 6 1 1 2
5 15 24 5 4 6 1 1 2
5 22 0 5 4 6 1 1 2
5 22 6 5 4 6 1 1 2
5 22 12 5 4 6 1 1 2
5 22 18 5 4 6 1 1 2
5 22 24 5 4 6 1 1 2
5 26 0 5 4 6 1 1 2
5 26 6 5 4 6 1 1 2
5 26 12 5 4 6 1 1 2
5 26 18 5 4 6 1 1 2
5 26 24 5 4 6 1 1 2
10 15 0 5 4 6 1 1 2
10 15 6 5 4 6 1 1 2
10 15 12 5 4 6 1 1 2
10 15 18 5 4 6 1 1 2
10 15 24 5 4 6 1 1 2
10 22 0 5 4 6 1 1 2
10 22 6 5 4 6 1 1 2
10 22 12 5 4 6 1 1 2
10 22 18 5 4 6 1 1 2
10 22 24 5 4 6 1 1 2
10 26 0 5 4 6 1 1 2
10 26 6 5 4 6 1 1 2
10 26 12 5 4 6 1 1 2
10 26 18 5 4 6 1 1 2
10 26 24 5 4 6 1 1 2
0 19 0 14 3 14 4 1 2
0 19 14 14 3 14 4 1 2
15 15 0 14 3 14 4 1 3
15 15 14 14 3 14 4 1 3
15 18 0 14 3 14 4 1 3
15 18 14 14 3 14 4 1 3
15 21 0 14 3 14 4 1 3
15 21 14 14 3 14 4 1 3
15 24 0 14 3 14 4 1 3
15 24 14 14 3 14 4 1 3
15 27 0 14 3 14 4 1 3
15 27 14 14 3 14 4 1 3
