16 20 8
0 16 0 2 1 1 0
0 16 7 2 1 1 0
0 17 0 2 1 1 0
0 17 7 2 1 1 0
0 18 0 2 1 1 0
0 18 7 2 1 1 0
0 19 0 2 1 1 0
0 19 7 2 1 1 0
2 16 0 2 1 1 0
2 16 7 2 1 1 0
2 17 0 2 1 1 0
2 17 7 2 1 1 0
2 18 0 2 1 1 0
2 18 7 2 1 1 0
2 19 0 2 1 1 0
2 19 7 2 1 1 0
4 16 0 2 1 1 0
4 16 7 2 1 1 0
4 17 0 2 1 1 0
4 17 7 2 1 1 0
4 18 0 2 1 1 0
4 18 7 2 1 1 0
4 19 0 2 1 1 0
4 19 7 2 1 1 0
6 16 0 2 1 1 0
6 16 7 2 1 1 0
6 17 0 2 1 1 0
6 17 7 2 1 1 0
6 18 0 2 1 1 0
6 18 7 2 1 1 0
6 19 0 2 1 1 0
6 19 7 2 1 1 0
8 8 0 2 1 1 0
8 8 7 2 1 1 0
8 9 0 2 1 1 0
8 9 7 2 1 1 0
8 10 0 2 1 1 0
8 10 7 2 1 1 0
8 11 0 2 1 1 0
8 11 7 2 1 1 0
8 12 2 2 1 1 0
8 12 3 2 1 1 0
8 12 4 2 1 1 0
8 12 5 2 1 1 0
8 16 0 2 1 1 0
8 16 1 2 1 1 0
8 16 6 2 1 1 0
8 16 7 2 1 1 0
8 17 0 2 1 1 0
8 17 1 2 1 1 0
8 17 2 2 1 1 0
8 17 3 2 1 1 0
8 17 4 2 1 1 0
8 17 5 2 1 1 0
8 17 6 2 1 1 0
8 17 7 2 1 1 0
8 18 0 2 1 1 0
8 18 4 2 1 1 0
8 19 0 2 1 1 0
8 19 4 2 1 1 0
10 8 0 2 1 1 0
10 8 7 2 1 1 0
10 9 0 2 1 1 0
10 9 7 2 1 1 0
10 10 0 2 1 1 0
10 10 7 2 1 1 0
10 11 0 2 1 1 0
10 11 7 2 1 1 0
10 12 2 2 1 1 0
10 12 3 2 1 1 0
10 12 4 2 1 1 0
10 12 5 2 1 1 0
10 16 0 2 1 1 0
10 16 1 2 1 1 0
10 16 6 2 1 1 0
10 16 7 2 1 1 0
10 17 0 2 1 1 0
10 17 1 2 1 1 0
10 17 2 2 1 1 0
10 17 3 2 1 1 0
10 17 4 2 1 1 0
10 17 5 2 1 1 0
10 17 6 2 1 1 0
10 17 7 2 1 1 0
10 18 0 2 1 1 0
10 18 4 2 1 1 0
10 19 0 2 1 1 0
10 19 4 2 1 1 0
12 8 0 2 1 1 0
12 8 7 2 1 1 0
12 9 0 2 1 1 0
12 9 7 2 1 1 0
12 10 0 2 1 1 0
12 10 7 2 1 1 0
12 11 0 2 1 1 0
12 11 7 2 1 1 0
12 12 2 2 1 1 0
12 12 3 2 1 1 0
12 12 4 2 1 1 0
12 12 5 2 1 1 0
12 16 0 2 1 1 0
12 16 1 2 1 1 0
12 16 6 2 1 1 0
12 16 7 2 1 1 0
12 17 0 2 1 1 0
12 17 1 2 1 1 0
12 17 2 2 1 1 0
12 17 3 2 1 1 0
12 17 4 2 1 1 0
12 17 5 2 1 1 0
12 17 6 2 1 1 0
12 17 7 2 1 1 0
12 18 0 2 1 1 0
12 18 4 2 1 1 0
12 19 0 2 1 1 0
12 19 4 2 1 1 0
14 8 0 2 1 1 0
14 8 7 2 1 1 0
14 9 0 2 1 1 0
14 9 7 2 1 1 0
14 10 0 2 1 1 0
14 10 7 2 1 1 0
14 11 0 2 1 1 0
14 11 7 2 1 1 0
14 12 2 2 1 1 0
14 12 3 2 1 1 0
14 12 4 2 1 1 0
14 12 5 2 1 1 0
14 16 0 2 1 1 0
14 16 1 2 1 1 0
14 16 6 2 1 1 0
14 16 7 2 1 1 0
14 17 0 2 1 1 0
14 17 1 2 1 1 0
14 17 2 2 1 1 0
14 17 3 2 1 1 0
14 17 4 2 1 1 0
14 17 5 2 1 1 0
14 17 6 2 1 1 0
14 17 7 2 1 1 0
14 18 0 2 1 1 0
14 18 1 2 1 1 0
14 18 2 2 1 1 0
14 18 3 2 1 1 0
14 18 4 2 1 1 0
14 18 5 2 1 1 0
14 18 6 2 1 1 0
14 18 7 2 1 1 0
14 19 0 2 1 1 0
14 19 1 2 1 1 0
14 19 2 2 1 1 0
14 19 3 2 1 1 0
14 19 4 2 1 1 0
14 19 5 2 1 1 0
14 19 6 2 1 1 0
14 19 7 2 1 1 0
0 0 0 8 4 2 0
0 0 2 8 4 2 0
0 0 4 8 4 2 0
0 0 6 8 4 2 0
0 4 0 8 4 2 0
0 4 2 8 4 2 0
0 4 4 8 4 2 0
0 4 6 8 4 2 0
0 8 0 8 4 2 0
0 8 2 8 4 2 0
0 8 4 8 4 2 0
0 8 6 8 4 2 0
0 12 0 8 4 2 0
0 12 2 8 4 2 0
0 12 4 8 4 2 0
0 12 6 8 4 2 0
0 16 1 8 4 2 0
0 16 3 8 4 2 0
0 16 5 8 4 2 0
8 0 0 8 4 2 0
8 0 2 8 4 2 0
8 0 4 8 4 2 0
8 0 6 8 4 2 0
8 4 0 8 4 2 0
8 4 2 8 4 2 0
8 4 4 8 4 2 0
8 4 6 8 4 2 0
8 8 1 8 4 2 0
8 8 3 8 4 2 0
8 8 5 8 4 2 0
8 12 0 8 4 2 0
8 12 6 8 4 2 0
8 13 2 8 4 2 0
8 13 4 8 4 2 0
8 18 1 3 1 3 0
8 18 5 3 1 3 0
8 19 1 3 1 3 0
8 19 5 3 1 3 0
11 18 1 3 1 3 0
11 18 5 3 1 3 0
11 19 1 3 1 3 0
11 19 5 3 1 3 0
8 0 0 0.05 20 8 1
0 12 0 20 0.05 8 1
10 12 0 20 0.05 8 1
