16 20 8
0 0 0 8 2 2 0
0 0 2 8 2 2 0
0 0 4 8 2 2 0
0 0 6 8 2 2 0
0 2 0 8 2 2 0
0 2 2 8 2 2 0
0 2 4 8 2 2 0
0 2 6 8 2 2 0
0 4 0 8 2 2 0
0 4 2 8 2 2 0
0 4 4 8 2 2 0
0 4 6 8 2 2 0
0 6 0 8 2 2 0
0 6 2 8 2 2 0
0 6 4 8 2 2 0
0 6 6 8 2 2 0
0 8 0 8 2 2 0
0 8 2 8 2 2 0
0 8 4 8 2 2 0
0 8 6 8 2 2 0
0 10 0 8 2 2 0
0 10 2 8 2 2 0
0 10 4 8 2 2 0
0 10 6 8 2 2 0
0 12 0 8 2 2 0
0 12 2 8 2 2 0
0 12 4 8 2 2 0
0 12 6 8 2 2 0
0 14 0 8 2 2 0
0 14 2 8 2 2 0
0 14 4 8 2 2 0
0 14 6 8 2 2 0
0 16 0 8 2 2 0
0 16 2 8 2 2 0
0 16 4 8 2 2 0
0 16 6 8 2 2 0
0 18 0 8 2 2 0
0 18 2 8 2 2 0
0 18 4 8 2 2 0
0 18 6 8 2 2 0
8 0 0 8 2 2 0
8 0 2 8 2 2 0
8 0 4 8 2 2 0
8 0 6 8 2 2 0
8 2 0 8 2 2 0
8 2 2 8 2 2 0
8 2 4 8 2 2 0
8 2 6 8 2 2 0
8 4 0 8 2 2 0
8 4 2 8 2 2 0
8 4 4 8 2 2 0
8 4 6 8 2 2 0
8 6 0 8 2 2 0
8 6 2 8 2 2 0
8 6 4 8 2 2 0
8 6 6 8 2 2 0
8 8 0 8 2 2 0
8 8 2 8 2 2 0
8 8 4 8 2 2 0
8 8 6 8 2 2 0
8 10 0 8 2 2 0
8 10 2 2 1 1 0
8 10 3 2 1 1 0
8 10 4 2 1 1 0
8 10 5 2 1 1 0
8 10 6 2 1 1 0
8 10 7 2 1 1 0
8 11 2 2 1 1 0
8 11 3 2 1 1 0
8 11 4 2 1 1 0
8 11 5 2 1 1 0
8 11 6 2 1 1 0
8 11 7 2 1 1 0
8 12 0 2 1 1 0
8 12 1 2 1 1 0
8 12 2 2 1 1 0
8 12 3 2 1 1 0
8 12 4 2 1 1 0
8 12 5 2 1 1 0
8 12 6 2 1 1 0
8 12 7 2 1 1 0
8 13 0 2 1 1 0
8 13 1 2 1 1 0
8 13 2 2 1 1 0
8 13 3 2 1 1 0
8 13 4 2 1 1 0
8 13 5 2 1 1 0
8 13 6 2 1 1 0
8 13 7 2 1 1 0
8 14 0 2 1 1 0
8 14 1 2 1 1 0
8 14 2 2 1 1 0
8 14 3 2 1 1 0
8 14 4 2 1 1 0
8 14 5 2 1 1 0
8 14 6 2 1 1 0
8 14 7 2 1 1 0
8 15 0 2 1 1 0
8 15 1 2 1 1 0
8 15 2 2 1 1 0
8 15 3 2 1 1 0
8 15 4 2 1 1 0
8 15 5 2 1 1 0
8 15 6 2 1 1 0
8 15 7 2 1 1 0
8 16 0 2 1 1 0
8 16 1 2 1 1 0
8 16 2 2 1 1 0
8 16 3 2 1 1 0
8 16 4 2 1 1 0
8 16 5 2 1 1 0
8 16 6 2 1 1 0
8 16 7 2 1 1 0
8 17 0 2 1 1 0
8 17 1 2 1 1 0
8 17 2 2 1 1 0
8 17 3 2 1 1 0
8 17 4 2 1 1 0
8 17 5 2 1 1 0
8 17 6 2 1 1 0
8 17 7 2 1 1 0
8 18 0 2 1 1 0
8 18 1 2 1 1 0
8 18 2 2 1 1 0
8 18 3 2 1 1 0
8 18 4 2 1 1 0
8 18 5 2 1 1 0
8 18 6 2 1 1 0
8 18 7 2 1 1 0
8 19 0 2 1 1 0
8 0 0 0.05 20 8 1
0 12 0 20 0.05 8 1
10 12 0 20 0.05 8 1
