10 10 10
4 1 0 3 2 2 0
4 1 2 3 2 2 0
4 1 4 3 2 2 0
4 1 6 3 2 2 0
4 1 8 3 2 2 0
4 3 0 3 2 2 0
4 3 2 3 2 2 0
4 3 4 3 2 2 0
4 3 6 3 2 2 0
4 3 8 3 2 2 0
4 5 4 3 2 2 0
4 5 6 3 2 2 0
4 5 8 3 2 2 0
4 6 0 3 2 2 0
4 6 2 3 2 2 0
4 7 4 3 2 2 0
4 7 6 3 2 2 0
4 8 0 3 2 2 0
4 8 2 3 2 2 0
7 1 0 3 2 2 0
7 1 2 3 2 2 0
7 1 4 3 2 2 0
7 1 6 3 2 2 0
7 1 8 3 2 2 0
7 3 0 3 2 2 0
7 3 2 3 2 2 0
7 3 4 3 2 2 0
7 3 6 3 2 2 0
7 3 8 3 2 2 0
7 5 4 3 2 2 0
7 5 6 3 2 2 0
7 5 8 3 2 2 0
7 6 0 3 2 2 0
7 6 2 3 2 2 0
7 7 4 3 2 2 0
7 7 6 3 2 2 0
7 8 0 3 2 2 0
7 8 2 3 2 2 0
0 0 0 4 1 4 0
0 0 6 4 1 4 0
0 1 6 4 1 4 0
0 2 6 4 1 4 0
0 3 6 4 1 4 0
0 4 2 4 1 4 0
0 4 6 4 1 4 0
0 5 0 4 1 4 0
0 5 6 4 1 4 0
0 6 6 4 1 4 0
0 7 6 4 1 4 0
0 8 6 4 1 4 0
0 9 2 4 1 4 0
0 9 6 4 1 4 0
4 0 1 4 1 4 0
4 0 5 4 1 4 0
6 5 0 4 1 4 0
6 9 4 4 1 4 0
0 1 2 4 3 1 0
0 1 3 4 3 1 0
0 6 2 4 3 1 0
0 6 3 4 3 1 0
4 7 8 4 3 1 0
4 7 9 4 3 1 0
0 0 4 4 4 2 0
0 1 0 4 4 2 0
0 5 4 4 4 2 0
0 6 0 4 4 2 0
4 0 0 0.1 10 10 1
0 5 0 10 0.1 10 1
5 5 0 10 0.1 10 1
