10 10 10
0 0 0 4 1 3 0
0 0 3 4 1 3 0
0 0 7 4 1 3 0
0 5 0 4 1 3 0
0 5 3 4 1 3 0
0 5 7 4 1 3 0
5 0 7 4 1 3 0
5 7 0 4 1 3 0
5 9 4 4 1 3 0
5 9 7 4 1 3 0
6 4 0 4 1 3 0
6 4 3 4 1 3 0
0 1 2 4 4 2 0
0 1 6 4 4 2 0
0 6 0 4 4 2 0
0 6 2 4 4 2 0
0 6 6 4 4 2 0
0 6 8 4 4 2 0
5 0 0 4 4 2 0
6 0 2 4 4 2 0
6 0 4 4 4 2 0
6 5 6 4 4 2 0
0 1 0 4 4 2 0
0 1 4 4 4 2 0
0 1 8 4 4 2 0
0 6 4 4 4 2 0
5 1 6 4 4 2 0
6 1 8 4 4 2 0
6 5 8 4 4 2 0
5 5 3 4 2 3 0
5 7 3 4 2 3 0
6 5 0 4 2 3 0
6 8 0 4 2 3 0
5 0 0 0.1 10 10 1
0 5 0 10 0.1 10 1
5 5 0 10 0.1 10 1
