16 20 8
0 3 0 6 3 2 0
0 3 2 6 3 2 0
0 6 6 6 3 2 0
0 9 2 6 3 2 0
0 12 6 6 3 2 0
1 0 2 6 3 2 0
1 0 4 6 3 2 0
1 6 0 6 3 2 0
1 6 4 6 3 2 0
1 9 4 6 3 2 0
1 12 0 6 3 2 0
1 17 6 6 3 2 0
2 0 0 6 3 2 0
2 0 6 6 3 2 0
2 3 4 6 3 2 0
2 3 6 6 3 2 0
2 6 2 6 3 2 0
2 9 0 6 3 2 0
2 9 6 6 3 2 0
2 12 2 6 3 2 0
2 12 4 6 3 2 0
2 17 0 6 3 2 0
2 17 2 6 3 2 0
2 17 4 6 3 2 0
8 0 2 6 3 2 0
8 0 6 6 3 2 0
8 6 4 6 3 2 0
8 9 0 6 3 2 0
8 9 4 6 3 2 0
8 9 6 6 3 2 0
8 12 2 6 3 2 0
8 17 2 6 3 2 0
8 17 4 6 3 2 0
9 3 0 6 3 2 0
9 3 2 6 3 2 0
9 3 6 6 3 2 0
9 6 0 6 3 2 0
9 12 0 6 3 2 0
9 12 4 6 3 2 0
9 12 6 6 3 2 0
9 17 0 6 3 2 0
10 0 0 6 3 2 0
10 0 4 6 3 2 0
10 3 4 6 3 2 0
10 6 2 6 3 2 0
10 6 6 6 3 2 0
10 9 2 6 3 2 0
10 17 6 6 3 2 0
8 0 0 0.05 20 8 1
0 12 0 20 0.05 8 1
10 12 0 20 0.05 8 1
