16 20 8
0 0 0 4 1 1 0
0 0 1 4 1 1 0
0 0 2 4 1 1 0
0 0 3 4 1 1 0
0 0 7 4 1 1 0
0 1 0 4 1 1 0
0 1 1 4 1 1 0
0 1 2 4 1 1 0
0 1 3 4 1 1 0
0 1 7 4 1 1 0
0 2 0 4 1 1 0
0 2 1 4 1 1 0
0 2 2 4 1 1 0
0 2 3 4 1 1 0
0 2 4 4 1 1 0
0 2 5 4 1 1 0
0 2 6 4 1 1 0
0 2 7 4 1 1 0
0 3 0 4 1 1 0
0 3 1 4 1 1 0
0 3 2 4 1 1 0
0 3 3 4 1 1 0
0 4 0 4 1 1 0
0 4 4 4 1 1 0
0 5 4 4 1 1 0
0 5 5 4 1 1 0
0 5 6 4 1 1 0
0 7 0 4 1 1 0
0 7 7 4 1 1 0
0 10 0 4 1 1 0
0 10 1 4 1 1 0
0 11 1 4 1 1 0
0 12 3 4 1 1 0
0 12 5 4 1 1 0
0 12 7 4 1 1 0
0 13 3 4 1 1 0
0 13 7 4 1 1 0
0 14 3 4 1 1 0
0 15 3 4 1 1 0
0 15 5 4 1 1 0
0 15 6 4 1 1 0
0 15 7 4 1 1 0
0 16 0 4 1 1 0
0 16 1 4 1 1 0
0 16 3 4 1 1 0
0 16 7 4 1 1 0
0 17 0 4 1 1 0
0 17 1 4 1 1 0
0 17 3 4 1 1 0
0 17 7 4 1 1 0
0 18 0 4 1 1 0
0 18 3 4 1 1 0
0 18 4 4 1 1 0
0 19 1 4 1 1 0
0 19 2 4 1 1 0
0 19 3 4 1 1 0
0 19 4 4 1 1 0
4 1 0 4 1 1 0
4 1 2 4 1 1 0
4 1 3 4 1 1 0
4 2 1 4 1 1 0
4 2 3 4 1 1 0
4 2 4 4 1 1 0
4 2 7 4 1 1 0
4 3 0 4 1 1 0
4 3 2 4 1 1 0
4 3 3 4 1 1 0
4 3 4 4 1 1 0
4 5 4 4 1 1 0
4 5 5 4 1 1 0
4 5 6 4 1 1 0
4 6 0 4 1 1 0
4 7 0 4 1 1 0
4 7 7 4 1 1 0
4 8 0 4 1 1 0
4 8 4 4 1 1 0
4 9 0 4 1 1 0
4 9 4 4 1 1 0
4 10 0 4 1 1 0
4 12 5 4 1 1 0
4 12 6 4 1 1 0
4 12 7 4 1 1 0
4 13 3 4 1 1 0
4 13 7 4 1 1 0
4 14 3 4 1 1 0
4 15 5 4 1 1 0
4 16 3 4 1 1 0
4 16 7 4 1 1 0
4 17 0 4 1 1 0
4 17 2 4 1 1 0
4 18 0 4 1 1 0
4 18 2 4 1 1 0
4 18 3 4 1 1 0
4 19 0 4 1 1 0
4 19 4 4 1 1 0
8 0 0 4 1 1 0
8 0 1 4 1 1 0
8 0 3 4 1 1 0
8 0 4 4 1 1 0
8 0 5 4 1 1 0
8 0 7 4 1 1 0
8 2 3 4 1 1 0
8 2 7 4 1 1 0
8 3 0 4 1 1 0
8 3 1 4 1 1 0
8 3 3 4 1 1 0
8 3 4 4 1 1 0
8 3 7 4 1 1 0
8 4 0 4 1 1 0
8 5 0 4 1 1 0
8 5 7 4 1 1 0
8 6 0 4 1 1 0
8 6 3 4 1 1 0
8 6 4 4 1 1 0
8 7 1 4 1 1 0
8 8 0 4 1 1 0
8 8 1 4 1 1 0
8 9 1 4 1 1 0
8 9 2 4 1 1 0
8 9 3 4 1 1 0
8 10 0 4 1 1 0
8 10 4 4 1 1 0
8 12 0 4 1 1 0
8 12 1 4 1 1 0
8 12 2 4 1 1 0
8 12 3 4 1 1 0
8 12 4 4 1 1 0
8 12 6 4 1 1 0
8 13 6 4 1 1 0
8 14 6 4 1 1 0
8 14 7 4 1 1 0
8 15 0 4 1 1 0
8 15 7 4 1 1 0
8 16 7 4 1 1 0
8 17 0 4 1 1 0
8 17 3 4 1 1 0
8 17 5 4 1 1 0
8 17 6 4 1 1 0
8 18 7 4 1 1 0
8 19 3 4 1 1 0
8 19 7 4 1 1 0
12 0 0 4 1 1 0
12 0 1 4 1 1 0
12 0 3 4 1 1 0
12 0 6 4 1 1 0
12 0 7 4 1 1 0
12 1 7 4 1 1 0
12 2 7 4 1 1 0
12 3 0 4 1 1 0
12 3 1 4 1 1 0
12 3 3 4 1 1 0
12 3 4 4 1 1 0
12 3 6 4 1 1 0
12 4 0 4 1 1 0
12 4 7 4 1 1 0
12 7 0 4 1 1 0
12 8 0 4 1 1 0
12 8 1 4 1 1 0
12 9 0 4 1 1 0
12 9 1 4 1 1 0
12 9 2 4 1 1 0
12 9 4 4 1 1 0
12 10 4 4 1 1 0
12 11 0 4 1 1 0
12 11 4 4 1 1 0
12 12 0 4 1 1 0
12 12 2 4 1 1 0
12 12 3 4 1 1 0
12 12 4 4 1 1 0
12 12 7 4 1 1 0
12 13 6 4 1 1 0
12 13 7 4 1 1 0
12 16 0 4 1 1 0
12 16 7 4 1 1 0
12 17 0 4 1 1 0
12 17 1 4 1 1 0
12 17 2 4 1 1 0
12 17 4 4 1 1 0
12 18 7 4 1 1 0
12 19 3 4 1 1 0
12 19 7 4 1 1 0
0 10 5 6 2 3 0
0 12 0 6 2 3 0
0 14 0 6 2 3 0
0 18 5 6 2 3 0
1 4 1 6 2 3 0
1 6 4 6 2 3 0
1 8 1 6 2 3 0
1 8 5 6 2 3 0
1 10 2 6 2 3 0
1 13 4 6 2 3 0
1 16 4 6 2 3 0
2 0 4 6 2 3 0
2 3 5 6 2 3 0
2 6 1 6 2 3 0
8 1 4 6 2 3 0
8 4 1 6 2 3 0
8 7 2 6 2 3 0
8 10 1 6 2 3 0
8 13 0 6 2 3 0
8 13 3 6 2 3 0
8 15 1 6 2 3 0
8 15 4 6 2 3 0
9 4 4 6 2 3 0
9 6 5 6 2 3 0
9 8 5 6 2 3 0
9 18 4 6 2 3 0
10 1 0 6 2 3 0
10 10 5 6 2 3 0
10 18 0 6 2 3 0
8 0 0 0.05 20 8 1
0 12 0 20 0.05 8 1
10 12 0 20 0.05 8 1
