16 20 8
0 0 0 6 3 2 0
0 0 2 6 3 2 0
0 0 4 6 3 2 0
0 0 6 6 3 2 0
0 3 0 6 3 2 0
0 3 2 6 3 2 0
0 3 4 6 3 2 0
0 3 6 6 3 2 0
0 6 0 6 3 2 0
0 6 2 6 3 2 0
0 6 4 6 3 2 0
0 6 6 6 3 2 0
0 9 0 6 3 2 0
0 9 2 6 3 2 0
0 9 4 6 3 2 0
0 9 6 6 3 2 0
0 12 0 6 3 2 0
0 12 2 6 3 2 0
0 12 4 6 3 2 0
0 12 6 6 3 2 0
0 15 0 6 3 2 0
0 15 2 6 3 2 0
0 15 4 6 3 2 0
0 15 6 6 3 2 0
8 0 0 6 3 2 0
8 0 2 6 3 2 0
8 0 4 6 3 2 0
8 0 6 6 3 2 0
8 3 0 6 3 2 0
8 3 2 6 3 2 0
8 3 4 6 3 2 0
8 3 6 6 3 2 0
8 6 0 6 3 2 0
8 6 2 6 3 2 0
8 6 4 6 3 2 0
8 6 6 6 3 2 0
8 9 0 6 3 2 0
8 9 2 6 3 2 0
8 9 4 6 3 2 0
8 9 6 6 3 2 0
8 12 0 6 3 2 0
8 12 2 6 3 2 0
8 12 4 6 3 2 0
8 12 6 6 3 2 0
8 15 0 6 3 2 0
8 15 2 6 3 2 0
8 15 4 6 3 2 0
8 15 6 6 3 2 0
0 18 0 2 1 1 0
0 18 1 2 1 1 0
0 18 2 2 1 1 0
0 18 3 2 1 1 0
0 18 4 2 1 1 0
0 18 5 2 1 1 0
0 18 6 2 1 1 0
0 18 7 2 1 1 0
0 19 0 2 1 1 0
0 19 1 2 1 1 0
0 19 2 2 1 1 0
0 19 3 2 1 1 0
0 19 4 2 1 1 0
0 19 5 2 1 1 0
0 19 6 2 1 1 0
0 19 7 2 1 1 0
2 18 0 2 1 1 0
2 18 1 2 1 1 0
2 18 2 2 1 1 0
2 18 3 2 1 1 0
2 18 4 2 1 1 0
2 18 5 2 1 1 0
2 18 6 2 1 1 0
2 18 7 2 1 1 0
2 19 0 2 1 1 0
2 19 1 2 1 1 0
2 19 2 2 1 1 0
2 19 3 2 1 1 0
2 19 4 2 1 1 0
2 19 5 2 1 1 0
2 19 6 2 1 1 0
2 19 7 2 1 1 0
4 18 0 2 1 1 0
4 18 1 2 1 1 0
4 18 2 2 1 1 0
4 18 3 2 1 1 0
4 18 4 2 1 1 0
4 18 5 2 1 1 0
4 18 6 2 1 1 0
4 18 7 2 1 1 0
4 19 0 2 1 1 0
4 19 1 2 1 1 0
4 19 2 2 1 1 0
4 19 3 2 1 1 0
4 19 4 2 1 1 0
4 19 5 2 1 1 0
4 19 6 2 1 1 0
4 19 7 2 1 1 0
6 0 0 2 1 1 0
6 0 1 2 1 1 0
6 0 2 2 1 1 0
6 0 3 2 1 1 0
6 0 4 2 1 1 0
6 0 5 2 1 1 0
6 0 6 2 1 1 0
6 0 7 2 1 1 0
6 1 0 2 1 1 0
6 1 1 2 1 1 0
6 1 2 2 1 1 0
6 1 3 2 1 1 0
6 1 4 2 1 1 0
6 1 5 2 1 1 0
6 1 6 2 1 1 0
6 1 7 2 1 1 0
6 2 0 2 1 1 0
6 2 1 2 1 1 0
6 2 2 2 1 1 0
6 2 3 2 1 1 0
6 2 4 2 1 1 0
6 2 5 2 1 1 0
6 2 6 2 1 1 0
6 2 7 2 1 1 0
6 3 0 2 1 1 0
6 3 1 2 1 1 0
6 3 2 2 1 1 0
6 3 3 2 1 1 0
6 3 4 2 1 1 0
6 3 5 2 1 1 0
6 3 6 2 1 1 0
6 3 7 2 1 1 0
6 4 0 2 1 1 0
6 4 1 2 1 1 0
6 4 2 2 1 1 0
6 4 3 2 1 1 0
6 4 4 2 1 1 0
6 4 5 2 1 1 0
6 4 6 2 1 1 0
6 4 7 2 1 1 0
6 5 0 2 1 1 0
6 5 1 2 1 1 0
6 5 2 2 1 1 0
6 5 3 2 1 1 0
6 5 4 2 1 1 0
6 5 5 2 1 1 0
6 5 6 2 1 1 0
6 5 7 2 1 1 0
6 6 0 2 1 1 0
6 6 1 2 1 1 0
6 6 2 2 1 1 0
6 6 3 2 1 1 0
6 6 4 2 1 1 0
6 6 5 2 1 1 0
6 6 6 2 1 1 0
6 6 7 2 1 1 0
6 7 0 2 1 1 0
6 7 1 2 1 1 0
6 7 2 2 1 1 0
6 7 3 2 1 1 0
6 7 4 2 1 1 0
6 7 5 2 1 1 0
6 7 6 2 1 1 0
6 7 7 2 1 1 0
6 8 0 2 1 1 0
6 8 1 2 1 1 0
6 8 2 2 1 1 0
6 8 3 2 1 1 0
6 8 4 2 1 1 0
6 8 5 2 1 1 0
6 8 6 2 1 1 0
6 8 7 2 1 1 0
6 9 0 2 1 1 0
6 9 1 2 1 1 0
6 9 2 2 1 1 0
6 9 3 2 1 1 0
6 9 4 2 1 1 0
6 9 5 2 1 1 0
6 9 6 2 1 1 0
6 9 7 2 1 1 0
6 10 0 2 1 1 0
6 10 1 2 1 1 0
6 10 2 2 1 1 0
6 10 3 2 1 1 0
6 10 4 2 1 1 0
6 10 5 2 1 1 0
6 10 6 2 1 1 0
6 10 7 2 1 1 0
6 11 0 2 1 1 0
6 11 1 2 1 1 0
6 11 2 2 1 1 0
6 11 3 2 1 1 0
6 11 4 2 1 1 0
6 11 5 2 1 1 0
6 11 6 2 1 1 0
6 11 7 2 1 1 0
6 12 0 2 1 1 0
6 12 1 2 1 1 0
6 12 2 2 1 1 0
6 12 3 2 1 1 0
6 12 4 2 1 1 0
6 12 5 2 1 1 0
6 12 6 2 1 1 0
6 12 7 2 1 1 0
6 13 0 2 1 1 0
6 13 1 2 1 1 0
6 13 2 2 1 1 0
6 13 3 2 1 1 0
6 13 4 2 1 1 0
6 13 5 2 1 1 0
6 13 6 2 1 1 0
6 13 7 2 1 1 0
6 14 0 2 1 1 0
6 14 1 2 1 1 0
6 14 2 2 1 1 0
6 14 3 2 1 1 0
6 14 4 2 1 1 0
6 14 5 2 1 1 0
6 14 6 2 1 1 0
6 14 7 2 1 1 0
6 15 0 2 1 1 0
6 15 1 2 1 1 0
6 15 2 2 1 1 0
6 15 3 2 1 1 0
6 15 4 2 1 1 0
6 15 5 2 1 1 0
6 15 6 2 1 1 0
6 15 7 2 1 1 0
6 16 0 2 1 1 0
6 16 1 2 1 1 0
6 16 2 2 1 1 0
6 16 3 2 1 1 0
6 16 4 2 1 1 0
6 16 5 2 1 1 0
6 16 6 2 1 1 0
6 16 7 2 1 1 0
6 17 0 2 1 1 0
6 17 1 2 1 1 0
6 17 2 2 1 1 0
6 17 3 2 1 1 0
6 17 4 2 1 1 0
6 17 5 2 1 1 0
6 17 6 2 1 1 0
6 17 7 2 1 1 0
6 18 0 2 1 1 0
6 18 1 2 1 1 0
6 18 2 2 1 1 0
6 18 3 2 1 1 0
6 18 4 2 1 1 0
6 18 5 2 1 1 0
6 18 6 2 1 1 0
6 18 7 2 1 1 0
6 19 0 2 1 1 0
6 19 1 2 1 1 0
6 19 2 2 1 1 0
6 19 3 2 1 1 0
6 19 4 2 1 1 0
6 19 5 2 1 1 0
6 19 6 2 1 1 0
6 19 7 2 1 1 0
8 18 0 2 1 1 0
8 18 1 2 1 1 0
8 18 2 2 1 1 0
8 18 3 2 1 1 0
8 18 4 2 1 1 0
8 18 5 2 1 1 0
8 18 6 2 1 1 0
8 18 7 2 1 1 0
8 19 0 2 1 1 0
8 19 1 2 1 1 0
8 19 2 2 1 1 0
8 19 3 2 1 1 0
8 19 4 2 1 1 0
8 19 5 2 1 1 0
8 19 6 2 1 1 0
8 19 7 2 1 1 0
10 18 0 2 1 1 0
10 18 1 2 1 1 0
10 18 2 2 1 1 0
10 18 3 2 1 1 0
10 18 4 2 1 1 0
10 18 5 2 1 1 0
10 18 6 2 1 1 0
10 18 7 2 1 1 0
10 19 0 2 1 1 0
10 19 1 2 1 1 0
10 19 2 2 1 1 0
10 19 3 2 1 1 0
10 19 4 2 1 1 0
10 19 5 2 1 1 0
10 19 6 2 1 1 0
10 19 7 2 1 1 0
12 18 0 2 1 1 0
12 18 1 2 1 1 0
12 18 2 2 1 1 0
12 18 3 2 1 1 0
12 18 4 2 1 1 0
12 18 5 2 1 1 0
12 18 6 2 1 1 0
12 18 7 2 1 1 0
12 19 0 2 1 1 0
12 19 1 2 1 1 0
12 19 2 2 1 1 0
12 19 3 2 1 1 0
12 19 4 2 1 1 0
12 19 5 2 1 1 0
12 19 6 2 1 1 0
12 19 7 2 1 1 0
14 0 0 2 1 1 0
14 0 1 2 1 1 0
14 0 2 2 1 1 0
14 0 3 2 1 1 0
14 0 4 2 1 1 0
14 0 5 2 1 1 0
14 0 6 2 1 1 0
14 0 7 2 1 1 0
14 1 0 2 1 1 0
14 1 1 2 1 1 0
14 1 2 2 1 1 0
14 1 3 2 1 1 0
14 1 4 2 1 1 0
14 1 5 2 1 1 0
14 1 6 2 1 1 0
14 1 7 2 1 1 0
14 2 0 2 1 1 0
14 2 1 2 1 1 0
14 2 2 2 1 1 0
14 2 3 2 1 1 0
14 2 4 2 1 1 0
14 2 5 2 1 1 0
14 2 6 2 1 1 0
14 2 7 2 1 1 0
14 3 0 2 1 1 0
14 3 1 2 1 1 0
14 3 2 2 1 1 0
14 3 3 2 1 1 0
14 3 4 2 1 1 0
14 3 5 2 1 1 0
14 3 6 2 1 1 0
14 3 7 2 1 1 0
14 4 0 2 1 1 0
14 4 1 2 1 1 0
14 4 2 2 1 1 0
14 4 3 2 1 1 0
14 4 4 2 1 1 0
14 4 5 2 1 1 0
14 4 6 2 1 1 0
14 4 7 2 1 1 0
14 5 0 2 1 1 0
14 5 1 2 1 1 0
14 5 2 2 1 1 0
14 5 3 2 1 1 0
14 5 4 2 1 1 0
14 5 5 2 1 1 0
14 5 6 2 1 1 0
14 5 7 2 1 1 0
14 6 0 2 1 1 0
14 6 1 2 1 1 0
14 6 2 2 1 1 0
14 6 3 2 1 1 0
14 6 4 2 1 1 0
14 6 5 2 1 1 0
14 6 6 2 1 1 0
14 6 7 2 1 1 0
14 7 0 2 1 1 0
14 7 1 2 1 1 0
14 7 2 2 1 1 0
14 7 3 2 1 1 0
14 7 4 2 1 1 0
14 7 5 2 1 1 0
14 7 6 2 1 1 0
14 7 7 2 1 1 0
14 8 0 2 1 1 0
14 8 1 2 1 1 0
14 8 2 2 1 1 0
14 8 3 2 1 1 0
14 8 4 2 1 1 0
14 8 5 2 1 1 0
14 8 6 2 1 1 0
14 8 7 2 1 1 0
14 9 0 2 1 1 0
14 9 1 2 1 1 0
14 9 2 2 1 1 0
14 9 3 2 1 1 0
14 9 4 2 1 1 0
14 9 5 2 1 1 0
14 9 6 2 1 1 0
14 9 7 2 1 1 0
14 10 0 2 1 1 0
14 10 1 2 1 1 0
14 10 2 2 1 1 0
14 10 3 2 1 1 0
14 10 4 2 1 1 0
14 10 5 2 1 1 0
14 10 6 2 1 1 0
14 10 7 2 1 1 0
14 11 0 2 1 1 0
14 11 1 2 1 1 0
14 11 2 2 1 1 0
14 11 3 2 1 1 0
14 11 4 2 1 1 0
14 11 5 2 1 1 0
14 11 6 2 1 1 0
14 11 7 2 1 1 0
14 12 0 2 1 1 0
14 12 1 2 1 1 0
14 12 2 2 1 1 0
14 12 3 2 1 1 0
14 12 4 2 1 1 0
14 12 5 2 1 1 0
14 12 6 2 1 1 0
14 12 7 2 1 1 0
14 13 0 2 1 1 0
14 13 1 2 1 1 0
14 13 2 2 1 1 0
14 13 3 2 1 1 0
14 13 4 2 1 1 0
14 13 5 2 1 1 0
14 13 6 2 1 1 0
14 13 7 2 1 1 0
14 14 0 2 1 1 0
14 14 1 2 1 1 0
14 14 2 2 1 1 0
14 14 3 2 1 1 0
14 14 4 2 1 1 0
14 14 5 2 1 1 0
14 14 6 2 1 1 0
14 14 7 2 1 1 0
14 15 0 2 1 1 0
14 15 1 2 1 1 0
14 15 2 2 1 1 0
14 15 3 2 1 1 0
14 15 4 2 1 1 0
14 15 5 2 1 1 0
14 15 6 2 1 1 0
14 15 7 2 1 1 0
14 16 0 2 1 1 0
14 16 1 2 1 1 0
14 16 2 2 1 1 0
14 16 3 2 1 1 0
14 16 4 2 1 1 0
14 16 5 2 1 1 0
14 16 6 2 1 1 0
14 16 7 2 1 1 0
14 17 0 2 1 1 0
8 0 0 0.05 20 8 1
0 12 0 20 0.05 8 1
10 12 0 20 0.05 8 1
