4
25 25 50
25 25 50
25 25 50
25 25 50
0 0 12 22 14 12 2 1 0
0 0 24 22 14 12 2 1 0
0 0 36 22 14 12 2 1 0
25 0 0 12 20 15 1 1 1
25 0 15 12 20 15 1 1 1
25 0 32 12 20 15 1 1 1
37 0 0 12 20 15 1 1 1
37 0 16 12 20 15 1 1 1
37 0 32 12 20 15 1 1 1
0 25 0 12 20 15 1 1 2
0 25 15 12 20 15 1 1 2
0 25 32 12 20 15 1 1 2
12 25 0 12 20 15 1 1 2
12 25 16 12 20 15 1 1 2
12 25 32 12 20 15 1 1 2
25 25 0 12 20 15 1 1 3
25 25 15 12 20 15 1 1 3
25 25 32 12 20 15 1 1 3
37 25 0 12 20 15 1 1 3
37 25 16 12 20 15 1 1 3
37 25 32 12 20 15 1 1 3
