5 16 20 8
1 18 2 3 22 1
1 16 4 2 36 1
1 16 4 1 38 5
1 8 4 1 26 0
1 12 3 4 41 0
3
1 0 20 8 1 8 0
1 20 0 8 1 0 12
1 20 0 8 1 10 12

5 16 20 8
1 12 4 1 9 8
1 6 3 2 129 2
1 12 3 2 8 4
1 36 3 3 4 11
1 12 2 2 13 2
3
1 0 20 8 1 8 0
1 20 0 8 1 0 12
1 20 0 8 1 10 12

5 16 20 8
1 9 3 3 89 0
1 24 4 2 26 2
1 4 1 1 181 10
1 6 2 3 29 1
1 48 4 3 3 4
3
1 0 20 8 1 8 0
1 20 0 8 1 0 12
1 20 0 8 1 10 12

5 16 20 8
1 2 1 1 181 2
1 8 4 2 34 0
1 3 1 3 9 2
1 32 4 4 14 4
1 9 1 3 17 4
3
1 0 20 8 1 8 0
1 20 0 8 1 0 12
1 20 0 8 1 10 12

5 16 20 8
1 12 3 2 38 2
1 16 4 1 32 1
1 12 4 3 45 1
1 64 4 4 1 7
1 32 4 4 9 2
3
1 0 20 8 1 8 0
1 20 0 8 1 0 12
1 20 0 8 1 10 12

5 16 20 8
1 64 4 4 8 0
1 12 3 4 56 2
1 16 4 1 14 0
1 3 1 1 89 2
1 12 4 1 4 4
3
1 0 20 8 1 8 0
1 20 0 8 1 0 12
1 20 0 8 1 10 12

5 16 20 8
1 18 3 2 14 2
1 32 2 4 7 7
1 24 3 4 3 5
1 6 3 2 55 1
1 2 1 1 393 3
3
1 0 20 8 1 8 0
1 20 0 8 1 0 12
1 20 0 8 1 10 12

5 16 20 8
1 12 4 1 37 0
1 32 4 4 18 1
1 32 4 4 18 0
1 24 4 2 6 8
1 16 2 2 31 5
3
1 0 20 8 1 8 0
1 20 0 8 1 0 12
1 20 0 8 1 10 12

5 16 20 8
1 8 2 2 61 2
1 2 1 1 69 4
1 24 3 4 27 5
1 12 3 1 45 11
1 18 2 3 4 5
3
1 0 20 8 1 8 0
1 20 0 8 1 0 12
1 20 0 8 1 10 12

5 16 20 8
1 36 4 3 16 4
1 12 1 3 39 11
1 1 1 1 799 1
1 12 2 3 22 0
1 24 3 4 2 0
3
1 0 20 8 1 8 0
1 20 0 8 1 0 12
1 20 0 8 1 10 12