9
10 10 30
10 10 30
10 10 30
10 10 30
10 10 30
10 10 30
10 10 30
10 10 30
10 10 30
0 0 24 10 9 3 1 1 0
0 0 27 10 9 3 1 1 0
0 0 0 5 3 8 10 1 0
0 0 8 5 3 8 10 1 0
0 0 16 5 3 8 10 1 0
0 3 0 5 3 8 10 1 0
0 3 16 5 3 8 10 1 0
0 4 8 5 3 8 10 1 0
0 7 0 5 3 8 10 1 0
0 7 8 5 3 8 10 1 0
0 7 16 5 3 8 10 1 0
5 0 0 5 3 8 10 1 0
5 0 8 5 3 8 10 1 0
5 0 16 5 3 8 10 1 0
5 3 8 5 3 8 10 1 0
5 4 0 5 3 8 10 1 0
5 4 16 5 3 8 10 1 0
5 7 0 5 3 8 10 1 0
5 7 8 5 3 8 10 1 0
5 7 16 5 3 8 10 1 0
10 0 0 10 9 3 1 1 1
10 0 3 10 9 3 1 1 1
10 0 6 10 9 3 1 1 1
10 0 24 10 9 3 1 1 1
10 0 27 10 9 3 1 1 1
10 0 17 4 7 7 3 1 1
10 3 9 4 7 7 3 1 1
15 0 17 4 7 7 3 1 1
15 3 9 4 7 7 3 1 1
10 0 9 5 3 8 10 1 1
10 7 16 5 3 8 10 1 1
15 0 9 5 3 8 10 1 1
15 7 16 5 3 8 10 1 1
0 10 8 10 9 3 1 1 2
0 10 11 10 9 3 1 1 2
0 10 0 5 3 8 10 1 2
0 10 14 5 3 8 10 1 2
0 10 22 5 3 8 10 1 2
0 13 0 5 3 8 10 1 2
0 13 22 5 3 8 10 1 2
0 14 14 5 3 8 10 1 2
0 17 0 5 3 8 10 1 2
0 17 14 5 3 8 10 1 2
0 17 22 5 3 8 10 1 2
5 10 0 5 3 8 10 1 2
5 10 14 5 3 8 10 1 2
5 10 22 5 3 8 10 1 2
5 13 0 5 3 8 10 1 2
5 13 14 5 3 8 10 1 2
5 14 22 5 3 8 10 1 2
5 17 0 5 3 8 10 1 2
5 17 14 5 3 8 10 1 2
5 17 22 5 3 8 10 1 2
10 10 0 10 9 3 1 1 3
10 10 3 10 9 3 1 1 3
10 10 6 10 9 3 1 1 3
10 10 9 10 9 3 1 1 3
10 10 12 10 9 3 1 1 3
10 10 27 10 9 3 1 1 3
10 10 15 8 10 12 2 1 3
0 20 0 10 9 3 1 1 4
0 20 3 10 9 3 1 1 4
0 20 6 10 9 3 1 1 4
0 20 9 10 9 3 1 1 4
0 20 12 10 9 3 1 1 4
0 20 15 10 9 3 1 1 4
0 20 18 10 9 3 1 1 4
0 20 21 10 9 3 1 1 4
0 20 24 10 9 3 1 1 4
0 20 27 10 9 3 1 1 4
10 20 27 10 9 3 1 1 5
10 20 0 8 10 12 2 1 5
10 20 20 4 7 7 3 1 5
10 23 12 4 7 7 3 1 5
15 20 20 4 7 7 3 1 5
15 23 12 4 7 7 3 1 5
10 20 12 5 3 8 10 1 5
10 27 19 5 3 8 10 1 5
15 20 12 5 3 8 10 1 5
15 27 19 5 3 8 10 1 5
0 30 0 10 9 3 1 1 6
0 30 3 10 9 3 1 1 6
0 30 6 10 9 3 1 1 6
0 30 21 10 9 3 1 1 6
0 30 24 10 9 3 1 1 6
0 30 27 10 9 3 1 1 6
0 30 9 8 10 12 2 1 6
10 30 0 10 9 3 1 1 7
10 30 3 10 9 3 1 1 7
10 30 6 10 9 3 1 1 7
10 30 9 10 9 3 1 1 7
10 30 12 10 9 3 1 1 7
10 30 15 10 9 3 1 1 7
10 30 18 10 9 3 1 1 7
10 30 21 10 9 3 1 1 7
10 30 24 10 9 3 1 1 7
10 30 27 10 9 3 1 1 7
0 40 0 10 9 3 1 1 8
0 40 3 10 9 3 1 1 8
0 40 6 10 9 3 1 1 8
0 40 9 10 9 3 1 1 8
0 40 12 10 9 3 1 1 8
0 40 15 10 9 3 1 1 8
0 40 18 10 9 3 1 1 8
0 40 21 10 9 3 1 1 8
0 40 24 10 9 3 1 1 8
0 40 27 10 9 3 1 1 8
