9
10 10 30
10 10 30
10 10 30
10 10 30
10 10 30
10 10 30
10 10 30
10 10 30
10 10 30
0 0 0 4 5 3 5 1 0
0 0 11 4 5 3 5 1 0
0 5 0 4 5 3 5 1 0
0 5 11 4 5 3 5 1 0
6 0 0 4 5 3 5 1 0
6 0 11 4 5 3 5 1 0
6 5 0 4 5 3 5 1 0
6 5 11 4 5 3 5 1 0
0 0 3 10 9 8 6 1 0
0 0 14 10 9 8 6 1 0
0 0 22 10 9 8 6 1 0
10 0 20 8 9 7 3 1 1
10 0 8 4 5 3 5 1 1
10 0 11 4 5 3 5 1 1
10 0 14 4 5 3 5 1 1
10 0 17 4 5 3 5 1 1
10 0 27 4 5 3 5 1 1
10 5 8 4 5 3 5 1 1
10 5 11 4 5 3 5 1 1
10 5 14 4 5 3 5 1 1
10 5 17 4 5 3 5 1 1
10 5 27 4 5 3 5 1 1
16 0 8 4 5 3 5 1 1
16 0 11 4 5 3 5 1 1
16 0 14 4 5 3 5 1 1
16 0 17 4 5 3 5 1 1
16 0 27 4 5 3 5 1 1
16 5 8 4 5 3 5 1 1
16 5 11 4 5 3 5 1 1
16 5 14 4 5 3 5 1 1
16 5 17 4 5 3 5 1 1
16 5 27 4 5 3 5 1 1
10 0 0 10 9 8 6 1 1
0 10 0 4 5 3 5 1 2
0 10 3 4 5 3 5 1 2
0 15 0 4 5 3 5 1 2
0 15 3 4 5 3 5 1 2
6 10 0 4 5 3 5 1 2
6 10 3 4 5 3 5 1 2
6 15 0 4 5 3 5 1 2
6 15 3 4 5 3 5 1 2
0 10 6 10 9 8 6 1 2
0 10 14 10 9 8 6 1 2
0 10 22 10 9 8 6 1 2
10 10 0 9 4 14 1 1 3
10 10 16 9 4 14 1 1 3
10 15 0 4 5 3 5 1 3
16 15 0 4 5 3 5 1 3
10 14 3 4 6 9 8 1 3
10 14 12 4 6 9 8 1 3
10 14 21 4 6 9 8 1 3
16 14 3 4 6 9 8 1 3
16 14 12 4 6 9 8 1 3
16 14 21 4 6 9 8 1 3
0 20 8 4 5 3 5 1 4
0 20 19 4 5 3 5 1 4
0 25 8 4 5 3 5 1 4
0 25 19 4 5 3 5 1 4
6 20 8 4 5 3 5 1 4
6 20 19 4 5 3 5 1 4
6 25 8 4 5 3 5 1 4
6 25 19 4 5 3 5 1 4
0 20 0 10 9 8 6 1 4
0 20 11 10 9 8 6 1 4
0 20 22 10 9 8 6 1 4
10 20 0 9 4 14 1 1 5
10 20 16 9 4 14 1 1 5
10 25 0 4 5 3 5 1 5
16 25 0 4 5 3 5 1 5
10 24 3 4 6 9 8 1 5
10 24 12 4 6 9 8 1 5
10 24 21 4 6 9 8 1 5
16 24 3 4 6 9 8 1 5
16 24 12 4 6 9 8 1 5
16 24 21 4 6 9 8 1 5
0 30 0 4 5 3 5 1 6
0 30 27 4 5 3 5 1 6
0 35 0 4 5 3 5 1 6
0 35 27 4 5 3 5 1 6
6 30 0 4 5 3 5 1 6
6 30 27 4 5 3 5 1 6
6 35 0 4 5 3 5 1 6
6 35 27 4 5 3 5 1 6
0 30 3 10 9 8 6 1 6
0 30 11 10 9 8 6 1 6
0 30 19 10 9 8 6 1 6
10 30 8 4 5 3 5 1 7
10 30 19 4 5 3 5 1 7
10 35 8 4 5 3 5 1 7
10 35 19 4 5 3 5 1 7
16 30 8 4 5 3 5 1 7
16 30 19 4 5 3 5 1 7
16 35 8 4 5 3 5 1 7
16 35 19 4 5 3 5 1 7
10 30 0 10 9 8 6 1 7
10 30 11 10 9 8 6 1 7
10 30 22 10 9 8 6 1 7
0 40 0 9 4 14 1 1 8
0 40 16 9 4 14 1 1 8
0 45 0 4 5 3 5 1 8
6 45 0 4 5 3 5 1 8
0 44 3 4 6 9 8 1 8
0 44 12 4 6 9 8 1 8
0 44 21 4 6 9 8 1 8
6 44 3 4 6 9 8 1 8
6 44 12 4 6 9 8 1 8
6 44 21 4 6 9 8 1 8
