9
10 10 30
10 10 30
10 10 30
10 10 30
10 10 30
10 10 30
10 10 30
10 10 30
10 10 30
0 0 11 8 9 8 1 1 0
0 0 0 10 10 11 10 1 0
0 0 19 10 10 11 10 1 0
10 0 0 10 3 9 5 1 1
10 3 0 10 3 9 5 1 1
10 7 0 10 3 9 5 1 1
10 0 9 3 5 10 9 1 1
10 5 9 3 5 10 9 1 1
13 0 9 3 5 10 9 1 1
14 5 9 3 5 10 9 1 1
17 0 9 3 5 10 9 1 1
17 5 9 3 5 10 9 1 1
10 0 19 10 10 11 10 1 1
0 10 0 10 3 9 5 1 2
0 13 0 10 3 9 5 1 2
0 17 0 10 3 9 5 1 2
0 10 20 3 5 10 9 1 2
0 15 20 3 5 10 9 1 2
3 10 20 3 5 10 9 1 2
3 15 20 3 5 10 9 1 2
7 10 20 3 5 10 9 1 2
7 15 20 3 5 10 9 1 2
0 10 9 10 10 11 10 1 2
10 10 11 8 9 8 1 1 3
10 10 0 10 10 11 10 1 3
10 10 19 10 10 11 10 1 3
0 20 0 10 3 9 5 1 4
0 23 0 10 3 9 5 1 4
0 27 0 10 3 9 5 1 4
0 20 9 3 5 10 9 1 4
0 25 9 3 5 10 9 1 4
3 20 9 3 5 10 9 1 4
3 25 9 3 5 10 9 1 4
7 20 9 3 5 10 9 1 4
7 25 9 3 5 10 9 1 4
0 20 19 10 10 11 10 1 4
10 20 11 8 9 8 1 1 5
10 20 0 10 10 11 10 1 5
10 20 19 10 10 11 10 1 5
0 30 11 8 9 8 1 1 6
0 30 0 10 10 11 10 1 6
0 30 19 10 10 11 10 1 6
10 30 11 8 9 8 1 1 7
10 30 0 10 10 11 10 1 7
10 30 19 10 10 11 10 1 7
0 40 11 8 9 8 1 1 8
0 40 0 10 10 11 10 1 8
0 40 19 10 10 11 10 1 8
