9
10 10 30
10 10 30
10 10 30
10 10 30
10 10 30
10 10 30
10 10 30
10 10 30
10 10 30
0 0 16 10 4 7 2 1 0
0 0 23 10 4 7 2 1 0
0 6 16 10 4 7 2 1 0
0 6 23 10 4 7 2 1 0
0 0 0 10 9 8 8 1 0
0 0 8 10 9 8 8 1 0
10 0 0 10 9 10 6 1 1
10 0 10 10 9 10 6 1 1
10 0 20 10 9 10 6 1 1
0 10 0 10 9 10 6 1 2
0 10 10 10 9 10 6 1 2
0 10 20 10 9 10 6 1 2
10 10 0 10 9 10 6 1 3
10 10 10 10 9 10 6 1 3
10 10 20 10 9 10 6 1 3
0 20 0 10 9 10 6 1 4
0 20 10 10 9 10 6 1 4
0 20 20 10 9 10 6 1 4
10 20 0 10 9 10 6 1 5
10 20 10 10 9 10 6 1 5
10 20 20 10 9 10 6 1 5
0 30 0 10 9 10 6 1 6
0 30 10 10 9 10 6 1 6
0 30 20 10 9 10 6 1 6
10 30 0 10 4 7 2 1 7
10 30 15 10 4 7 2 1 7
10 36 0 10 4 7 2 1 7
10 36 15 10 4 7 2 1 7
10 30 7 10 9 8 8 1 7
10 30 22 10 9 8 8 1 7
0 40 0 10 9 10 6 1 8
0 40 10 10 9 10 6 1 8
0 40 20 10 9 10 6 1 8
