9
10 10 30
10 10 30
10 10 30
10 10 30
10 10 30
10 10 30
10 10 30
10 10 30
10 10 30
0 0 0 5 10 5 10 1 0
0 0 5 5 10 5 10 1 0
0 0 10 5 10 5 10 1 0
0 0 15 5 10 5 10 1 0
0 0 20 5 10 5 10 1 0
0 0 25 5 10 5 10 1 0
5 0 0 5 10 5 10 1 0
5 0 5 5 10 5 10 1 0
5 0 10 5 10 5 10 1 0
5 0 15 5 10 5 10 1 0
5 0 20 5 10 5 10 1 0
5 0 25 5 10 5 10 1 0
10 0 16 4 7 9 5 1 1
15 0 16 4 7 9 5 1 1
10 0 0 5 10 5 10 1 1
10 0 5 5 10 5 10 1 1
10 0 10 5 10 5 10 1 1
10 0 25 5 10 5 10 1 1
15 0 0 5 10 5 10 1 1
15 0 5 5 10 5 10 1 1
15 0 10 5 10 5 10 1 1
15 0 25 5 10 5 10 1 1
0 10 5 9 8 4 9 1 2
0 10 9 9 8 4 9 1 2
0 10 13 9 8 4 9 1 2
0 10 17 9 8 4 9 1 2
0 10 21 9 8 4 9 1 2
0 10 0 5 10 5 10 1 2
0 10 25 5 10 5 10 1 2
5 10 0 5 10 5 10 1 2
5 10 25 5 10 5 10 1 2
15 10 21 4 7 9 5 1 3
10 10 0 5 10 5 10 1 3
10 10 5 5 10 5 10 1 3
10 10 10 5 10 5 10 1 3
10 10 15 5 10 5 10 1 3
10 10 20 5 10 5 10 1 3
10 10 25 5 10 5 10 1 3
15 10 0 5 10 5 10 1 3
15 10 5 5 10 5 10 1 3
15 10 10 5 10 5 10 1 3
15 10 15 5 10 5 10 1 3
0 20 0 9 8 4 9 1 4
0 20 9 9 8 4 9 1 4
0 20 18 9 8 4 9 1 4
0 20 22 9 8 4 9 1 4
0 20 26 9 8 4 9 1 4
0 20 4 5 10 5 10 1 4
0 20 13 5 10 5 10 1 4
5 20 4 5 10 5 10 1 4
5 20 13 5 10 5 10 1 4
10 20 0 7 8 11 7 1 5
10 20 11 9 8 4 9 1 5
10 20 15 5 10 5 10 1 5
10 20 20 5 10 5 10 1 5
10 20 25 5 10 5 10 1 5
15 20 15 5 10 5 10 1 5
15 20 20 5 10 5 10 1 5
15 20 25 5 10 5 10 1 5
0 30 0 9 8 4 9 1 6
0 30 4 9 8 4 9 1 6
0 30 18 9 8 4 9 1 6
0 30 22 9 8 4 9 1 6
0 30 26 9 8 4 9 1 6
0 30 8 5 10 5 10 1 6
0 30 13 5 10 5 10 1 6
5 30 8 5 10 5 10 1 6
5 30 13 5 10 5 10 1 6
10 30 0 9 8 4 9 1 7
10 30 4 9 8 4 9 1 7
10 30 13 9 8 4 9 1 7
10 30 17 9 8 4 9 1 7
10 30 21 9 8 4 9 1 7
10 30 8 5 10 5 10 1 7
10 30 25 5 10 5 10 1 7
15 30 8 5 10 5 10 1 7
15 30 25 5 10 5 10 1 7
0 40 10 9 8 4 9 1 8
0 40 14 9 8 4 9 1 8
0 40 18 9 8 4 9 1 8
0 40 22 9 8 4 9 1 8
0 40 26 9 8 4 9 1 8
0 40 0 5 10 5 10 1 8
0 40 5 5 10 5 10 1 8
5 40 0 5 10 5 10 1 8
5 40 5 5 10 5 10 1 8
