9
10 10 30
10 10 30
10 10 30
10 10 30
10 10 30
10 10 30
10 10 30
10 10 30
10 10 30
0 0 0 9 9 3 1 1 0
0 7 19 8 3 11 4 1 0
0 0 3 8 9 14 8 1 0
0 0 19 4 7 11 9 1 0
5 0 19 4 7 11 9 1 0
10 0 15 9 9 3 1 1 1
10 7 19 8 3 11 4 1 1
10 0 0 8 9 14 8 1 1
10 0 19 4 7 11 9 1 1
15 0 19 4 7 11 9 1 1
0 10 0 8 9 14 8 1 2
0 10 16 8 9 14 8 1 2
10 10 15 9 9 3 1 1 3
10 17 19 8 3 11 4 1 3
10 10 0 8 9 14 8 1 3
10 10 19 4 7 11 9 1 3
15 10 19 4 7 11 9 1 3
0 20 0 8 9 14 8 1 4
0 20 16 8 9 14 8 1 4
10 20 0 9 9 3 1 1 5
10 27 19 8 3 11 4 1 5
10 20 3 8 9 14 8 1 5
10 20 19 4 7 11 9 1 5
15 20 19 4 7 11 9 1 5
0 30 0 8 9 14 8 1 6
0 30 16 8 9 14 8 1 6
10 30 0 9 9 3 1 1 7
10 37 19 8 3 11 4 1 7
10 30 3 8 9 14 8 1 7
10 30 19 4 7 11 9 1 7
15 30 19 4 7 11 9 1 7
0 47 19 8 3 11 4 1 8
0 40 0 8 9 14 8 1 8
0 40 16 4 7 11 9 1 8
5 40 19 4 7 11 9 1 8
