9
10 10 30
10 10 30
10 10 30
10 10 30
10 10 30
10 10 30
10 10 30
10 10 30
10 10 30
0 0 0 5 7 3 3 1 0
0 0 14 5 7 3 3 1 0
0 0 17 5 7 3 3 1 0
0 0 27 5 7 3 3 1 0
5 0 0 5 7 3 3 1 0
5 0 14 5 7 3 3 1 0
5 0 17 5 7 3 3 1 0
5 0 27 5 7 3 3 1 0
0 0 20 8 8 7 8 1 0
0 0 3 7 10 11 10 1 0
10 0 11 6 5 5 2 1 1
10 5 11 6 5 5 2 1 1
10 0 27 5 7 3 3 1 1
15 0 27 5 7 3 3 1 1
10 0 0 7 10 11 10 1 1
10 0 16 7 10 11 10 1 1
0 10 22 6 5 5 2 1 2
0 15 22 6 5 5 2 1 2
0 10 27 5 7 3 3 1 2
5 10 27 5 7 3 3 1 2
0 10 0 7 10 11 10 1 2
0 10 11 7 10 11 10 1 2
10 10 0 5 7 3 3 1 3
10 10 3 5 7 3 3 1 3
10 10 6 5 7 3 3 1 3
10 10 9 5 7 3 3 1 3
10 10 12 5 7 3 3 1 3
10 10 15 5 7 3 3 1 3
10 10 18 5 7 3 3 1 3
10 10 21 5 7 3 3 1 3
10 10 24 5 7 3 3 1 3
10 10 27 5 7 3 3 1 3
15 10 0 5 7 3 3 1 3
15 10 3 5 7 3 3 1 3
15 10 6 5 7 3 3 1 3
15 10 9 5 7 3 3 1 3
15 10 12 5 7 3 3 1 3
15 10 15 5 7 3 3 1 3
15 10 18 5 7 3 3 1 3
15 10 21 5 7 3 3 1 3
15 10 24 5 7 3 3 1 3
15 10 27 5 7 3 3 1 3
0 20 11 5 7 3 3 1 4
0 20 14 5 7 3 3 1 4
0 20 17 5 7 3 3 1 4
0 20 20 5 7 3 3 1 4
5 20 11 5 7 3 3 1 4
5 20 14 5 7 3 3 1 4
5 20 17 5 7 3 3 1 4
5 20 20 5 7 3 3 1 4
0 20 23 8 8 7 8 1 4
0 20 0 7 10 11 10 1 4
10 20 0 5 7 3 3 1 5
10 20 3 5 7 3 3 1 5
10 20 6 5 7 3 3 1 5
10 20 9 5 7 3 3 1 5
10 20 12 5 7 3 3 1 5
10 20 15 5 7 3 3 1 5
10 20 18 5 7 3 3 1 5
10 20 21 5 7 3 3 1 5
10 20 24 5 7 3 3 1 5
10 20 27 5 7 3 3 1 5
15 20 0 5 7 3 3 1 5
15 20 3 5 7 3 3 1 5
15 20 6 5 7 3 3 1 5
15 20 9 5 7 3 3 1 5
15 20 12 5 7 3 3 1 5
15 20 15 5 7 3 3 1 5
15 20 18 5 7 3 3 1 5
15 20 21 5 7 3 3 1 5
15 20 24 5 7 3 3 1 5
15 20 27 5 7 3 3 1 5
0 30 0 5 7 3 3 1 6
0 30 3 5 7 3 3 1 6
0 30 6 5 7 3 3 1 6
0 30 9 5 7 3 3 1 6
0 30 12 5 7 3 3 1 6
0 30 15 5 7 3 3 1 6
0 30 18 5 7 3 3 1 6
0 30 21 5 7 3 3 1 6
0 30 24 5 7 3 3 1 6
0 30 27 5 7 3 3 1 6
5 30 0 5 7 3 3 1 6
5 30 3 5 7 3 3 1 6
5 30 6 5 7 3 3 1 6
5 30 9 5 7 3 3 1 6
5 30 12 5 7 3 3 1 6
5 30 15 5 7 3 3 1 6
5 30 18 5 7 3 3 1 6
5 30 21 5 7 3 3 1 6
5 30 24 5 7 3 3 1 6
5 30 27 5 7 3 3 1 6
10 30 0 5 7 3 3 1 7
10 30 3 5 7 3 3 1 7
10 30 6 5 7 3 3 1 7
10 30 9 5 7 3 3 1 7
10 30 12 5 7 3 3 1 7
10 30 15 5 7 3 3 1 7
10 30 18 5 7 3 3 1 7
10 30 21 5 7 3 3 1 7
10 30 24 5 7 3 3 1 7
10 30 27 5 7 3 3 1 7
15 30 0 5 7 3 3 1 7
15 30 3 5 7 3 3 1 7
15 30 6 5 7 3 3 1 7
15 30 9 5 7 3 3 1 7
15 30 12 5 7 3 3 1 7
15 30 15 5 7 3 3 1 7
15 30 18 5 7 3 3 1 7
15 30 21 5 7 3 3 1 7
15 30 24 5 7 3 3 1 7
15 30 27 5 7 3 3 1 7
0 40 22 6 5 5 2 1 8
0 45 22 6 5 5 2 1 8
0 40 27 5 7 3 3 1 8
5 40 27 5 7 3 3 1 8
0 40 0 7 10 11 10 1 8
0 40 11 7 10 11 10 1 8
