9
10 10 30
10 10 30
10 10 30
10 10 30
10 10 30
10 10 30
10 10 30
10 10 30
10 10 30
0 0 0 4 10 13 4 1 0
0 0 17 4 10 13 4 1 0
4 0 0 3 5 9 7 1 0
4 0 10 3 5 9 7 1 0
4 0 21 3 5 9 7 1 0
4 5 0 3 5 9 7 1 0
4 5 10 3 5 9 7 1 0
4 5 21 3 5 9 7 1 0
7 0 0 3 5 9 7 1 0
7 0 10 3 5 9 7 1 0
7 0 21 3 5 9 7 1 0
7 5 0 3 5 9 7 1 0
7 5 10 3 5 9 7 1 0
7 5 21 3 5 9 7 1 0
16 0 0 4 10 13 4 1 1
16 0 17 4 10 13 4 1 1
10 0 0 3 5 9 7 1 1
10 0 11 3 5 9 7 1 1
10 0 21 3 5 9 7 1 1
10 5 0 3 5 9 7 1 1
10 5 10 3 5 9 7 1 1
10 5 21 3 5 9 7 1 1
13 0 0 3 5 9 7 1 1
13 0 10 3 5 9 7 1 1
13 0 21 3 5 9 7 1 1
13 5 0 3 5 9 7 1 1
13 5 11 3 5 9 7 1 1
13 5 21 3 5 9 7 1 1
0 10 0 3 5 9 7 1 2
0 10 10 3 5 9 7 1 2
0 10 21 3 5 9 7 1 2
0 15 0 3 5 9 7 1 2
0 15 11 3 5 9 7 1 2
0 15 21 3 5 9 7 1 2
3 10 0 3 5 9 7 1 2
3 10 21 3 5 9 7 1 2
3 15 0 3 5 9 7 1 2
3 15 21 3 5 9 7 1 2
4 10 11 3 5 9 7 1 2
4 15 10 3 5 9 7 1 2
7 10 0 3 5 9 7 1 2
7 10 11 3 5 9 7 1 2
7 10 21 3 5 9 7 1 2
7 15 0 3 5 9 7 1 2
7 15 11 3 5 9 7 1 2
7 15 21 3 5 9 7 1 2
10 10 11 3 5 9 7 1 3
10 10 21 3 5 9 7 1 3
10 15 10 3 5 9 7 1 3
10 15 21 3 5 9 7 1 3
13 15 11 3 5 9 7 1 3
14 10 11 3 5 9 7 1 3
14 10 21 3 5 9 7 1 3
14 15 21 3 5 9 7 1 3
17 10 11 3 5 9 7 1 3
17 10 21 3 5 9 7 1 3
17 15 11 3 5 9 7 1 3
17 15 21 3 5 9 7 1 3
10 10 0 8 10 10 10 1 3
0 20 10 3 5 9 7 1 4
0 25 11 3 5 9 7 1 4
3 25 10 3 5 9 7 1 4
4 20 11 3 5 9 7 1 4
7 20 11 3 5 9 7 1 4
7 25 11 3 5 9 7 1 4
0 20 0 8 10 10 10 1 4
0 20 20 8 10 10 10 1 4
10 20 0 8 10 10 10 1 5
10 20 10 8 10 10 10 1 5
10 20 20 8 10 10 10 1 5
0 30 0 3 5 9 7 1 6
0 30 11 3 5 9 7 1 6
0 30 21 3 5 9 7 1 6
0 35 0 3 5 9 7 1 6
0 35 11 3 5 9 7 1 6
0 35 21 3 5 9 7 1 6
3 30 0 3 5 9 7 1 6
3 35 0 3 5 9 7 1 6
4 30 10 3 5 9 7 1 6
4 30 21 3 5 9 7 1 6
4 35 10 3 5 9 7 1 6
4 35 21 3 5 9 7 1 6
7 30 0 3 5 9 7 1 6
7 30 10 3 5 9 7 1 6
7 30 21 3 5 9 7 1 6
7 35 0 3 5 9 7 1 6
7 35 10 3 5 9 7 1 6
7 35 21 3 5 9 7 1 6
10 30 0 3 5 9 7 1 7
10 30 21 3 5 9 7 1 7
10 35 0 3 5 9 7 1 7
10 35 21 3 5 9 7 1 7
14 30 0 3 5 9 7 1 7
14 30 21 3 5 9 7 1 7
14 35 0 3 5 9 7 1 7
14 35 21 3 5 9 7 1 7
17 30 0 3 5 9 7 1 7
17 30 21 3 5 9 7 1 7
17 35 0 3 5 9 7 1 7
17 35 21 3 5 9 7 1 7
10 30 10 8 10 10 10 1 7
0 40 11 3 5 9 7 1 8
0 40 21 3 5 9 7 1 8
0 45 11 3 5 9 7 1 8
0 45 21 3 5 9 7 1 8
4 40 10 3 5 9 7 1 8
4 40 21 3 5 9 7 1 8
4 45 10 3 5 9 7 1 8
4 45 21 3 5 9 7 1 8
7 40 11 3 5 9 7 1 8
7 40 21 3 5 9 7 1 8
7 45 10 3 5 9 7 1 8
7 45 21 3 5 9 7 1 8
0 40 0 8 10 10 10 1 8
