9
10 10 30
10 10 30
10 10 30
10 10 30
10 10 30
10 10 30
10 10 30
10 10 30
10 10 30
0 0 24 10 8 6 5 1 0
0 0 0 8 5 8 6 1 0
0 0 8 8 5 8 6 1 0
0 0 16 8 5 8 6 1 0
0 5 0 8 5 8 6 1 0
0 5 8 8 5 8 6 1 0
0 5 16 8 5 8 6 1 0
10 0 0 10 8 6 5 1 1
10 0 18 10 8 6 5 1 1
10 0 24 10 8 6 5 1 1
10 0 6 5 3 6 10 1 1
10 0 12 5 3 6 10 1 1
10 3 6 5 3 6 10 1 1
10 3 12 5 3 6 10 1 1
10 7 6 5 3 6 10 1 1
10 7 12 5 3 6 10 1 1
15 0 6 5 3 6 10 1 1
15 0 12 5 3 6 10 1 1
15 3 6 5 3 6 10 1 1
15 3 12 5 3 6 10 1 1
15 7 6 5 3 6 10 1 1
15 7 12 5 3 6 10 1 1
0 10 24 10 8 6 5 1 2
0 10 0 8 5 8 6 1 2
0 10 8 8 5 8 6 1 2
0 10 16 8 5 8 6 1 2
0 15 0 8 5 8 6 1 2
0 15 8 8 5 8 6 1 2
0 15 16 8 5 8 6 1 2
10 10 16 10 8 6 5 1 3
10 10 0 8 5 8 6 1 3
10 10 8 8 5 8 6 1 3
10 10 22 8 5 8 6 1 3
10 15 0 8 5 8 6 1 3
10 15 8 8 5 8 6 1 3
10 15 22 8 5 8 6 1 3
0 20 24 10 8 6 5 1 4
0 20 0 8 5 8 6 1 4
0 20 8 8 5 8 6 1 4
0 20 16 8 5 8 6 1 4
0 25 0 8 5 8 6 1 4
0 25 8 8 5 8 6 1 4
0 25 16 8 5 8 6 1 4
10 20 0 10 8 6 5 1 5
10 20 6 8 5 8 6 1 5
10 20 14 8 5 8 6 1 5
10 20 22 8 5 8 6 1 5
10 25 6 8 5 8 6 1 5
10 25 14 8 5 8 6 1 5
10 25 22 8 5 8 6 1 5
0 30 16 10 8 6 5 1 6
0 30 0 8 5 8 6 1 6
0 30 8 8 5 8 6 1 6
0 30 22 8 5 8 6 1 6
0 35 0 8 5 8 6 1 6
0 35 8 8 5 8 6 1 6
0 35 22 8 5 8 6 1 6
10 30 24 10 8 6 5 1 7
10 30 0 8 5 8 6 1 7
10 30 8 8 5 8 6 1 7
10 30 16 8 5 8 6 1 7
10 35 0 8 5 8 6 1 7
10 35 8 8 5 8 6 1 7
10 35 16 8 5 8 6 1 7
0 40 0 10 8 6 5 1 8
0 40 6 8 5 8 6 1 8
0 40 14 8 5 8 6 1 8
0 40 22 8 5 8 6 1 8
0 45 6 8 5 8 6 1 8
0 45 14 8 5 8 6 1 8
0 45 22 8 5 8 6 1 8
