9
10 10 30
10 10 30
10 10 30
10 10 30
10 10 30
10 10 30
10 10 30
10 10 30
10 10 30
0 0 0 8 6 14 9 1 0
0 0 16 8 6 14 9 1 0
0 6 0 3 4 6 10 1 0
0 6 6 3 4 6 10 1 0
0 6 12 3 4 6 10 1 0
0 6 18 3 4 6 10 1 0
0 6 24 3 4 6 10 1 0
3 6 0 3 4 6 10 1 0
3 6 6 3 4 6 10 1 0
3 6 12 3 4 6 10 1 0
3 6 18 3 4 6 10 1 0
3 6 24 3 4 6 10 1 0
7 6 0 3 4 6 10 1 0
7 6 6 3 4 6 10 1 0
7 6 12 3 4 6 10 1 0
7 6 18 3 4 6 10 1 0
7 6 24 3 4 6 10 1 0
13 0 19 7 7 11 5 1 1
13 0 0 3 9 13 6 1 1
17 0 0 3 9 13 6 1 1
10 0 0 3 4 6 10 1 1
10 0 6 3 4 6 10 1 1
10 0 12 3 4 6 10 1 1
10 0 18 3 4 6 10 1 1
10 0 24 3 4 6 10 1 1
10 6 0 3 4 6 10 1 1
10 6 6 3 4 6 10 1 1
10 6 12 3 4 6 10 1 1
10 6 18 3 4 6 10 1 1
10 6 24 3 4 6 10 1 1
13 0 13 3 4 6 10 1 1
13 6 13 3 4 6 10 1 1
17 0 13 3 4 6 10 1 1
17 6 13 3 4 6 10 1 1
3 10 0 7 7 11 5 1 2
3 10 17 3 9 13 6 1 2
7 10 11 3 9 13 6 1 2
0 10 0 3 4 6 10 1 2
0 10 6 3 4 6 10 1 2
0 10 12 3 4 6 10 1 2
0 10 18 3 4 6 10 1 2
0 10 24 3 4 6 10 1 2
0 16 0 3 4 6 10 1 2
0 16 6 3 4 6 10 1 2
0 16 12 3 4 6 10 1 2
0 16 18 3 4 6 10 1 2
0 16 24 3 4 6 10 1 2
3 10 11 3 4 6 10 1 2
3 16 11 3 4 6 10 1 2
7 10 24 3 4 6 10 1 2
7 16 24 3 4 6 10 1 2
13 10 19 7 7 11 5 1 3
13 10 0 3 9 13 6 1 3
17 10 6 3 9 13 6 1 3
10 10 0 3 4 6 10 1 3
10 10 6 3 4 6 10 1 3
10 10 12 3 4 6 10 1 3
10 10 18 3 4 6 10 1 3
10 10 24 3 4 6 10 1 3
10 16 0 3 4 6 10 1 3
10 16 6 3 4 6 10 1 3
10 16 12 3 4 6 10 1 3
10 16 18 3 4 6 10 1 3
10 16 24 3 4 6 10 1 3
13 10 13 3 4 6 10 1 3
13 16 13 3 4 6 10 1 3
17 10 0 3 4 6 10 1 3
17 16 0 3 4 6 10 1 3
0 20 19 7 7 11 5 1 4
0 20 0 3 9 13 6 1 4
3 20 6 3 9 13 6 1 4
0 20 13 3 4 6 10 1 4
0 26 13 3 4 6 10 1 4
3 20 0 3 4 6 10 1 4
3 26 0 3 4 6 10 1 4
7 20 0 3 4 6 10 1 4
7 20 6 3 4 6 10 1 4
7 20 12 3 4 6 10 1 4
7 20 18 3 4 6 10 1 4
7 20 24 3 4 6 10 1 4
7 26 0 3 4 6 10 1 4
7 26 6 3 4 6 10 1 4
7 26 12 3 4 6 10 1 4
7 26 18 3 4 6 10 1 4
7 26 24 3 4 6 10 1 4
10 20 19 7 7 11 5 1 5
10 20 0 3 9 13 6 1 5
13 20 6 3 9 13 6 1 5
10 20 13 3 4 6 10 1 5
10 26 13 3 4 6 10 1 5
13 20 0 3 4 6 10 1 5
13 26 0 3 4 6 10 1 5
17 20 0 3 4 6 10 1 5
17 20 6 3 4 6 10 1 5
17 20 12 3 4 6 10 1 5
17 20 18 3 4 6 10 1 5
17 20 24 3 4 6 10 1 5
17 26 0 3 4 6 10 1 5
17 26 6 3 4 6 10 1 5
17 26 12 3 4 6 10 1 5
17 26 18 3 4 6 10 1 5
17 26 24 3 4 6 10 1 5
0 30 0 7 7 11 5 1 6
0 30 17 3 9 13 6 1 6
3 30 11 3 9 13 6 1 6
0 30 11 3 4 6 10 1 6
0 36 11 3 4 6 10 1 6
3 30 24 3 4 6 10 1 6
3 36 24 3 4 6 10 1 6
7 30 0 3 4 6 10 1 6
7 30 6 3 4 6 10 1 6
7 30 12 3 4 6 10 1 6
7 30 18 3 4 6 10 1 6
7 30 24 3 4 6 10 1 6
7 36 0 3 4 6 10 1 6
7 36 6 3 4 6 10 1 6
7 36 12 3 4 6 10 1 6
7 36 18 3 4 6 10 1 6
7 36 24 3 4 6 10 1 6
13 30 19 7 7 11 5 1 7
13 30 0 3 9 13 6 1 7
17 30 6 3 9 13 6 1 7
10 30 0 3 4 6 10 1 7
10 30 6 3 4 6 10 1 7
10 30 12 3 4 6 10 1 7
10 30 18 3 4 6 10 1 7
10 30 24 3 4 6 10 1 7
10 36 0 3 4 6 10 1 7
10 36 6 3 4 6 10 1 7
10 36 12 3 4 6 10 1 7
10 36 18 3 4 6 10 1 7
10 36 24 3 4 6 10 1 7
13 30 13 3 4 6 10 1 7
13 36 13 3 4 6 10 1 7
17 30 0 3 4 6 10 1 7
17 36 0 3 4 6 10 1 7
0 40 0 7 7 11 5 1 8
0 40 11 3 9 13 6 1 8
3 40 17 3 9 13 6 1 8
0 40 24 3 4 6 10 1 8
0 46 24 3 4 6 10 1 8
3 40 11 3 4 6 10 1 8
3 46 11 3 4 6 10 1 8
7 40 0 3 4 6 10 1 8
7 40 6 3 4 6 10 1 8
7 40 12 3 4 6 10 1 8
7 40 18 3 4 6 10 1 8
7 40 24 3 4 6 10 1 8
7 46 0 3 4 6 10 1 8
7 46 6 3 4 6 10 1 8
7 46 12 3 4 6 10 1 8
7 46 18 3 4 6 10 1 8
7 46 24 3 4 6 10 1 8
