10 10 10
0 0 0 5 2 2 0
0 0 2 5 2 2 0
0 0 4 5 2 2 0
0 0 6 5 2 2 0
0 0 8 5 2 2 0
0 5 3 5 2 2 0
0 5 6 5 2 2 0
0 5 8 5 2 2 0
0 8 0 5 2 2 0
0 8 2 5 2 2 0
5 0 0 5 2 2 0
5 0 3 5 2 2 0
5 0 5 5 2 2 0
5 3 6 5 2 2 0
5 3 8 5 2 2 0
5 5 0 5 2 2 0
5 5 3 5 2 2 0
5 5 5 5 2 2 0
5 8 6 5 2 2 0
5 8 8 5 2 2 0
0 2 0 5 3 3 0
0 2 4 5 3 3 0
0 2 7 5 3 3 0
0 5 0 5 3 3 0
0 7 4 5 3 3 0
0 7 7 5 3 3 0
5 0 7 5 3 3 0
5 2 0 5 3 3 0
5 2 3 5 3 3 0
5 5 7 5 3 3 0
5 7 0 5 3 3 0
5 7 3 5 3 3 0
5 0 0 0.1 10 10 1
0 5 0 10 0.1 10 1
5 5 0 10 0.1 10 1
