2
5 10 10
5 10 10
0 3 0 4 1 4 2 1 0
0 3 5 4 1 4 2 1 0
0 4 0 4 1 4 2 1 0
0 4 5 4 1 4 2 1 0
0 5 5 4 1 4 2 1 0
0 6 6 4 1 4 2 1 0
0 9 0 4 1 4 2 1 0
0 0 0 4 3 1 3 1 0
0 0 1 4 3 1 3 1 0
0 0 2 4 3 1 3 1 0
0 0 3 4 3 1 3 1 0
0 0 4 4 3 1 3 1 0
0 0 5 4 3 1 3 1 0
0 0 6 4 3 1 3 1 0
0 0 7 4 3 1 3 1 0
0 0 8 4 3 1 3 1 0
0 0 9 4 3 1 3 1 0
0 3 4 4 3 1 3 1 0
0 3 9 4 3 1 3 1 0
0 7 6 4 3 1 3 1 0
0 7 7 4 3 1 3 1 0
0 7 8 4 3 1 3 1 0
0 7 9 4 3 1 3 1 0
0 5 0 4 4 2 5 1 0
0 5 2 4 4 2 5 1 0
0 6 4 4 4 2 5 1 0
5 0 2 4 1 4 2 1 1
5 0 6 4 1 4 2 1 1
5 5 2 4 1 4 2 1 1
5 8 6 4 1 4 2 1 1
5 9 2 4 1 4 2 1 1
5 9 6 4 1 4 2 1 1
5 0 0 4 3 1 3 1 1
5 0 1 4 3 1 3 1 1
5 5 6 4 3 1 3 1 1
5 5 7 4 3 1 3 1 1
5 5 8 4 3 1 3 1 1
5 5 9 4 3 1 3 1 1
5 6 2 4 3 1 3 1 1
5 6 3 4 3 1 3 1 1
5 6 4 4 3 1 3 1 1
5 6 5 4 3 1 3 1 1
5 7 0 4 3 1 3 1 1
5 7 1 4 3 1 3 1 1
5 1 4 4 4 4 4 1 1
5 1 2 4 4 2 5 1 1
5 1 8 4 4 2 5 1 1
5 3 0 4 4 2 5 1 1
