2
5 10 10
5 10 10
0 0 0 4 1 3 1 1 0
0 0 7 4 1 3 1 1 0
0 1 0 4 1 3 1 1 0
0 1 7 4 1 3 1 1 0
0 2 0 4 1 3 1 1 0
0 3 0 4 1 3 1 1 0
0 8 0 4 1 3 1 1 0
0 9 0 4 1 3 1 1 0
0 0 3 4 4 2 2 1 0
0 0 5 4 4 2 2 1 0
0 4 4 4 4 2 2 1 0
0 6 6 4 4 2 2 1 0
0 6 8 4 4 2 2 1 0
0 2 7 4 2 3 3 1 0
0 8 3 4 2 3 3 1 0
0 4 0 2 2 4 4 1 0
0 4 6 2 2 4 4 1 0
0 6 0 2 2 4 4 1 0
2 4 0 2 2 4 4 1 0
2 4 6 2 2 4 4 1 0
2 6 0 2 2 4 4 1 0
5 0 0 4 4 2 2 1 1
5 0 2 4 4 2 2 1 1
5 0 6 4 4 2 2 1 1
5 0 8 4 4 2 2 1 1
5 6 2 4 4 2 2 1 1
5 0 4 4 4 2 2 1 1
5 6 0 4 4 2 2 1 1
5 6 4 4 4 2 2 1 1
5 4 0 4 2 3 3 1 1
5 4 3 4 2 3 3 1 1
5 4 6 2 2 4 4 1 1
5 6 6 2 2 4 4 1 1
5 8 6 2 2 4 4 1 1
7 4 6 2 2 4 4 1 1
7 6 6 2 2 4 4 1 1
7 8 6 2 2 4 4 1 1
