16 20 8
0 0 0 1 1 2 0
0 0 2 1 1 2 0
0 0 4 1 1 2 0
0 0 6 1 1 2 0
0 1 0 1 1 2 0
0 1 2 1 1 2 0
0 1 4 1 1 2 0
0 1 6 1 1 2 0
0 2 0 1 1 2 0
0 2 2 1 1 2 0
0 2 4 1 1 2 0
0 2 6 1 1 2 0
0 3 0 1 1 2 0
0 3 2 1 1 2 0
0 3 4 1 1 2 0
0 3 6 1 1 2 0
0 4 0 1 1 2 0
0 4 2 1 1 2 0
0 4 4 1 1 2 0
0 4 6 1 1 2 0
0 5 0 1 1 2 0
0 5 2 1 1 2 0
0 5 4 1 1 2 0
0 5 6 1 1 2 0
0 6 0 1 1 2 0
0 6 2 1 1 2 0
0 6 4 1 1 2 0
0 6 6 1 1 2 0
0 7 0 1 1 2 0
0 7 2 1 1 2 0
0 7 4 1 1 2 0
0 7 6 1 1 2 0
0 8 0 1 1 2 0
0 8 2 1 1 2 0
0 8 4 1 1 2 0
0 8 6 1 1 2 0
0 9 0 1 1 2 0
0 9 2 1 1 2 0
0 9 4 1 1 2 0
0 9 6 1 1 2 0
0 10 0 1 1 2 0
0 10 2 1 1 2 0
0 10 4 1 1 2 0
0 10 6 1 1 2 0
0 11 0 1 1 2 0
0 11 2 1 1 2 0
0 11 4 1 1 2 0
0 11 6 1 1 2 0
0 12 0 1 1 2 0
0 12 2 1 1 2 0
0 12 4 1 1 2 0
0 12 6 1 1 2 0
0 13 0 1 1 2 0
0 13 2 1 1 2 0
0 13 4 1 1 2 0
0 13 6 1 1 2 0
0 14 0 1 1 2 0
0 14 2 1 1 2 0
0 14 4 1 1 2 0
0 14 6 1 1 2 0
0 15 0 1 1 2 0
0 15 2 1 1 2 0
0 15 4 1 1 2 0
0 15 6 1 1 2 0
0 16 0 1 1 2 0
0 16 2 1 1 2 0
0 16 4 1 1 2 0
0 16 6 1 1 2 0
0 17 0 1 1 2 0
0 17 2 1 1 2 0
0 17 4 1 1 2 0
0 17 6 1 1 2 0
0 18 0 1 1 2 0
0 18 2 1 1 2 0
0 18 4 1 1 2 0
0 18 6 1 1 2 0
0 19 0 1 1 2 0
0 19 2 1 1 2 0
0 19 4 1 1 2 0
0 19 6 1 1 2 0
1 0 0 1 1 2 0
1 0 2 1 1 2 0
1 0 4 1 1 2 0
1 0 6 1 1 2 0
1 1 0 1 1 2 0
1 1 2 1 1 2 0
1 1 4 1 1 2 0
1 1 6 1 1 2 0
1 2 0 1 1 2 0
1 2 2 1 1 2 0
1 2 4 1 1 2 0
1 2 6 1 1 2 0
1 3 0 1 1 2 0
1 3 2 1 1 2 0
1 3 4 1 1 2 0
1 3 6 1 1 2 0
1 4 0 1 1 2 0
1 4 2 1 1 2 0
1 4 4 1 1 2 0
1 4 6 1 1 2 0
1 5 0 1 1 2 0
1 5 2 1 1 2 0
1 5 4 1 1 2 0
1 5 6 1 1 2 0
1 6 0 1 1 2 0
1 6 2 1 1 2 0
1 6 4 1 1 2 0
1 6 6 1 1 2 0
1 7 0 1 1 2 0
1 7 2 1 1 2 0
1 7 4 1 1 2 0
1 7 6 1 1 2 0
1 8 0 1 1 2 0
1 8 2 1 1 2 0
1 8 4 1 1 2 0
1 8 6 1 1 2 0
1 9 0 1 1 2 0
1 9 2 1 1 2 0
1 9 4 1 1 2 0
1 9 6 1 1 2 0
1 10 0 1 1 2 0
1 10 2 1 1 2 0
1 10 4 1 1 2 0
1 10 6 1 1 2 0
1 11 0 1 1 2 0
1 11 2 1 1 2 0
1 11 4 1 1 2 0
1 11 6 1 1 2 0
1 12 0 1 1 2 0
1 12 2 1 1 2 0
1 12 4 1 1 2 0
1 12 6 1 1 2 0
1 13 0 1 1 2 0
1 13 2 1 1 2 0
1 13 4 1 1 2 0
1 13 6 1 1 2 0
1 14 0 1 1 2 0
1 14 2 1 1 2 0
1 14 4 1 1 2 0
1 14 6 1 1 2 0
1 15 0 1 1 2 0
1 15 2 1 1 2 0
1 15 4 1 1 2 0
1 15 6 1 1 2 0
1 16 0 1 1 2 0
1 16 2 1 1 2 0
1 16 4 1 1 2 0
1 16 6 1 1 2 0
1 17 0 1 1 2 0
1 17 2 1 1 2 0
1 17 4 1 1 2 0
1 17 6 1 1 2 0
1 18 0 1 1 2 0
1 18 2 1 1 2 0
1 18 4 1 1 2 0
1 18 6 1 1 2 0
1 19 0 1 1 2 0
1 19 2 1 1 2 0
1 19 4 1 1 2 0
1 19 6 1 1 2 0
2 0 0 1 1 2 0
2 0 2 1 1 2 0
2 0 4 1 1 2 0
2 0 6 1 1 2 0
2 1 0 1 1 2 0
2 1 2 1 1 2 0
2 1 4 1 1 2 0
2 1 6 1 1 2 0
2 2 0 1 1 2 0
2 2 2 1 1 2 0
2 2 4 1 1 2 0
2 2 6 1 1 2 0
2 3 0 1 1 2 0
2 3 2 1 1 2 0
2 3 4 1 1 2 0
2 3 6 1 1 2 0
2 4 0 1 1 2 0
2 4 2 1 1 2 0
2 4 4 1 1 2 0
2 4 6 1 1 2 0
2 5 0 1 1 2 0
2 5 2 4 2 1 0
2 5 3 4 2 1 0
2 5 4 4 2 1 0
2 5 5 4 2 1 0
2 5 6 4 2 1 0
2 5 7 4 2 1 0
2 6 0 4 2 1 0
2 6 1 4 2 1 0
2 7 2 4 2 1 0
2 7 3 4 2 1 0
2 7 4 4 2 1 0
2 7 5 4 2 1 0
2 7 6 4 2 1 0
2 7 7 4 2 1 0
2 8 0 4 2 1 0
2 8 1 4 2 1 0
2 9 2 4 2 1 0
2 9 3 4 2 1 0
2 9 4 4 2 1 0
2 9 5 4 2 1 0
2 9 6 4 2 1 0
2 9 7 4 2 1 0
2 10 0 4 2 1 0
2 10 1 4 2 1 0
2 12 0 4 2 1 0
2 12 1 4 2 1 0
2 12 2 4 2 1 0
2 12 3 4 2 1 0
2 12 4 4 2 1 0
2 12 5 4 2 1 0
2 12 6 4 2 1 0
2 12 7 4 2 1 0
2 14 0 4 2 1 0
2 14 1 4 2 1 0
2 14 2 1 3 1 0
2 14 3 1 3 1 0
2 14 4 1 3 1 0
2 14 5 1 3 1 0
2 14 6 1 3 1 0
2 14 7 1 3 1 0
2 16 0 1 3 1 0
2 16 1 1 3 1 0
2 17 2 1 3 1 0
3 0 0 4 4 2 0
3 0 2 4 4 2 0
3 0 4 4 4 2 0
3 0 6 4 4 2 0
3 14 2 4 4 2 0
3 14 4 4 4 2 0
3 14 6 4 4 2 0
3 16 0 4 4 2 0
8 0 0 4 4 2 0
8 0 2 4 4 2 0
8 0 4 4 4 2 0
8 0 6 4 4 2 0
8 4 0 4 4 2 0
8 4 2 4 4 2 0
2 17 3 1 3 3 0
6 4 0 1 3 3 0
6 4 3 1 3 3 0
6 7 0 1 3 3 0
6 7 3 1 3 3 0
7 0 0 1 3 3 0
7 0 3 1 3 3 0
7 3 0 1 3 3 0
7 3 3 1 3 3 0
7 6 0 1 3 3 0
7 6 3 1 3 3 0
7 9 0 1 3 3 0
7 9 3 1 3 3 0
7 12 0 1 3 3 0
7 12 3 1 3 3 0
7 15 0 1 3 3 0
7 15 3 1 3 3 0
8 0 0 0.1 20 8 1
0 12 0 20 0.1 8 1
10 12 0 20 0.1 8 1
