16 20 8
0 0 0 3 2 3 0
0 0 3 3 2 3 0
0 2 0 3 2 3 0
0 2 3 3 2 3 0
0 4 0 3 2 3 0
0 4 3 3 2 3 0
0 6 0 3 2 3 0
0 6 3 3 2 3 0
0 8 0 3 2 3 0
0 8 3 3 2 3 0
0 10 0 3 2 3 0
0 10 3 3 2 3 0
0 12 0 3 2 3 0
0 12 3 3 2 3 0
0 14 0 2 4 4 0
0 14 4 2 4 4 0
2 14 0 2 4 4 0
2 14 4 2 4 4 0
3 0 0 2 4 4 0
3 0 4 2 4 4 0
3 4 0 2 4 4 0
0 0 6 3 4 2 0
0 4 6 3 4 2 0
0 8 6 3 4 2 0
0 12 6 3 2 1 0
0 12 7 3 2 1 0
0 18 0 3 2 1 0
0 18 1 3 2 1 0
0 18 2 3 2 1 0
0 18 3 3 2 1 0
0 18 4 3 2 1 0
0 18 5 3 2 1 0
0 18 6 3 2 1 0
0 18 7 3 2 1 0
3 4 4 3 2 1 0
3 4 5 3 2 1 0
3 4 6 3 2 1 0
3 4 7 3 2 1 0
3 6 4 3 2 1 0
3 6 5 3 2 1 0
3 6 6 3 2 1 0
3 6 7 3 2 1 0
3 8 0 3 2 1 0
3 8 1 3 2 1 0
3 8 2 3 2 1 0
3 8 3 3 2 1 0
3 8 4 3 2 1 0
3 8 5 3 2 1 0
3 8 6 3 2 1 0
3 8 7 3 2 1 0
3 10 0 3 2 1 0
3 10 1 3 2 1 0
3 10 2 3 2 1 0
3 10 3 3 2 1 0
3 10 4 3 2 1 0
3 10 5 3 2 1 0
3 10 6 3 2 1 0
3 10 7 3 2 1 0
3 12 0 3 2 1 0
3 12 1 3 2 1 0
3 12 2 3 2 1 0
3 12 3 3 2 1 0
3 12 4 3 2 1 0
3 12 5 3 2 1 0
3 12 6 3 2 1 0
3 12 7 3 2 1 0
3 18 0 3 2 1 0
3 18 1 3 2 1 0
3 18 2 3 2 1 0
3 18 3 3 2 1 0
3 18 4 3 2 1 0
3 18 5 3 2 1 0
3 18 6 3 2 1 0
3 18 7 3 2 1 0
4 14 0 3 2 1 0
4 14 1 3 2 1 0
4 14 2 3 2 1 0
4 14 3 3 2 1 0
4 14 4 3 2 1 0
4 14 5 1 1 2 0
4 15 5 1 1 2 0
4 16 0 1 1 2 0
4 16 2 1 1 2 0
4 16 4 1 1 2 0
4 16 6 1 1 2 0
4 17 0 1 1 2 0
4 17 2 1 1 2 0
4 17 4 1 1 2 0
4 17 6 1 1 2 0
5 0 0 1 1 2 0
5 0 2 1 1 2 0
5 0 4 1 1 2 0
5 0 6 1 1 2 0
5 1 0 1 1 2 0
5 1 2 1 1 2 0
5 1 4 1 1 2 0
5 1 6 1 1 2 0
5 2 0 1 1 2 0
5 2 2 1 1 2 0
5 2 4 1 1 2 0
5 2 6 1 1 2 0
5 3 0 1 1 2 0
5 3 2 1 1 2 0
5 3 4 1 1 2 0
5 3 6 1 1 2 0
5 4 0 1 1 2 0
5 4 2 1 1 2 0
5 5 0 1 1 2 0
5 5 2 1 1 2 0
5 6 0 1 1 2 0
5 6 2 1 1 2 0
5 7 0 1 1 2 0
5 7 2 1 1 2 0
5 14 5 1 1 2 0
5 15 5 1 1 2 0
5 16 0 1 1 2 0
5 16 2 1 1 2 0
5 16 4 1 1 2 0
5 16 6 1 1 2 0
5 17 0 1 1 2 0
5 17 2 1 1 2 0
5 17 4 1 1 2 0
5 17 6 1 1 2 0
6 0 0 1 1 2 0
6 0 2 1 1 2 0
6 0 4 1 1 2 0
6 0 6 1 1 2 0
6 1 0 1 1 2 0
6 1 2 1 1 2 0
6 1 4 1 1 2 0
6 1 6 1 1 2 0
6 2 0 1 1 2 0
6 2 2 1 1 2 0
6 2 4 1 1 2 0
6 2 6 1 1 2 0
6 3 0 1 1 2 0
6 3 2 1 1 2 0
6 3 4 1 1 2 0
6 3 6 1 1 2 0
6 4 0 1 1 2 0
6 4 2 1 1 2 0
6 4 4 1 1 2 0
6 4 6 1 1 2 0
6 5 0 1 1 2 0
6 5 2 1 1 2 0
6 5 4 1 1 2 0
6 5 6 1 1 2 0
6 6 0 1 1 2 0
6 6 2 1 1 2 0
6 6 4 1 1 2 0
6 6 6 1 1 2 0
6 7 0 1 1 2 0
6 7 2 1 1 2 0
6 7 4 1 1 2 0
6 7 6 1 1 2 0
6 8 0 1 1 2 0
6 8 2 1 1 2 0
6 8 4 1 1 2 0
6 8 6 1 1 2 0
6 9 0 1 1 2 0
6 9 2 1 1 2 0
6 9 4 1 1 2 0
6 9 6 1 1 2 0
6 10 0 1 1 2 0
6 10 2 1 1 2 0
6 10 4 1 1 2 0
6 10 6 1 1 2 0
6 11 0 1 1 2 0
6 11 2 1 1 2 0
6 11 4 1 1 2 0
6 11 6 1 1 2 0
6 12 0 1 1 2 0
6 12 2 1 1 2 0
6 12 4 1 1 2 0
6 12 6 1 1 2 0
6 13 0 1 1 2 0
6 13 2 1 1 2 0
6 13 4 1 1 2 0
6 13 6 1 1 2 0
6 14 5 1 1 2 0
6 15 5 1 1 2 0
6 16 0 1 1 2 0
6 16 2 1 1 2 0
6 16 4 1 1 2 0
6 16 6 1 1 2 0
6 17 0 1 1 2 0
6 17 2 1 1 2 0
6 17 4 1 1 2 0
6 17 6 1 1 2 0
6 18 0 1 1 2 0
6 18 2 1 1 2 0
6 18 4 1 1 2 0
6 18 6 1 1 2 0
6 19 0 1 1 2 0
6 19 2 1 1 2 0
6 19 4 1 1 2 0
6 19 6 1 1 2 0
7 0 0 1 1 2 0
7 0 2 1 1 2 0
7 0 4 1 1 2 0
7 0 6 1 1 2 0
7 1 0 1 1 2 0
7 1 2 1 1 2 0
7 1 4 1 1 2 0
7 1 6 1 1 2 0
7 2 0 1 1 2 0
7 2 2 1 1 2 0
7 2 4 1 1 2 0
7 2 6 1 1 2 0
7 3 0 1 1 2 0
7 3 2 1 1 2 0
7 3 4 1 1 2 0
7 3 6 1 1 2 0
7 4 0 1 1 2 0
7 4 2 1 1 2 0
7 4 4 1 1 2 0
7 4 6 1 1 2 0
7 5 0 1 1 2 0
7 5 2 1 1 2 0
7 5 4 1 1 2 0
7 5 6 1 1 2 0
7 6 0 1 1 2 0
7 6 2 1 1 2 0
7 6 4 1 1 2 0
7 6 6 1 1 2 0
7 7 0 1 1 2 0
7 7 2 1 1 2 0
7 7 4 1 1 2 0
7 7 6 1 1 2 0
7 8 0 1 1 2 0
7 8 2 1 1 2 0
7 8 4 1 1 2 0
7 8 6 1 1 2 0
7 9 0 1 1 2 0
7 9 2 1 1 2 0
7 9 4 1 1 2 0
7 9 6 1 1 2 0
7 10 0 1 1 2 0
7 10 2 1 1 2 0
7 10 4 1 1 2 0
7 10 6 1 1 2 0
7 11 0 1 1 2 0
7 11 2 1 1 2 0
7 11 4 1 1 2 0
7 11 6 1 1 2 0
7 12 0 1 1 2 0
7 12 2 1 1 2 0
7 12 4 1 1 2 0
7 12 6 1 1 2 0
7 13 0 1 1 2 0
7 13 2 1 1 2 0
7 13 4 1 1 2 0
7 13 6 1 1 2 0
7 14 0 1 1 2 0
7 14 2 1 1 2 0
7 14 4 1 1 2 0
7 14 6 1 1 2 0
7 15 0 1 1 2 0
7 15 2 1 1 2 0
7 15 4 1 1 2 0
7 15 6 1 1 2 0
7 16 0 1 1 2 0
7 16 2 1 1 2 0
7 16 4 1 1 2 0
7 16 6 1 1 2 0
7 17 0 1 1 2 0
7 17 2 1 1 2 0
7 17 4 1 1 2 0
7 17 6 1 1 2 0
7 18 0 1 1 2 0
7 18 2 1 1 2 0
7 18 4 1 1 2 0
7 18 6 1 1 2 0
7 19 0 1 1 2 0
7 19 2 1 1 2 0
7 19 4 1 1 2 0
7 19 6 1 1 2 0
8 0 0 1 1 2 0
8 0 2 1 1 2 0
8 0 4 1 1 2 0
8 0 6 1 1 2 0
8 1 0 1 1 2 0
8 1 2 1 1 2 0
8 1 4 1 1 2 0
8 1 6 1 1 2 0
8 2 0 1 1 2 0
8 2 2 1 1 2 0
8 2 4 1 1 2 0
8 2 6 1 1 2 0
8 3 0 1 1 2 0
8 3 2 1 1 2 0
8 3 4 1 1 2 0
8 3 6 1 1 2 0
8 4 0 1 1 2 0
8 4 2 1 1 2 0
8 4 4 1 1 2 0
8 4 6 1 1 2 0
8 5 0 1 1 2 0
8 5 2 1 1 2 0
8 5 4 1 1 2 0
8 5 6 1 1 2 0
8 6 0 1 1 2 0
8 6 2 1 1 2 0
8 6 4 1 1 2 0
8 6 6 1 1 2 0
8 7 0 1 1 2 0
8 7 2 1 1 2 0
8 7 4 1 1 2 0
8 7 6 1 1 2 0
8 8 0 1 1 2 0
8 8 2 1 1 2 0
8 8 4 1 1 2 0
8 8 6 1 1 2 0
8 9 0 1 1 2 0
8 9 2 1 1 2 0
8 9 4 1 1 2 0
8 9 6 1 1 2 0
8 10 0 1 1 2 0
8 10 2 1 1 2 0
8 10 4 1 1 2 0
8 10 6 1 1 2 0
8 11 0 1 1 2 0
8 11 2 1 1 2 0
8 11 4 1 1 2 0
8 11 6 1 1 2 0
8 12 0 1 1 2 0
8 12 2 1 1 2 0
8 12 4 1 1 2 0
8 12 6 1 1 2 0
8 13 0 1 1 2 0
8 13 2 1 1 2 0
8 13 4 1 1 2 0
8 13 6 1 1 2 0
8 14 0 1 1 2 0
8 14 2 1 1 2 0
8 14 4 1 1 2 0
8 14 6 1 1 2 0
8 15 0 1 1 2 0
8 15 2 1 1 2 0
8 15 4 1 1 2 0
8 15 6 1 1 2 0
8 16 0 1 1 2 0
8 16 2 1 1 2 0
8 16 4 1 1 2 0
8 16 6 1 1 2 0
8 17 0 1 1 2 0
8 17 2 1 1 2 0
8 17 4 1 1 2 0
8 17 6 1 1 2 0
8 18 0 1 1 2 0
8 18 2 1 1 2 0
8 18 4 1 1 2 0
8 18 6 1 1 2 0
8 19 0 1 1 2 0
8 19 2 1 1 2 0
8 19 4 1 1 2 0
8 19 6 1 1 2 0
9 0 0 1 1 2 0
9 0 2 1 1 2 0
9 0 4 1 1 2 0
9 0 6 1 1 2 0
9 1 0 1 1 2 0
9 1 2 1 1 2 0
9 1 4 1 1 2 0
9 1 6 1 1 2 0
9 2 0 1 1 2 0
9 2 2 1 1 2 0
9 2 4 1 1 2 0
9 2 6 1 1 2 0
9 3 0 1 1 2 0
9 3 2 1 1 2 0
9 3 4 1 1 2 0
9 3 6 1 1 2 0
9 4 0 1 1 2 0
9 4 2 1 1 2 0
9 4 4 1 1 2 0
9 4 6 1 1 2 0
9 5 0 1 1 2 0
9 5 2 1 1 2 0
9 5 4 1 1 2 0
9 5 6 1 1 2 0
9 6 0 1 1 2 0
9 6 2 1 1 2 0
9 6 4 1 1 2 0
9 6 6 1 1 2 0
9 7 0 1 1 2 0
9 7 2 1 1 2 0
9 7 4 1 1 2 0
9 7 6 1 1 2 0
9 8 0 1 1 2 0
9 8 2 1 1 2 0
9 8 4 1 1 2 0
9 8 6 1 1 2 0
9 9 0 1 1 2 0
9 9 2 1 1 2 0
9 9 4 1 1 2 0
9 9 6 1 1 2 0
9 10 0 1 1 2 0
9 10 2 1 1 2 0
9 10 4 1 1 2 0
9 10 6 1 1 2 0
9 11 0 1 1 2 0
9 11 2 1 1 2 0
9 11 4 1 1 2 0
9 11 6 1 1 2 0
9 12 0 1 1 2 0
9 12 2 1 1 2 0
9 12 4 1 1 2 0
9 12 6 1 1 2 0
9 13 0 1 1 2 0
9 13 2 1 1 2 0
9 13 4 1 1 2 0
9 13 6 1 1 2 0
9 14 0 1 1 2 0
9 14 2 1 1 2 0
9 14 4 1 1 2 0
9 14 6 1 1 2 0
9 15 0 1 1 2 0
9 15 2 1 1 2 0
9 15 4 1 1 2 0
9 15 6 1 1 2 0
9 16 0 1 1 2 0
9 16 2 1 1 2 0
9 16 4 1 1 2 0
9 16 6 1 1 2 0
9 17 0 1 1 2 0
9 17 2 1 1 2 0
9 17 4 1 1 2 0
9 17 6 1 1 2 0
9 18 0 1 1 2 0
9 18 2 1 1 2 0
9 18 4 1 1 2 0
9 18 6 1 1 2 0
9 19 0 1 1 2 0
9 19 2 1 1 2 0
9 19 4 1 1 2 0
9 19 6 1 1 2 0
10 0 0 1 1 2 0
10 0 2 1 1 2 0
10 0 4 1 1 2 0
10 0 6 1 1 2 0
10 1 0 1 1 2 0
10 1 2 1 1 2 0
10 1 4 1 1 2 0
10 1 6 1 1 2 0
10 2 0 1 1 2 0
10 2 2 1 1 2 0
10 2 4 1 1 2 0
10 2 6 1 1 2 0
10 3 0 1 1 2 0
10 3 2 1 1 2 0
10 3 4 1 1 2 0
10 3 6 1 1 2 0
10 4 0 1 1 2 0
10 4 2 1 1 2 0
10 4 4 1 1 2 0
10 4 6 1 1 2 0
10 5 0 1 1 2 0
10 5 2 1 1 2 0
10 5 4 1 1 2 0
10 5 6 1 1 2 0
10 6 0 1 1 2 0
10 6 2 1 1 2 0
10 6 4 1 1 2 0
10 6 6 1 1 2 0
10 7 0 1 1 2 0
10 7 2 1 1 2 0
10 7 4 1 1 2 0
10 7 6 1 1 2 0
10 8 0 1 1 2 0
10 8 2 1 1 2 0
10 8 4 1 1 2 0
8 0 0 0.1 20 8 1
0 12 0 20 0.1 8 1
10 12 0 20 0.1 8 1
