Status: 2
Objetivo: 0.477411
Gap: 0.000000%
Tempo de execução: 0.019000 s
Nós explorados: 1.0
