Status: 2
Objetivo: 0.467372
Gap: 0.000000%
Tempo de execução: 0.011000 s
Nós explorados: 1.0
