Status: 2
Objetivo: 0.488306
Gap: 0.000000%
Tempo de execução: 0.014000 s
Nós explorados: 1.0
