Status: 2
Objetivo: 0.444996
Gap: 0.000000%
Tempo de execução: 0.015000 s
Nós explorados: 1.0
