Status: 2
Objetivo: 0.457550
Gap: 0.000000%
Tempo de execução: 0.021000 s
Nós explorados: 1.0
