Status: 2
Objetivo: 0.487036
Gap: 0.000000%
Tempo de execução: 0.296000 s
Nós explorados: 59.0
