Status: 2
Objetivo: 0.718422
Gap: 0.000000%
Tempo de execução: 15.105000 s
Nós explorados: 13107.0
