Status: 2
Objetivo: 0.422224
Gap: 0.000000%
Tempo de execução: 0.026000 s
Nós explorados: 1.0
