Status: 2
Objetivo: 0.531520
Gap: 0.000000%
Tempo de execução: 38.798000 s
Nós explorados: 34786.0
