
Gurobi 12.0.2 (win64) logging started Sun Dec  7 15:17:10 2025

Set parameter LogFile to value "resultados DATA_1_n20m05b2d2\instancia_4_log.txt"
Gurobi Optimizer version 12.0.2 build v12.0.2rc0 (win64 - Windows 10.0 (19045.2))

CPU model: Intel(R) Core(TM) i5-6300U CPU @ 2.40GHz, instruction set [SSE2|AVX|AVX2]
Thread count: 2 physical cores, 4 logical processors, using up to 4 threads

Non-default parameters:
TimeLimit  3600

Optimize a model with 1311 rows, 2242 columns and 4674 nonzeros
Model fingerprint: 0x60713fdf
Variable types: 57 continuous, 2185 integer (2185 binary)
Coefficient statistics:
  Matrix range     [1e+00, 1e+03]
  Objective range  [4e-02, 1e-01]
  Bounds range     [1e+00, 1e+00]
  RHS range        [1e+00, 1e+03]
Found heuristic solution: objective 0.0980000
Presolve removed 135 rows and 1218 columns
Presolve time: 0.06s
Presolved: 1176 rows, 1024 columns, 4252 nonzeros
Variable types: 55 continuous, 969 integer (969 binary)

Root relaxation: objective 1.039000e+00, 336 iterations, 0.01 seconds (0.00 work units)

    Nodes    |    Current Node    |     Objective Bounds      |     Work
 Expl Unexpl |  Obj  Depth IntInf | Incumbent    BestBd   Gap | It/Node Time

     0     0    1.03900    0   14    0.09800    1.03900   960%     -    0s
H    0     0                       0.6150000    1.03900  68.9%     -    0s
H    0     0                       0.7230000    1.03900  43.7%     -    0s
     0     0    1.03900    0   68    0.72300    1.03900  43.7%     -    0s
     0     0    1.03900    0   68    0.72300    1.03900  43.7%     -    0s
     0     0    1.03900    0   22    0.72300    1.03900  43.7%     -    0s
     0     0    1.03900    0   28    0.72300    1.03900  43.7%     -    0s
     0     0    1.03900    0   30    0.72300    1.03900  43.7%     -    0s
     0     0    1.03900    0   22    0.72300    1.03900  43.7%     -    1s
     0     0    1.03900    0   22    0.72300    1.03900  43.7%     -    1s
     0     2    1.03900    0   22    0.72300    1.03900  43.7%     -    1s
  1123   644    0.90250   31   30    0.72300    1.03900  43.7%  27.8    5s
H 1347   730                       0.7395000    1.03900  40.5%  43.1    6s
H 2329   946                       0.7770000    1.03900  33.7%  33.9    6s
  4058  1616    1.03900   31   62    0.77700    1.03900  33.7%  31.1   10s
  6520  3427    0.84850   48   50    0.77700    1.03900  33.7%  28.4   15s
 10283  5225    1.03900   51   32    0.77700    1.03900  33.7%  25.1   20s
 13129  6487    0.86300   60   30    0.77700    1.03900  33.7%  23.8   25s
 15301  7673    0.80450   58   41    0.77700    1.03900  33.7%  24.0   30s
 18518  9322 infeasible   61         0.77700    1.03900  33.7%  23.9   35s
 20755 10713    0.90250   41   86    0.77700    1.03900  33.7%  23.6   44s
 22173 11187 infeasible   38         0.77700    1.03900  33.7%  23.0   45s
 28018 13843    0.80450   43   41    0.77700    1.03900  33.7%  23.6   50s
 32684 16061    0.80900   37   42    0.77700    1.03900  33.7%  24.1   55s
 38048 18818    0.95100   24   58    0.77700    1.03900  33.7%  23.9   60s
 42469 21442    0.84850   36   62    0.77700    1.03900  33.7%  23.8   65s
 46868 23188     cutoff   37         0.77700    1.03900  33.7%  24.0   70s
 51762 26133    0.90250   41   62    0.77700    1.03900  33.7%  24.0   75s
 57974 28536    0.98500   41  122    0.77700    1.03900  33.7%  24.0   80s
 63617 31401    0.90250   27   52    0.77700    1.03900  33.7%  23.8   85s
 68395 33595 infeasible   46         0.77700    1.03900  33.7%  24.1   90s
 71966 35137    0.90250   43   66    0.77700    1.03900  33.7%  24.1   95s
 77193 37645    0.86500   60   45    0.77700    1.03900  33.7%  24.1  100s
 83851 41105 infeasible   31         0.77700    1.03900  33.7%  23.9  105s
 89178 43851 infeasible   46         0.77700    1.03900  33.7%  23.8  110s
 91952 45137    0.94100   27   84    0.77700    1.03900  33.7%  24.0  115s
 100750 50095    0.90250   32   82    0.77700    1.03900  33.7%  23.7  120s
 107008 53688    0.90250   44   56    0.77700    1.03900  33.7%  23.4  125s
 113640 57141 infeasible   34         0.77700    1.03900  33.7%  23.2  130s
 120041 60339     cutoff   77         0.77700    1.03900  33.7%  23.2  135s
 126781 64039    0.79900   27   50    0.77700    1.03900  33.7%  23.0  140s
 130727 66299    0.80450   66   53    0.77700    1.03900  33.7%  23.1  145s
 137514 69366    0.95100   35   53    0.77700    1.03900  33.7%  22.9  150s
 142045 71462 infeasible   49         0.77700    1.03900  33.7%  23.0  155s
 147119 73860    0.90250   37   67    0.77700    1.03900  33.7%  22.9  160s
 154137 77369    0.90250   40   70    0.77700    1.03900  33.7%  22.8  165s
 161955 81410    0.94100   30  107    0.77700    1.03900  33.7%  22.7  170s
 167146 84932 infeasible   34         0.77700    1.03900  33.7%  22.6  175s
 172652 87157    1.03900   48   54    0.77700    1.03900  33.7%  22.5  180s
 176008 89610    0.89700   35   29    0.77700    1.03900  33.7%  22.5  185s
 183377 93324    0.90250   40   40    0.77700    1.03900  33.7%  22.3  190s
 188889 96332    0.84850   69   22    0.77700    1.03900  33.7%  22.2  195s
 195797 100273    0.90250   30   24    0.77700    1.03900  33.7%  22.1  200s
 202031 103759    0.90250   46   94    0.77700    1.03900  33.7%  22.1  205s
 209494 107748    0.80450   41   48    0.77700    1.03900  33.7%  21.9  210s
 213589 110233    0.94100   21   36    0.77700    1.03900  33.7%  21.9  215s
 218948 112712    0.90250   50   43    0.77700    1.03900  33.7%  21.9  220s
 226674 117133    0.80450   53   47    0.77700    1.03900  33.7%  21.8  225s
 230265 119439    0.80450   67   51    0.77700    1.03900  33.7%  21.8  231s
 238971 123040 infeasible   48         0.77700    1.03900  33.7%  21.7  235s
 244617 125918    0.80450   65   36    0.77700    1.03900  33.7%  21.8  240s
 249304 128200    0.78900   38   29    0.77700    1.03900  33.7%  21.9  245s
 252922 130179 infeasible   57         0.77700    1.03900  33.7%  21.9  250s
 257914 132140    0.89700   33   85    0.77700    1.03900  33.7%  21.9  255s
 266927 136502 infeasible   52         0.77700    1.03900  33.7%  21.9  260s
 271624 138713 infeasible   57         0.77700    1.03900  33.7%  21.9  265s
 279306 142736    0.82300   34   32    0.77700    1.03900  33.7%  21.9  270s
 285561 145919    0.78900   29   31    0.77700    1.03900  33.7%  21.9  275s
 289251 147794    0.86300   27   58    0.77700    1.03900  33.7%  21.9  280s
 294436 150801    0.77900   44   22    0.77700    1.03900  33.7%  21.9  285s
 300983 154696    0.83300   35   45    0.77700    1.03900  33.7%  21.9  290s
 310407 159530    1.03900   21   77    0.77700    1.03900  33.7%  21.8  295s
 316948 163100 infeasible   38         0.77700    1.03900  33.7%  21.7  300s
 324103 166881 infeasible   59         0.77700    1.03900  33.7%  21.6  305s
 325981 167741    0.90250   30   65    0.77700    1.03900  33.7%  21.7  310s
 333538 172155    1.03900   33  103    0.77700    1.03900  33.7%  21.6  315s
 341125 175960    0.84850   42   42    0.77700    1.03900  33.7%  21.6  320s
 349011 180259    0.90250   39   66    0.77700    1.03900  33.7%  21.6  325s
 351939 181620    0.84850   70   46    0.77700    1.03900  33.7%  21.7  330s
 358568 185024    0.90250   48   81    0.77700    1.03900  33.7%  21.7  335s
 362704 186991    1.03900   27   77    0.77700    1.03900  33.7%  21.7  340s
 369426 190101    0.90250   37   80    0.77700    1.03900  33.7%  21.8  345s
 374004 192091    0.90250   34   66    0.77700    1.03900  33.7%  21.8  350s
 379879 194757 infeasible   64         0.77700    1.03338  33.0%  21.8  355s
 390396 199918 infeasible   85         0.77700    1.02535  32.0%  21.7  360s
 400203 204135    0.87700   46   58    0.77700    1.01200  30.2%  21.6  365s
 409386 208772    0.86500   50   24    0.77700    1.00150  28.9%  21.5  370s
 414962 210505 infeasible   44         0.77700    0.99500  28.1%  21.6  375s
 423462 213860 infeasible   40         0.77700    0.98500  26.8%  21.6  380s
 433319 218245 infeasible   81         0.77700    0.98500  26.8%  21.4  385s
 442638 222177    0.93100   53   56    0.77700    0.98500  26.8%  21.4  390s
 452066 226320 infeasible   39         0.77700    0.98170  26.3%  21.3  395s
 461396 230118    0.81450   40   32    0.77700    0.95398  22.8%  21.2  400s
 470176 233738    0.81450   61   79    0.77700    0.95100  22.4%  21.2  405s
 478512 236567    0.81450   62   61    0.77700    0.95100  22.4%  21.1  410s
 487357 240474    0.85300   46   54    0.77700    0.95100  22.4%  21.1  415s
 496954 245464    0.79900   52   42    0.77700    0.95100  22.4%  21.0  420s
 508410 251552 infeasible   71         0.77700    0.95100  22.4%  20.8  425s
 519471 257448    0.81450   50   56    0.77700    0.95100  22.4%  20.6  430s
 530255 262508 infeasible   53         0.77700    0.95100  22.4%  20.5  435s
 539945 267349    0.90250   45   81    0.77700    0.95100  22.4%  20.4  440s
 549745 272071    0.81450   94   12    0.77700    0.95100  22.4%  20.3  445s
 559212 276323    0.81450   62   53    0.77700    0.95100  22.4%  20.2  450s
 569316 281070    0.84850   46   64    0.77700    0.95100  22.4%  20.1  455s
 578083 285288    0.81450   55   39    0.77700    0.95100  22.4%  20.1  460s
 586662 288423    0.94425   33   70    0.77700    0.95100  22.4%  20.1  465s
 595451 292816    0.81450   58   51    0.77700    0.95100  22.4%  20.0  470s
 605110 296427    0.81450   46   39    0.77700    0.95100  22.4%  20.0  475s
 613608 299853    0.85300   39   47    0.77700    0.95100  22.4%  19.9  480s
 624278 304691    0.85300   38   42    0.77700    0.95100  22.4%  19.8  485s
 633538 308755    0.82550   38   37    0.77700    0.95100  22.4%  19.8  490s
 638988 311158    0.85300   41   58    0.77700    0.95100  22.4%  19.8  495s
 646931 314386    0.79900   53   50    0.77700    0.95100  22.4%  19.8  500s
 653851 317192    0.81450   74   20    0.77700    0.95100  22.4%  19.8  505s
 662228 319864 infeasible   39         0.77700    0.95100  22.4%  19.8  510s
 671221 323596    0.95100   45   60    0.77700    0.95100  22.4%  19.7  515s
 680154 327014     cutoff   44         0.77700    0.95100  22.4%  19.7  520s
 688516 330841 infeasible   48         0.77700    0.95100  22.4%  19.7  525s
 696805 333439    0.85300   61   47    0.77700    0.95100  22.4%  19.7  530s
 706275 337323 infeasible   78         0.77700    0.95100  22.4%  19.6  535s
 716589 341388 infeasible   39         0.77700    0.95100  22.4%  19.6  540s
 725244 345078    0.90250   68   74    0.77700    0.95100  22.4%  19.6  545s
 734625 348503 infeasible   53         0.77700    0.95100  22.4%  19.5  550s
 743215 351822 infeasible   47         0.77700    0.95100  22.4%  19.6  555s
 751404 355435    0.85300   44   50    0.77700    0.95100  22.4%  19.5  560s
 761672 359073    0.82200   37   38    0.77700    0.95100  22.4%  19.5  565s
 771247 363388    0.94695   45   66    0.77700    0.95100  22.4%  19.5  570s
 780644 366563 infeasible   59         0.77700    0.95100  22.4%  19.4  575s
 790681 370932 infeasible   40         0.77700    0.95100  22.4%  19.4  580s
 798944 374529 infeasible   55         0.77700    0.95100  22.4%  19.4  585s
 809599 379934    0.85300   52   73    0.77700    0.95100  22.4%  19.3  590s
 819502 383612 infeasible   48         0.77700    0.95100  22.4%  19.3  595s
 827988 386562    0.83850   42   48    0.77700    0.95100  22.4%  19.3  600s
 836717 390033    0.85300   36   43    0.77700    0.95100  22.4%  19.3  605s
 844203 392979    0.89700   40   83    0.77700    0.95100  22.4%  19.3  610s
 853330 395964    0.80550   38   29    0.77700    0.95100  22.4%  19.3  615s
 862474 399721 infeasible   67         0.77700    0.95100  22.4%  19.3  620s
 871761 403308    0.95100   39   77    0.77700    0.95100  22.4%  19.2  625s
 880313 406874    0.84300   38   50    0.77700    0.95100  22.4%  19.2  630s
 889841 410047 infeasible   62         0.77700    0.95100  22.4%  19.2  635s
 898128 413539    0.89700   53   82    0.77700    0.95100  22.4%  19.2  640s
 906303 415848    0.85300   61   47    0.77700    0.95100  22.4%  19.2  645s
 914124 418160     cutoff   71         0.77700    0.95100  22.4%  19.2  650s
 922279 420803    0.84300   34   28    0.77700    0.95100  22.4%  19.2  655s
 930925 423516    0.89700   50   87    0.77700    0.95100  22.4%  19.2  660s
 940484 426964 infeasible   52         0.77700    0.95100  22.4%  19.1  665s
 950491 431428    0.81450   45   47    0.77700    0.95100  22.4%  19.1  670s
 958843 434044 infeasible   65         0.77700    0.95100  22.4%  19.1  675s
 967158 436807    0.81550   48   32    0.77700    0.95100  22.4%  19.1  680s
 976053 440504 infeasible   56         0.77700    0.95100  22.4%  19.1  685s
 984814 443909    0.81450   63   27    0.77700    0.95100  22.4%  19.1  690s
 994286 448094     cutoff   27         0.77700    0.95100  22.4%  19.0  695s
 1005397 454428 infeasible   67         0.77700    0.95100  22.4%  19.0  700s
 1015199 459772    0.81450   49   24    0.77700    0.95100  22.4%  18.9  705s
 1023828 463538    0.81450   50   55    0.77700    0.95100  22.4%  18.9  710s
 1032497 467466    0.81450   56   56    0.77700    0.95100  22.4%  18.9  715s
 1040706 471608    0.81450   83   42    0.77700    0.95100  22.4%  18.9  720s
 1050910 476109    0.95100   43   68    0.77700    0.95100  22.4%  18.8  725s
 1060103 480370 infeasible   51         0.77700    0.95100  22.4%  18.8  730s
 1069480 483996    0.95100   79   80    0.77700    0.95100  22.4%  18.7  735s
 1078822 487240    0.85300   34   73    0.77700    0.95100  22.4%  18.7  740s
 1088695 490676    0.84300   49   29    0.77700    0.95100  22.4%  18.7  745s
 1097007 493554    0.79900   42   33    0.77700    0.95100  22.4%  18.7  750s
 1106520 496789 infeasible   59         0.77700    0.95100  22.4%  18.6  755s
 1115119 499933    0.89700   49   68    0.77700    0.95100  22.4%  18.6  760s
 1123792 502749    0.79900   47   62    0.77700    0.95100  22.4%  18.6  765s
 1132579 506349    0.81450   48   30    0.77700    0.95100  22.4%  18.6  770s
 1141272 510296 infeasible   88         0.77700    0.95100  22.4%  18.6  775s
 1149011 513183    0.90250   49   93    0.77700    0.95100  22.4%  18.6  780s
 1157571 516677 infeasible   80         0.77700    0.95100  22.4%  18.6  785s
 1166782 520540    0.79900   81   30    0.77700    0.95100  22.4%  18.6  790s
 1176358 524446 infeasible   68         0.77700    0.95100  22.4%  18.6  795s
 1185234 528486    0.94830   43   56    0.77700    0.94950  22.2%  18.6  800s
 1192929 532007 infeasible   45         0.77700    0.94650  21.8%  18.6  805s
 1201110 534946    0.84850   63   51    0.77700    0.94290  21.4%  18.5  810s
 1209393 538692     cutoff   32         0.77700    0.94100  21.1%  18.5  815s
 1217124 541058    0.83300   33   42    0.77700    0.94100  21.1%  18.5  820s
 1225260 544410    0.80450   56   84    0.77700    0.94100  21.1%  18.5  825s
 1234035 547483 infeasible   46         0.77700    0.94100  21.1%  18.5  830s
 1242892 550819 infeasible   87         0.77700    0.94100  21.1%  18.5  835s
 1250561 553503 infeasible   46         0.77700    0.94100  21.1%  18.5  840s
 1258437 557015 infeasible   75         0.77700    0.94100  21.1%  18.5  845s
 1266434 560033    0.80450   40   61    0.77700    0.94100  21.1%  18.5  850s
 1273412 562737 infeasible   57         0.77700    0.94100  21.1%  18.5  855s
 1282590 565752    0.80450   60   65    0.77700    0.94100  21.1%  18.5  860s
 1289675 568274 infeasible   54         0.77700    0.94100  21.1%  18.5  865s
 1297040 570754    0.85300   47   40    0.77700    0.94100  21.1%  18.5  870s
 1305525 574116    0.80450   78   16    0.77700    0.94100  21.1%  18.5  875s
 1313662 577575    0.77900   53   30    0.77700    0.94100  21.1%  18.5  880s
 1321793 580868    0.92735   51   71    0.77700    0.94100  21.1%  18.5  885s
 1327601 583483    0.79900   59   43    0.77700    0.94100  21.1%  18.5  890s
 1335191 587119    0.80450   77   17    0.77700    0.94100  21.1%  18.5  895s
 1344353 591174    0.93220   55   80    0.77700    0.94100  21.1%  18.5  900s
 1352095 594130     cutoff   45         0.77700    0.94100  21.1%  18.5  905s
 1361148 597574    0.80450   55   40    0.77700    0.94100  21.1%  18.5  910s
 1368367 599869    0.85300   64   50    0.77700    0.94100  21.1%  18.5  915s
 1376703 603163    0.80450   61   35    0.77700    0.94100  21.1%  18.4  920s
 1384320 605973 infeasible   59         0.77700    0.94100  21.1%  18.4  925s
 1392246 608938 infeasible   58         0.77700    0.94100  21.1%  18.4  930s
 1400280 612357    0.85300   54   48    0.77700    0.94100  21.1%  18.5  935s
 1407886 615389    0.79900   57   25    0.77700    0.94100  21.1%  18.5  940s
 1416185 618154 infeasible   70         0.77700    0.94100  21.1%  18.5  945s
 1423807 620546 infeasible   38         0.77700    0.94100  21.1%  18.4  950s
 1431384 623207 infeasible   59         0.77700    0.94100  21.1%  18.4  955s
 1438214 626118    0.80450   53   64    0.77700    0.94100  21.1%  18.4  960s
 1445234 629753    0.80450   76   38    0.77700    0.94100  21.1%  18.4  965s
 1450287 632434    0.80450   75   40    0.77700    0.94100  21.1%  18.4  970s
 1453970 633971    0.81550   49   34    0.77700    0.94100  21.1%  18.4  975s
 1458282 635790    0.80450   59   41    0.77700    0.94100  21.1%  18.4  980s
 1463452 638045    0.85300   40   40    0.77700    0.94100  21.1%  18.4  985s
 1467437 639344 infeasible   48         0.77700    0.94100  21.1%  18.4  990s
 1470623 640398 infeasible   62         0.77700    0.94100  21.1%  18.4  995s
 1476679 642465    0.85300   47   45    0.77700    0.94100  21.1%  18.4 1000s
 1483742 645444    0.85300   32   69    0.77700    0.94100  21.1%  18.4 1005s
 1490211 647258 infeasible   38         0.77700    0.94100  21.1%  18.4 1010s
 1495752 649180    0.85300   43   32    0.77700    0.94100  21.1%  18.4 1015s
 1501090 650951    0.85300   46   68    0.77700    0.94100  21.1%  18.4 1020s
 1506963 653169 infeasible   52         0.77700    0.94100  21.1%  18.4 1025s
 1513453 655808    0.80450   61   40    0.77700    0.94100  21.1%  18.4 1030s
 1520996 658994 infeasible   61         0.77700    0.94100  21.1%  18.4 1035s
 1527564 661846    0.79900   55   73    0.77700    0.94100  21.1%  18.4 1040s
 1534394 664977    0.80450   76   44    0.77700    0.94100  21.1%  18.4 1045s
 1542240 668134    0.85300   65   53    0.77700    0.94100  21.1%  18.4 1050s
 1549910 670703 infeasible   28         0.77700    0.94100  21.1%  18.3 1055s
 1557326 673228    0.85300   33   40    0.77700    0.94100  21.1%  18.3 1060s
 1565605 676375    0.81550   45   55    0.77700    0.94100  21.1%  18.3 1065s
 1573048 679333    0.94100   28   69    0.77700    0.94100  21.1%  18.3 1070s
 1580026 681632    0.79900   53   68    0.77700    0.94100  21.1%  18.3 1075s
 1586707 684205 infeasible   59         0.77700    0.94100  21.1%  18.3 1080s
 1591747 685901 infeasible   40         0.77700    0.94100  21.1%  18.3 1085s
 1597734 688042    0.80450   59   39    0.77700    0.94100  21.1%  18.3 1090s
 1603552 690170    0.80450   56   34    0.77700    0.94100  21.1%  18.3 1095s
 1611038 693047    0.80450   63   55    0.77700    0.94100  21.1%  18.3 1100s
 1619165 697256    0.94100   42  121    0.77700    0.94100  21.1%  18.3 1105s
 1625196 700490    0.80450   53   43    0.77700    0.94100  21.1%  18.3 1110s
 1633351 704698    0.80450   53   43    0.77700    0.94100  21.1%  18.3 1115s
 1640736 708246     cutoff   38         0.77700    0.94100  21.1%  18.3 1120s
 1647119 711049 infeasible   31         0.77700    0.94100  21.1%  18.3 1125s
 1654184 713690 infeasible   39         0.77700    0.94100  21.1%  18.3 1130s
 1661062 716311    0.80450   64   73    0.77700    0.94100  21.1%  18.3 1135s
 1668630 719325 infeasible   51         0.77700    0.94100  21.1%  18.2 1140s
 1675747 722442    0.90350   64   56    0.77700    0.94100  21.1%  18.2 1145s
 1681953 725377    0.81550   61   30    0.77700    0.94100  21.1%  18.2 1150s
 1688233 727617 infeasible   76         0.77700    0.94100  21.1%  18.2 1155s
 1695195 730685 infeasible   64         0.77700    0.94100  21.1%  18.2 1160s
 1702318 734227    0.80450   54   41    0.77700    0.94100  21.1%  18.2 1165s
 1710114 737586    0.77900   53   44    0.77700    0.94100  21.1%  18.2 1170s
 1715978 739852    0.79550   62   48    0.77700    0.94100  21.1%  18.2 1175s
 1722594 742889    0.80450   60   37    0.77700    0.94100  21.1%  18.2 1180s
 1730885 746155    0.88700   53   59    0.77700    0.94100  21.1%  18.2 1185s
 1737378 748875    0.80450   46   76    0.77700    0.94100  21.1%  18.2 1190s
 1743882 751817 infeasible   56         0.77700    0.94100  21.1%  18.1 1195s
 1750828 754928    0.80450   55   49    0.77700    0.94100  21.1%  18.1 1200s
 1758454 757762     cutoff   41         0.77700    0.94100  21.1%  18.1 1205s
 1765398 760266    0.85300   48   64    0.77700    0.94100  21.1%  18.1 1210s
 1773602 763571    0.81550   66   36    0.77700    0.94100  21.1%  18.1 1215s
 1781356 765932 infeasible   53         0.77700    0.94100  21.1%  18.1 1220s
 1788575 768318    0.85300   32   38    0.77700    0.94100  21.1%  18.1 1225s
 1794224 770591    0.77800   65   20    0.77700    0.94100  21.1%  18.1 1230s
 1800016 772198 infeasible   48         0.77700    0.94100  21.1%  18.1 1235s
 1805211 773912    0.88700   52   68    0.77700    0.94100  21.1%  18.1 1240s
 1813679 777154    0.80450   61   28    0.77700    0.94100  21.1%  18.1 1245s
 1818926 778600 infeasible   57         0.77700    0.94100  21.1%  18.1 1250s
 1825295 780740     cutoff   37         0.77700    0.94100  21.1%  18.1 1255s
 1831306 783292 infeasible   70         0.77700    0.94100  21.1%  18.1 1260s
 1838567 785443     cutoff   45         0.77700    0.94100  21.1%  18.1 1265s
 1845668 788282    0.81550   77   30    0.77700    0.94100  21.1%  18.1 1270s
 1852919 790750    0.79900   46   25    0.77700    0.94100  21.1%  18.1 1275s
 1858903 792658    0.79900   73   27    0.77700    0.94100  21.1%  18.1 1280s
 1866934 794414    0.90250   47   93    0.77700    0.93888  20.8%  18.1 1285s
 1874198 797089    0.81450   76   57    0.77700    0.93725  20.6%  18.1 1290s
 1880875 799073    0.86500   76   42    0.77700    0.93538  20.4%  18.1 1295s
 1889224 802013    0.90250   59   49    0.77700    0.93292  20.1%  18.0 1300s
 1896643 804251 infeasible   38         0.77700    0.93100  19.8%  18.0 1305s
 1903522 806615    0.83300   43   59    0.77700    0.93100  19.8%  18.0 1310s
 1910784 808704 infeasible   60         0.77700    0.93020  19.7%  18.0 1315s
 1917670 810296 infeasible   33         0.77700    0.92780  19.4%  18.0 1320s
 1924518 812798    0.85300   47   46    0.77700    0.92650  19.2%  18.0 1325s
 1931431 814195    0.85300   42  108    0.77700    0.92340  18.8%  18.0 1330s
 1938379 816080    0.89700   39   64    0.77700    0.91940  18.3%  18.0 1335s
 1945633 818449    0.79900   43   44    0.77700    0.91500  17.8%  18.0 1340s
 1952110 820972 infeasible   55         0.77700    0.91370  17.6%  18.0 1345s
 1958828 822445    0.81450   76   25    0.77700    0.91350  17.6%  18.0 1350s
 1965255 823876    0.85950   75   34    0.77700    0.91350  17.6%  18.0 1355s
 1971107 825212    0.82200   54   30    0.77700    0.91350  17.6%  18.0 1360s
 1977189 827054    0.81450   55   54    0.77700    0.91350  17.6%  18.0 1365s
 1983139 828533    0.81550   76   54    0.77700    0.91350  17.6%  18.0 1370s
 1989039 829388     cutoff   73         0.77700    0.91350  17.6%  18.0 1375s
 1996117 831318    0.86500   67   50    0.77700    0.91350  17.6%  18.0 1380s
 2003396 833461 infeasible   63         0.77700    0.90600  16.6%  18.0 1385s
 2009778 834513 infeasible   56         0.77700    0.90350  16.3%  18.0 1390s
 2015739 835101    0.81550   65   42    0.77700    0.90350  16.3%  18.0 1395s
 2022134 836215    0.81550   62   44    0.77700    0.90350  16.3%  18.0 1400s
 2028132 837473 infeasible   48         0.77700    0.90350  16.3%  18.0 1405s
 2034783 840785    0.90250   43   38    0.77700    0.90250  16.2%  18.0 1410s
 2040178 843864 infeasible  100         0.77700    0.90250  16.2%  18.0 1415s
 2047966 847292 infeasible   35         0.77700    0.90250  16.2%  18.0 1420s
 2055469 850421 infeasible   92         0.77700    0.90250  16.2%  18.0 1425s
 2062030 853194    0.90250   50   38    0.77700    0.90250  16.2%  18.0 1430s
 2069367 856536    0.80450   65   30    0.77700    0.90250  16.2%  18.0 1435s
 2076317 859709 infeasible   72         0.77700    0.90250  16.2%  18.0 1440s
 2081352 861626    0.90250   92   33    0.77700    0.90250  16.2%  18.0 1445s
 2086832 863535    0.86500   74   22    0.77700    0.90250  16.2%  18.0 1450s
 2093140 866096    0.81450   96   18    0.77700    0.90250  16.2%  18.0 1455s
 2100443 868968    0.80450   44   43    0.77700    0.90250  16.2%  18.0 1460s
 2106414 870947    0.84850  104   36    0.77700    0.90250  16.2%  18.0 1465s
 2112604 872968    0.81450   98   22    0.77700    0.90250  16.2%  18.0 1470s
 2119021 875049 infeasible   72         0.77700    0.90250  16.2%  18.0 1475s
 2125535 877306    0.80450   77   10    0.77700    0.90250  16.2%  18.0 1480s
 2131262 879349    0.90250   96   43    0.77700    0.90250  16.2%  18.0 1485s
 2137539 881373    0.90250  120   31    0.77700    0.90250  16.2%  18.0 1490s
 2144544 883890    0.86500   44   43    0.77700    0.90250  16.2%  18.0 1495s
 2150954 886357    0.80450   82   30    0.77700    0.90250  16.2%  17.9 1500s
 2156987 888964 infeasible  103         0.77700    0.90250  16.2%  17.9 1505s
 2165111 892730 infeasible   86         0.77700    0.90250  16.2%  17.9 1510s
 2171686 895027 infeasible   63         0.77700    0.90250  16.2%  17.9 1515s
 2176849 897553    0.81100   65   26    0.77700    0.90250  16.2%  17.9 1520s
 2183502 900094    0.90250   56   24    0.77700    0.90250  16.2%  17.9 1525s
 2189066 901869 infeasible   91         0.77700    0.90250  16.2%  17.9 1530s
 2194157 903890    0.81100   66   18    0.77700    0.90250  16.2%  17.9 1535s
 2199828 906028     cutoff   35         0.77700    0.90250  16.2%  17.9 1540s
 2206276 908503 infeasible   68         0.77700    0.90250  16.2%  17.9 1545s
 2211760 910448    0.81100   75   22    0.77700    0.90250  16.2%  17.9 1550s
 2217305 912070 infeasible   57         0.77700    0.90250  16.2%  17.9 1555s
 2223803 913947 infeasible   64         0.77700    0.90250  16.2%  17.9 1560s
 2229557 915853    0.90250   92   25    0.77700    0.90250  16.2%  17.9 1565s
 2235943 918009 infeasible   65         0.77700    0.90250  16.2%  17.9 1570s
 2241761 919773 infeasible   91         0.77700    0.90250  16.2%  17.9 1575s
 2246026 920867 infeasible   75         0.77700    0.90250  16.2%  17.9 1580s
 2250880 922369    0.90250   40   24    0.77700    0.90250  16.2%  17.9 1585s
 2255988 924442    0.80450   58   26    0.77700    0.90250  16.2%  17.9 1590s
 2259434 925694    0.81450   67   48    0.77700    0.90250  16.2%  17.9 1595s
 2264237 928205    0.86500   85   37    0.77700    0.90250  16.2%  17.9 1600s
 2269481 929362    0.80450   69   33    0.77700    0.90250  16.2%  17.9 1605s
 2274143 931159    0.79000   80   17    0.77700    0.90250  16.2%  17.9 1610s
 2279047 932948    0.90250   55   28    0.77700    0.90250  16.2%  17.9 1615s
 2284575 934575    0.86500   87   40    0.77700    0.90250  16.2%  17.9 1620s
 2289946 936169 infeasible   69         0.77700    0.90250  16.2%  17.9 1625s
 2295435 938324    0.81450   69   73    0.77700    0.90250  16.2%  17.9 1630s
 2302372 941317    0.81450   99   24    0.77700    0.90250  16.2%  17.9 1635s
 2309990 944579    0.81450   88   21    0.77700    0.90250  16.2%  17.9 1640s
 2317174 947817    0.81450  102   12    0.77700    0.90250  16.2%  17.9 1645s
 2324100 951079    0.81450   69   31    0.77700    0.90250  16.2%  17.9 1650s
 2331265 953962    0.82750   72   30    0.77700    0.90250  16.2%  17.9 1655s
 2338002 956605    0.81450   96   33    0.77700    0.90250  16.2%  17.9 1660s
 2343510 958804 infeasible  109         0.77700    0.90250  16.2%  17.8 1665s
 2349234 961269    0.90250   45   54    0.77700    0.90250  16.2%  17.8 1670s
 2356052 964055 infeasible   68         0.77700    0.90250  16.2%  17.8 1675s
 2362377 966398 infeasible   51         0.77700    0.90250  16.2%  17.8 1680s
 2367480 967907    0.80450   56   57    0.77700    0.90250  16.2%  17.8 1685s
 2373325 969795    0.90250   78   47    0.77700    0.90250  16.2%  17.8 1690s
 2378825 971555 infeasible   70         0.77700    0.90250  16.2%  17.8 1695s
 2383728 973634    0.90250   81   60    0.77700    0.90250  16.2%  17.8 1700s
 2390114 975174 infeasible   90         0.77700    0.90250  16.2%  17.8 1705s
 2396110 977027    0.81450  124   19    0.77700    0.90250  16.2%  17.8 1710s
 2401904 978728    0.86500   63   61    0.77700    0.90250  16.2%  17.8 1715s
 2408607 980267 infeasible   71         0.77700    0.90250  16.2%  17.8 1720s
 2414942 982596    0.79000   63   23    0.77700    0.90250  16.2%  17.7 1725s
 2421418 984974 infeasible   57         0.77700    0.90250  16.2%  17.7 1730s
 2427702 986805 infeasible   84         0.77700    0.90250  16.2%  17.7 1735s
 2434174 989312    0.90250   36   69    0.77700    0.90250  16.2%  17.7 1740s
 2439410 991438    0.84850   41   45    0.77700    0.90250  16.2%  17.7 1745s
 2445342 993369    0.81450   75   60    0.77700    0.90250  16.2%  17.7 1750s
 2451119 995682     cutoff  103         0.77700    0.90250  16.2%  17.7 1755s
 2456768 998023    0.80450   58   51    0.77700    0.90250  16.2%  17.7 1760s
 2462795 1000036    0.80450   91   39    0.77700    0.90250  16.2%  17.7 1765s
 2469401 1002269 infeasible   99         0.77700    0.90250  16.2%  17.7 1770s
 2475526 1004236    0.80450   85   34    0.77700    0.90250  16.2%  17.7 1775s
 2480932 1006314    0.90250   72   33    0.77700    0.90250  16.2%  17.7 1780s
 2486787 1007976 infeasible   65         0.77700    0.90250  16.2%  17.7 1785s
 2492942 1010420    0.90250   53   36    0.77700    0.90250  16.2%  17.7 1790s
 2498964 1012669    0.84850   40   62    0.77700    0.90250  16.2%  17.7 1795s
 2504903 1014645    0.84850   40   64    0.77700    0.90250  16.2%  17.6 1800s
 2511492 1017116    0.90250   57   50    0.77700    0.90250  16.2%  17.6 1805s
 2517636 1019266    0.86500   67   34    0.77700    0.90250  16.2%  17.6 1810s
 2524147 1021496    0.84850   57   40    0.77700    0.90250  16.2%  17.6 1815s
 2529653 1023376 infeasible   75         0.77700    0.90250  16.2%  17.6 1820s
 2535499 1025454    0.81450   69   76    0.77700    0.90250  16.2%  17.6 1825s
 2541713 1027528 infeasible   82         0.77700    0.90250  16.2%  17.6 1830s
 2546510 1028991    0.86500   67   68    0.77700    0.90250  16.2%  17.6 1835s
 2552634 1031544 infeasible   47         0.77700    0.90250  16.2%  17.6 1840s
 2560166 1034700    0.84850   54   68    0.77700    0.90250  16.2%  17.6 1845s
 2566946 1036723    0.90250   49   67    0.77700    0.90250  16.2%  17.6 1850s
 2573482 1039391    0.81450   62   53    0.77700    0.90250  16.2%  17.6 1855s
 2579128 1041736 infeasible   61         0.77700    0.90250  16.2%  17.5 1860s
 2584366 1043051    0.81450   69   53    0.77700    0.90250  16.2%  17.5 1865s
 2589674 1044304 infeasible   75         0.77700    0.90250  16.2%  17.5 1870s
 2595030 1045387 infeasible   75         0.77700    0.90250  16.2%  17.5 1875s
 2600200 1046795    0.81450   72   34    0.77700    0.90250  16.2%  17.5 1880s
 2605139 1047857    0.84850   78   29    0.77700    0.90250  16.2%  17.5 1885s
 2609488 1048901 infeasible   67         0.77700    0.90250  16.2%  17.5 1890s
 2615904 1050612 infeasible   74         0.77700    0.90250  16.2%  17.5 1895s
 2620719 1051863    0.86500   72   48    0.77700    0.90250  16.2%  17.5 1900s
 2625540 1053355 infeasible   75         0.77700    0.90250  16.2%  17.5 1905s
 2631575 1055331 infeasible   71         0.77700    0.90250  16.2%  17.5 1910s
 2636820 1057119    0.81450   76   29    0.77700    0.90250  16.2%  17.5 1915s
 2642436 1058843    0.90250   48   76    0.77700    0.90250  16.2%  17.5 1920s
 2647858 1060426    0.81450   62   58    0.77700    0.90250  16.2%  17.5 1925s
 2653705 1062644 infeasible   66         0.77700    0.90250  16.2%  17.5 1930s
 2658546 1064110    0.81450   69   10    0.77700    0.90250  16.2%  17.5 1935s
 2662667 1065502    0.81450   63   54    0.77700    0.90250  16.2%  17.5 1940s
 2669291 1067683    0.81450   69   40    0.77700    0.90250  16.2%  17.5 1945s
 2675262 1069547    0.81450   73   34    0.77700    0.90250  16.2%  17.5 1950s
 2680295 1071332    0.81450   84   23    0.77700    0.90250  16.2%  17.5 1955s
 2686046 1072789    0.90250   65   46    0.77700    0.90250  16.2%  17.5 1960s
 2690789 1074405    0.90250   95   40    0.77700    0.90250  16.2%  17.5 1965s
 2696322 1076111    0.80450   95   86    0.77700    0.90250  16.2%  17.5 1970s
 2702492 1078456    0.82750  109   28    0.77700    0.90250  16.2%  17.5 1975s
 2708394 1080391    0.80450  137   24    0.77700    0.90250  16.2%  17.5 1980s
 2713666 1081589 infeasible   64         0.77700    0.90250  16.2%  17.5 1985s
 2719326 1083598    0.90063   58   59    0.77700    0.90250  16.2%  17.5 1990s
 2725893 1085984    0.89440   71   59    0.77700    0.90250  16.2%  17.4 1995s
 2731926 1088495    0.86500   71   38    0.77700    0.90250  16.2%  17.4 2000s
 2737781 1090146 infeasible  103         0.77700    0.90250  16.2%  17.4 2005s
 2743939 1092281    0.81450   68   24    0.77700    0.90250  16.2%  17.4 2010s
 2747580 1093623    0.82750   70   33    0.77700    0.90250  16.2%  17.4 2015s
 2752512 1095498 infeasible   79         0.77700    0.90250  16.2%  17.4 2020s
 2757078 1096791 infeasible   61         0.77700    0.90250  16.2%  17.4 2025s
 2762286 1098187    0.86500   80   70    0.77700    0.90250  16.2%  17.4 2030s
 2769002 1100935 infeasible   77         0.77700    0.90250  16.2%  17.4 2035s
 2774493 1102951    0.90250   51   50    0.77700    0.90250  16.2%  17.4 2040s
 2778957 1104500    0.90250   39   50    0.77700    0.90250  16.2%  17.4 2045s
 2783251 1105855    0.90250   97   75    0.77700    0.90250  16.2%  17.4 2050s
 2788063 1107725    0.81450  121   28    0.77700    0.90250  16.2%  17.4 2055s
 2794083 1109486    0.81100  129   28    0.77700    0.90250  16.2%  17.4 2060s
 2800241 1111379    0.90250   43   62    0.77700    0.90250  16.2%  17.4 2065s
 2807880 1113941 infeasible   65         0.77700    0.90250  16.2%  17.4 2070s
 2812318 1115684    0.90250   90   47    0.77700    0.90250  16.2%  17.4 2075s
 2817483 1117372    0.81450   68   55    0.77700    0.90250  16.2%  17.4 2080s
 2823912 1119258    0.90250   67   43    0.77700    0.90250  16.2%  17.4 2085s
 2826844 1120175 infeasible   79         0.77700    0.90250  16.2%  17.4 2090s
 2830697 1121423    0.81450   73   70    0.77700    0.90250  16.2%  17.4 2095s
 2834902 1123039 infeasible   81         0.77700    0.90250  16.2%  17.4 2100s
 2839050 1124151    0.82750   67   30    0.77700    0.90250  16.2%  17.4 2105s
 2843656 1125800    0.86500   77   66    0.77700    0.90250  16.2%  17.4 2110s
 2850239 1127678 infeasible   54         0.77700    0.90250  16.2%  17.3 2115s
 2854087 1128857 infeasible   46         0.77700    0.90250  16.2%  17.3 2120s
 2859121 1130088 infeasible   74         0.77700    0.90250  16.2%  17.3 2125s
 2862825 1130830    0.84850   68   45    0.77700    0.90250  16.2%  17.3 2130s
 2867799 1131987    0.86500   57   24    0.77700    0.90250  16.2%  17.3 2135s
 2872810 1133759 infeasible   75         0.77700    0.90250  16.2%  17.3 2140s
 2878147 1135136    0.81450   69   34    0.77700    0.90250  16.2%  17.3 2145s
 2883291 1136805    0.90250   78   50    0.77700    0.90250  16.2%  17.3 2150s
 2888807 1138434    0.81450   68   16    0.77700    0.90250  16.2%  17.3 2155s
 2894144 1140624    0.86500   75   68    0.77700    0.90250  16.2%  17.3 2160s
 2899826 1142775    0.81450   84   35    0.77700    0.90250  16.2%  17.3 2165s
 2905264 1145297    0.81450   59   18    0.77700    0.90250  16.2%  17.3 2170s
 2912086 1148388    0.81450   91   36    0.77700    0.90250  16.2%  17.3 2175s
 2917405 1150551    0.81450   74   52    0.77700    0.90250  16.2%  17.3 2180s
 2923443 1152671 infeasible   60         0.77700    0.90250  16.2%  17.3 2185s
 2929106 1155069    0.81450   56   49    0.77700    0.90250  16.2%  17.3 2190s
 2935132 1156877    0.82750   90   35    0.77700    0.90250  16.2%  17.3 2195s
 2941075 1158736    0.86500   91   33    0.77700    0.90250  16.2%  17.3 2200s
 2947126 1160701    0.81100   68   24    0.77700    0.90250  16.2%  17.3 2205s
 2953752 1162694    0.81450   76   41    0.77700    0.90250  16.2%  17.3 2210s
 2960189 1164987    0.81450   58   44    0.77700    0.90250  16.2%  17.3 2215s
 2966322 1167225    0.86500   66   36    0.77700    0.90250  16.2%  17.3 2220s
 2971933 1168936    0.86500   71   69    0.77700    0.90250  16.2%  17.3 2225s
 2977374 1170633 infeasible   57         0.77700    0.90250  16.2%  17.3 2230s
 2982263 1172504    0.84850   53   50    0.77700    0.90250  16.2%  17.3 2235s
 2988661 1174486 infeasible   87         0.77700    0.90250  16.2%  17.2 2240s
 2994951 1176867    0.81450   60   42    0.77700    0.90250  16.2%  17.2 2245s
 3001533 1179637    0.90250   41   53    0.77700    0.90250  16.2%  17.2 2250s
 3008235 1181518    0.80450   69   34    0.77700    0.90250  16.2%  17.2 2255s
 3014385 1183519 infeasible   62         0.77700    0.90250  16.2%  17.2 2260s
 3019663 1184995 infeasible   81         0.77700    0.90250  16.2%  17.2 2265s
 3023870 1186076    0.81450   75   43    0.77700    0.90250  16.2%  17.2 2270s
 3029102 1187416    0.82750   66   32    0.77700    0.90250  16.2%  17.2 2275s
 3035106 1189766    0.82750   84   20    0.77700    0.90250  16.2%  17.2 2280s
 3041035 1192216 infeasible   77         0.77700    0.90250  16.2%  17.2 2285s
 3048253 1194968 infeasible   82         0.77700    0.90250  16.2%  17.2 2290s
 3055996 1198516 infeasible  105         0.77700    0.90250  16.2%  17.2 2295s
 3062747 1200753 infeasible   68         0.77700    0.90250  16.2%  17.2 2300s
 3069405 1203229    0.81450   62   48    0.77700    0.90250  16.2%  17.2 2305s
 3075721 1205383    0.81450   77   22    0.77700    0.90250  16.2%  17.2 2310s
 3079416 1206801    0.90250   87   72    0.77700    0.90250  16.2%  17.2 2315s
 3083874 1208110    0.90250   87   52    0.77700    0.90250  16.2%  17.2 2320s
 3088060 1209147    0.81450   75   49    0.77700    0.90250  16.2%  17.2 2325s
 3092954 1210419    0.90250   64   44    0.77700    0.90250  16.2%  17.2 2330s
 3097600 1211725    0.90250   61   63    0.77700    0.90250  16.2%  17.2 2335s
 3104135 1213956    0.86500   90   39    0.77700    0.90250  16.2%  17.2 2340s
 3109135 1215510 infeasible   80         0.77700    0.90250  16.2%  17.2 2345s
 3114796 1217293 infeasible   73         0.77700    0.90250  16.2%  17.2 2350s
 3120635 1219214    0.82750   81   24    0.77700    0.90250  16.2%  17.2 2355s
 3125933 1220821    0.90250   62   63    0.77700    0.90250  16.2%  17.2 2360s
 3128138 1221346    0.79000   66   16    0.77700    0.90250  16.2%  17.2 2366s
 3130739 1222226 infeasible   65         0.77700    0.90250  16.2%  17.2 2370s
 3136295 1224001 infeasible   61         0.77700    0.90250  16.2%  17.2 2375s
 3141951 1225820     cutoff   64         0.77700    0.90250  16.2%  17.2 2380s
 3146438 1227266    0.90250   64   52    0.77700    0.90250  16.2%  17.2 2385s
 3152580 1229230    0.81450   91   49    0.77700    0.90250  16.2%  17.2 2390s
 3157837 1230590    0.90250   63   40    0.77700    0.90250  16.2%  17.2 2395s
 3163161 1231895 infeasible   82         0.77700    0.90250  16.2%  17.2 2400s
 3168093 1233531    0.81450   59   38    0.77700    0.90250  16.2%  17.2 2405s
 3172670 1234828    0.90250   73   33    0.77700    0.90250  16.2%  17.2 2410s
 3178621 1236435 infeasible   93         0.77700    0.90250  16.2%  17.2 2415s
 3183497 1237575 infeasible   68         0.77700    0.90250  16.2%  17.2 2420s
 3188208 1238610    0.86500   81   32    0.77700    0.90250  16.2%  17.2 2425s
 3194229 1239556 infeasible   41         0.77700    0.90250  16.2%  17.2 2430s
 3198268 1240355    0.90250   61   30    0.77700    0.90250  16.2%  17.2 2435s
 3202679 1241424    0.90250   64   30    0.77700    0.90250  16.2%  17.2 2440s
 3206755 1242554    0.82750   73   29    0.77700    0.90250  16.2%  17.2 2445s
 3212529 1244464 infeasible   77         0.77700    0.90250  16.2%  17.2 2450s
 3218499 1246888    0.81450   88   19    0.77700    0.90250  16.2%  17.2 2455s
 3223967 1248392 infeasible   74         0.77700    0.90250  16.2%  17.2 2460s
 3230001 1250483    0.90250   57   48    0.77700    0.90250  16.2%  17.2 2465s
 3234577 1251901 infeasible   92         0.77700    0.90250  16.2%  17.2 2470s
 3239717 1253295    0.81450   97   34    0.77700    0.90250  16.2%  17.2 2475s
 3245101 1254563    0.84850   86   26    0.77700    0.90250  16.2%  17.2 2480s
 3250162 1256104     cutoff   74         0.77700    0.90250  16.2%  17.2 2485s
 3256933 1258776    0.82750   64   31    0.77700    0.90250  16.2%  17.1 2490s
 3262451 1260732 infeasible   81         0.77700    0.90250  16.2%  17.1 2495s
 3267824 1262248    0.90250   48   62    0.77700    0.90250  16.2%  17.1 2500s
 3272935 1263757 infeasible   68         0.77700    0.90250  16.2%  17.1 2505s
 3278514 1265999    0.90250   44   53    0.77700    0.90250  16.2%  17.1 2510s
 3283951 1268061 infeasible   71         0.77700    0.90250  16.2%  17.1 2515s
 3289681 1270077    0.81450  106    8    0.77700    0.90250  16.2%  17.1 2520s
 3294613 1271415 infeasible   69         0.77700    0.90250  16.2%  17.1 2525s
 3298518 1272332 infeasible   85         0.77700    0.90250  16.2%  17.1 2530s
 3303682 1273789    0.81450  100   17    0.77700    0.90250  16.2%  17.1 2535s
 3309703 1275432 infeasible   77         0.77700    0.90250  16.2%  17.1 2540s
 3314556 1276820    0.90250   65   66    0.77700    0.90250  16.2%  17.1 2545s
 3321309 1278843    0.80450   71   38    0.77700    0.90250  16.2%  17.1 2550s
 3327123 1280717 infeasible   47         0.77700    0.90250  16.2%  17.1 2555s
 3331763 1282485    0.81450   72   34    0.77700    0.90250  16.2%  17.1 2560s
 3336596 1284226 infeasible   72         0.77700    0.90250  16.2%  17.1 2565s
 3341782 1286222    0.81450   78   51    0.77700    0.90250  16.2%  17.1 2570s
 3347413 1287939 infeasible   86         0.77700    0.90250  16.2%  17.1 2575s
 3352310 1289241 infeasible   62         0.77700    0.90250  16.2%  17.1 2580s
 3357129 1290604     cutoff  109         0.77700    0.90250  16.2%  17.1 2585s
 3362357 1291887 infeasible   63         0.77700    0.90250  16.2%  17.1 2590s
 3366916 1293497    0.81450   65   57    0.77700    0.90250  16.2%  17.1 2595s
 3371512 1294802    0.81450   67   47    0.77700    0.90250  16.2%  17.1 2600s
 3377706 1297194 infeasible   82         0.77700    0.90250  16.2%  17.1 2605s
 3384147 1299088 infeasible   74         0.77700    0.90250  16.2%  17.1 2610s
 3388963 1300227    0.86500   66   35    0.77700    0.90250  16.2%  17.1 2615s
 3395232 1302424     cutoff   84         0.77700    0.90250  16.2%  17.1 2620s
 3400330 1303805    0.82750   81   26    0.77700    0.90250  16.2%  17.1 2625s
 3406691 1305995    0.81450  102   13    0.77700    0.90250  16.2%  17.1 2630s
 3411625 1307949    0.90250   92   54    0.77700    0.90250  16.2%  17.1 2635s
 3416422 1309552    0.90250   86   36    0.77700    0.90250  16.2%  17.1 2640s
 3422572 1311762    0.81450   83   37    0.77700    0.90250  16.2%  17.1 2645s
 3427260 1313494    0.81450   75   45    0.77700    0.90250  16.2%  17.1 2650s
 3431876 1314968    0.84850   61   24    0.77700    0.90250  16.2%  17.1 2655s
 3436470 1316214    0.79000   82   26    0.77700    0.90250  16.2%  17.1 2660s
 3440031 1317151 infeasible   51         0.77700    0.90250  16.2%  17.1 2665s
 3446116 1319590    0.84850   73   46    0.77700    0.90250  16.2%  17.1 2670s
 3450114 1320803 infeasible   55         0.77700    0.90250  16.2%  17.1 2675s
 3454515 1322248 infeasible   77         0.77700    0.90250  16.2%  17.1 2680s
 3459355 1323912    0.84850  100   36    0.77700    0.90250  16.2%  17.1 2685s
 3464349 1325768 infeasible  102         0.77700    0.90250  16.2%  17.1 2690s
 3468577 1327424    0.84850  104   30    0.77700    0.90250  16.2%  17.0 2695s
 3473340 1328852    0.90250   64   79    0.77700    0.90250  16.2%  17.0 2700s
 3478287 1330090 infeasible   73         0.77700    0.90250  16.2%  17.0 2705s
 3484875 1331972    0.81450   73   45    0.77700    0.90250  16.2%  17.0 2710s
 3489580 1333400    0.90250   82   56    0.77700    0.90250  16.2%  17.0 2715s
 3493046 1334303    0.90250   64   63    0.77700    0.90250  16.2%  17.0 2720s
 3497185 1334964 infeasible   52         0.77700    0.90250  16.2%  17.0 2725s
 3502476 1336400    0.81450   99   35    0.77700    0.90250  16.2%  17.0 2730s
 3507612 1337731    0.90250   51   91    0.77700    0.90250  16.2%  17.0 2735s
 3512701 1339215 infeasible  104         0.77700    0.90250  16.2%  17.0 2740s
 3516851 1340272    0.90250   69   50    0.77700    0.90250  16.2%  17.0 2745s
 3521567 1341895    0.81100  111   37    0.77700    0.90250  16.2%  17.0 2750s
 3527345 1343105 infeasible   70         0.77700    0.90250  16.2%  17.0 2755s
 3532429 1344560    0.90250   55   46    0.77700    0.90250  16.2%  17.0 2760s
 3536461 1345567    0.90250   74   45    0.77700    0.90250  16.2%  17.0 2765s
 3541177 1346665 infeasible   75         0.77700    0.90250  16.2%  17.0 2770s
 3547189 1348273 infeasible   71         0.77700    0.90250  16.2%  17.0 2775s
 3551390 1349460    0.81450   78   48    0.77700    0.90250  16.2%  17.0 2780s
 3555748 1350659    0.81450   79   31    0.77700    0.90250  16.2%  17.0 2785s
 3560017 1351829    0.84850   77   34    0.77700    0.90250  16.2%  17.0 2790s
 3563912 1353139     cutoff  117         0.77700    0.90250  16.2%  17.0 2795s
 3568361 1354644    0.90250   92   75    0.77700    0.90250  16.2%  17.0 2800s
 3573059 1356297    0.90250   61   50    0.77700    0.90250  16.2%  17.0 2805s
 3576895 1357698 infeasible   86         0.77700    0.90250  16.2%  17.0 2810s
 3580588 1358672 infeasible   93         0.77700    0.90250  16.2%  17.0 2815s
 3585297 1359734    0.84850   80   30    0.77700    0.90250  16.2%  17.0 2820s
 3590230 1361075    0.81450   63   31    0.77700    0.90250  16.2%  17.0 2825s
 3594120 1362393 infeasible   73         0.77700    0.90250  16.2%  17.0 2830s
 3599137 1364094    0.86500   78   30    0.77700    0.90250  16.2%  17.0 2835s
 3603378 1365319    0.81450   68   20    0.77700    0.90250  16.2%  17.0 2840s
 3607879 1366359 infeasible   70         0.77700    0.90250  16.2%  17.0 2845s
 3614033 1369005    0.81450   63   38    0.77700    0.90250  16.2%  17.0 2850s
 3620546 1371754    0.81450   91   36    0.77700    0.90250  16.2%  17.0 2855s
 3625679 1373622 infeasible   48         0.77700    0.90250  16.2%  17.0 2860s
 3630873 1375877    0.81450   83   43    0.77700    0.90250  16.2%  17.0 2865s
 3637222 1378429    0.81450   96   40    0.77700    0.90250  16.2%  17.0 2870s
 3642525 1380776    0.81450   79   37    0.77700    0.90250  16.2%  17.0 2875s
 3646599 1382461    0.90250   49   45    0.77700    0.90250  16.2%  17.0 2880s
 3649604 1383677    0.84850   92   20    0.77700    0.90250  16.2%  17.0 2885s
 3653414 1385107    0.84850  121   43    0.77700    0.90250  16.2%  17.0 2890s
 3659516 1387444    0.84850   66   44    0.77700    0.90250  16.2%  17.0 2895s
 3665373 1389850    0.90250   61   68    0.77700    0.90250  16.2%  17.0 2900s
 3671321 1392414    0.81100   79   32    0.77700    0.90250  16.2%  17.0 2905s
 3676887 1394420    0.81100   68   27    0.77700    0.90250  16.2%  17.0 2910s
 3682598 1396155    0.84850   70   49    0.77700    0.90250  16.2%  17.0 2915s
 3689376 1398503 infeasible   86         0.77700    0.90250  16.2%  16.9 2920s
 3694556 1400632    0.81450   69   50    0.77700    0.90250  16.2%  16.9 2925s
 3699411 1402378    0.84850   69   37    0.77700    0.90250  16.2%  16.9 2930s
 3703817 1403740     cutoff   50         0.77700    0.90250  16.2%  16.9 2935s
 3708226 1404865    0.84850   74   53    0.77700    0.90250  16.2%  16.9 2940s
 3713237 1406222    0.90250   79   84    0.77700    0.90250  16.2%  16.9 2945s
 3718166 1408031    0.84850   64   56    0.77700    0.90250  16.2%  16.9 2950s
 3724267 1410982 infeasible   72         0.77700    0.90250  16.2%  16.9 2955s
 3729686 1413139    0.90250   69   57    0.77700    0.90250  16.2%  16.9 2960s
 3733767 1413956    0.81450   83   27    0.77700    0.90250  16.2%  16.9 2965s
 3736778 1414676    0.81450  104   26    0.77700    0.90250  16.2%  16.9 2970s
 3742248 1416405    0.86500   64   54    0.77700    0.90250  16.2%  16.9 2975s
 3748160 1418656     cutoff   51         0.77700    0.90250  16.2%  16.9 2980s
 3753753 1420517 infeasible   62         0.77700    0.90250  16.2%  16.9 2985s
 3758743 1421882    0.86500   49   52    0.77700    0.90250  16.2%  16.9 2990s
 3763726 1423598     cutoff   92         0.77700    0.90250  16.2%  16.9 2995s
 3769665 1426179     cutoff   81         0.77700    0.90250  16.2%  16.9 3000s
 3775564 1428634 infeasible   88         0.77700    0.90250  16.2%  16.9 3005s
 3780738 1430770    0.81450  106   59    0.77700    0.90250  16.2%  16.9 3010s
 3785176 1432172 infeasible   67         0.77700    0.90250  16.2%  16.9 3015s
 3788656 1433371    0.79000   80   21    0.77700    0.90250  16.2%  16.9 3020s
 3794059 1434983    0.79000   73   21    0.77700    0.90250  16.2%  16.9 3025s
 3797968 1436740    0.86500   58   32    0.77700    0.90250  16.2%  16.9 3030s
 3804246 1438973 infeasible   70         0.77700    0.90250  16.2%  16.9 3035s
 3809522 1440681    0.81450   69   44    0.77700    0.90250  16.2%  16.9 3040s
 3814173 1442369    0.81450   75   38    0.77700    0.90250  16.2%  16.9 3045s
 3819207 1444303 infeasible   62         0.77700    0.90250  16.2%  16.9 3050s
 3822980 1445376    0.81450   80   33    0.77700    0.90250  16.2%  16.9 3055s
 3827278 1446642    0.81450   69   28    0.77700    0.90250  16.2%  16.9 3060s
 3830739 1447702    0.90250   46   80    0.77700    0.90250  16.2%  16.9 3065s
 3835696 1449379    0.81450   82   29    0.77700    0.90250  16.2%  16.9 3070s
 3841201 1451733    0.81450   79   38    0.77700    0.90250  16.2%  16.9 3075s
 3846905 1454140    0.84850   41   54    0.77700    0.90250  16.2%  16.8 3080s
 3852155 1456154    0.86500  117   36    0.77700    0.90250  16.2%  16.8 3085s
 3857273 1457790 infeasible   85         0.77700    0.90250  16.2%  16.8 3090s
 3861353 1459309    0.80450   57   23    0.77700    0.90250  16.2%  16.8 3095s
 3866598 1461348    0.81450  101   34    0.77700    0.90250  16.2%  16.8 3100s
 3871563 1462788    0.86500   79   45    0.77700    0.90250  16.2%  16.8 3105s
 3876598 1464112    0.82750   62   31    0.77700    0.90250  16.2%  16.8 3110s
 3880905 1464923    0.90250   62   59    0.77700    0.90250  16.2%  16.8 3115s
 3885122 1466172 infeasible   80         0.77700    0.90250  16.2%  16.8 3120s
 3888861 1467220    0.90250   74   34    0.77700    0.90250  16.2%  16.8 3125s
 3892806 1468125    0.90250   67   63    0.77700    0.90250  16.2%  16.8 3130s
 3897831 1469642 infeasible   75         0.77700    0.90250  16.2%  16.8 3135s
 3902523 1470624    0.82750   65   25    0.77700    0.90250  16.2%  16.8 3140s
 3906899 1472295    0.84850   80   53    0.77700    0.90250  16.2%  16.8 3145s
 3911965 1473898    0.90250   62   67    0.77700    0.90250  16.2%  16.8 3150s
 3916707 1475395    0.81450   70   43    0.77700    0.90250  16.2%  16.8 3155s
 3920367 1476622 infeasible   67         0.77700    0.90250  16.2%  16.8 3160s
 3925063 1478179    0.80450   89   29    0.77700    0.90250  16.2%  16.8 3165s
 3930048 1479657    0.86500   56   45    0.77700    0.90250  16.2%  16.8 3170s
 3935017 1481238    0.90250   76   59    0.77700    0.90250  16.2%  16.8 3175s
 3939886 1483012    0.82750   58   24    0.77700    0.90250  16.2%  16.8 3180s
 3944660 1484678 infeasible   56         0.77700    0.90250  16.2%  16.8 3185s
 3949368 1486215    0.81450   68   39    0.77700    0.90250  16.2%  16.8 3190s
 3953861 1487614    0.81450   60   38    0.77700    0.90250  16.2%  16.8 3195s
 3958087 1489060    0.86500   77   36    0.77700    0.90250  16.2%  16.8 3200s
 3963397 1490966    0.90250   57   81    0.77700    0.90250  16.2%  16.8 3205s
 3968436 1492587    0.81450   74   38    0.77700    0.90250  16.2%  16.8 3210s
 3972864 1494325    0.82750   67   26    0.77700    0.90250  16.2%  16.8 3215s
 3977637 1495587    0.90250   78   37    0.77700    0.90250  16.2%  16.8 3220s
 3982882 1496993 infeasible   64         0.77700    0.90250  16.2%  16.8 3225s
 3987341 1498461    0.80450   72   49    0.77700    0.90250  16.2%  16.8 3230s
 3993376 1500683    0.84850   34   48    0.77700    0.90250  16.2%  16.8 3235s
 3998270 1502698    0.84850  109   28    0.77700    0.90250  16.2%  16.8 3240s
 4004447 1504809    0.86500   57   40    0.77700    0.90250  16.2%  16.8 3245s
 4008849 1506825    0.90250   71   54    0.77700    0.90250  16.2%  16.8 3250s
 4013854 1508145    0.84850   86   37    0.77700    0.90250  16.2%  16.8 3255s
 4018382 1509849    0.81450   90   41    0.77700    0.90250  16.2%  16.8 3260s
 4022983 1511424    0.90250   62   67    0.77700    0.90250  16.2%  16.8 3265s
 4027487 1512738    0.90250   52   73    0.77700    0.90250  16.2%  16.8 3270s
 4030732 1513771    0.90250   84   51    0.77700    0.90250  16.2%  16.8 3275s
 4035294 1515690    0.90250   49  101    0.77700    0.90250  16.2%  16.8 3280s
 4040401 1517489    0.90250   69   77    0.77700    0.90250  16.2%  16.8 3285s
 4046040 1519277    0.86500   60   30    0.77700    0.90250  16.2%  16.8 3290s
 4052674 1521262 infeasible   93         0.77700    0.90250  16.2%  16.8 3295s
 4058933 1523902    0.81450   89   27    0.77700    0.90250  16.2%  16.8 3300s
 4063272 1525698    0.84850   87   30    0.77700    0.90250  16.2%  16.8 3305s
 4067159 1526903    0.81450   72   37    0.77700    0.90250  16.2%  16.8 3310s
 4072005 1528909    0.90250   61   50    0.77700    0.90250  16.2%  16.8 3315s
 4076415 1530149 infeasible   54         0.77700    0.90250  16.2%  16.8 3320s
 4079909 1531004    0.90250   55   85    0.77700    0.90250  16.2%  16.8 3325s
 4083489 1532046    0.90250   56   55    0.77700    0.90250  16.2%  16.8 3330s
 4086879 1532712    0.90250   66   64    0.77700    0.90250  16.2%  16.8 3335s
 4091088 1534527    0.90250   63   66    0.77700    0.90250  16.2%  16.8 3340s
 4095390 1535980 infeasible   70         0.77700    0.90250  16.2%  16.8 3345s
 4099125 1537336    0.89500   93   53    0.77700    0.90250  16.2%  16.8 3350s
 4102900 1538226    0.90250  101   50    0.77700    0.90250  16.2%  16.8 3355s
 4106369 1539198    0.90250   81   51    0.77700    0.90250  16.2%  16.8 3360s
 4109888 1540290    0.81450   58   50    0.77700    0.90250  16.2%  16.8 3365s
 4113539 1541370    0.81450   64   53    0.77700    0.90250  16.2%  16.8 3370s
 4116465 1542219    0.81450  115   13    0.77700    0.90250  16.2%  16.8 3375s
 4121662 1544272    0.81450   80   44    0.77700    0.90250  16.2%  16.8 3380s
 4125493 1545749    0.81450   88   38    0.77700    0.90250  16.2%  16.8 3385s
 4129489 1546979 infeasible  109         0.77700    0.90250  16.2%  16.8 3390s
 4133124 1547758 infeasible  106         0.77700    0.90250  16.2%  16.8 3395s
 4137258 1548949 infeasible   79         0.77700    0.90250  16.2%  16.8 3400s
 4141485 1550519    0.90250   85   47    0.77700    0.90250  16.2%  16.8 3405s
 4145967 1551518 infeasible   88         0.77700    0.90250  16.2%  16.8 3410s
 4150068 1552862    0.90250   74   77    0.77700    0.90250  16.2%  16.8 3415s
 4154110 1554247    0.81450   67   42    0.77700    0.90250  16.2%  16.8 3420s
 4158312 1555671    0.82750   85   29    0.77700    0.90250  16.2%  16.8 3425s
 4161579 1557080    0.82750   72   34    0.77700    0.90250  16.2%  16.8 3430s
 4167304 1558292 infeasible   52         0.77700    0.90250  16.2%  16.8 3435s
 4171822 1559697    0.79000   61   19    0.77700    0.90250  16.2%  16.8 3440s
 4175749 1561352    0.82750   77   34    0.77700    0.90250  16.2%  16.8 3445s
 4180292 1562671 infeasible   58         0.77700    0.90250  16.2%  16.8 3450s
 4186105 1565465    0.81450   95   28    0.77700    0.90250  16.2%  16.8 3455s
 4192472 1568197    0.81450  108   44    0.77700    0.90250  16.2%  16.8 3460s
 4197238 1569889 infeasible   84         0.77700    0.90250  16.2%  16.8 3465s
 4203002 1572256    0.90250   89   60    0.77700    0.90250  16.2%  16.8 3470s
 4208744 1574572    0.90250   54   87    0.77700    0.90250  16.2%  16.7 3475s
 4212536 1576024    0.90250   83   80    0.77700    0.90250  16.2%  16.7 3480s
 4216128 1577443 infeasible  115         0.77700    0.90250  16.2%  16.7 3485s
 4221169 1578913 infeasible   98         0.77700    0.90250  16.2%  16.7 3490s
 4226284 1581212    0.86500   78   35    0.77700    0.90250  16.2%  16.7 3495s
 4231929 1583326    0.81450   80   58    0.77700    0.90250  16.2%  16.7 3500s
 4237053 1585616    0.81450  120    5    0.77700    0.90250  16.2%  16.7 3505s
 4241333 1587263    0.90250   66   70    0.77700    0.90250  16.2%  16.7 3510s
 4246211 1589166 infeasible   92         0.77700    0.90250  16.2%  16.7 3515s
 4251155 1591071    0.90250   78   57    0.77700    0.90250  16.2%  16.7 3520s
 4256621 1593314    0.90250   50   77    0.77700    0.90250  16.2%  16.7 3525s
 4260867 1594816 infeasible   45         0.77700    0.90250  16.2%  16.7 3530s
 4265823 1596524     cutoff  103         0.77700    0.90250  16.2%  16.7 3535s
 4268789 1597015 infeasible   65         0.77700    0.90250  16.2%  16.7 3540s
 4271713 1597929    0.79000   69   37    0.77700    0.90250  16.2%  16.7 3545s
 4276138 1600207    0.90250   80   68    0.77700    0.90250  16.2%  16.7 3550s
 4281186 1601801 infeasible   77         0.77700    0.90250  16.2%  16.7 3555s
 4285673 1604041    0.90250   44   71    0.77700    0.90250  16.2%  16.7 3560s
 4290248 1605748    0.84850   81   38    0.77700    0.90250  16.2%  16.7 3565s
 4295388 1607333    0.89810   56   91    0.77700    0.90250  16.2%  16.7 3570s
 4300308 1608671    0.84850   73   35    0.77700    0.90250  16.2%  16.7 3575s
 4305848 1610479    0.81450   88   16    0.77700    0.90250  16.2%  16.7 3580s
 4310645 1611938 infeasible   80         0.77700    0.90250  16.2%  16.7 3585s
 4314716 1613196    0.90250   44   83    0.77700    0.90250  16.2%  16.7 3590s
 4318976 1614385    0.84850   68   38    0.77700    0.90250  16.2%  16.7 3595s
 4321302 1615262    0.90250   45   59    0.77700    0.90250  16.2%  16.7 3600s

Cutting planes:
  Learned: 1
  Gomory: 7
  Cover: 109
  Implied bound: 25
  Clique: 51
  MIR: 13
  StrongCG: 3
  Flow cover: 100
  Inf proof: 2
  Zero half: 5
  RLT: 29
  Relax-and-lift: 31
  BQP: 4
  PSD: 15

Explored 4321493 nodes (72214365 simplex iterations) in 3600.04 seconds (1566.16 work units)
Thread count was 4 (of 4 available processors)

Solution count 5: 0.777 0.7395 0.723 ... 0.098

Time limit reached
Best objective 7.770000000000e-01, best bound 9.025000000000e-01, gap 16.1519%
