4
10 10 20
10 10 20
10 10 20
10 10 20
0 0 0 5 8 3 0 3 0
0 0 3 5 8 3 0 3 0
0 0 6 5 8 3 0 3 0
0 0 9 5 8 3 0 3 0
0 0 12 5 8 3 0 3 0
0 0 15 5 8 3 0 3 0
5 0 0 5 8 3 0 3 0
5 0 3 5 8 3 0 3 0
5 0 6 5 8 3 0 3 0
5 0 9 5 8 3 0 3 0
5 0 12 5 8 3 0 3 0
5 0 15 5 8 3 0 3 0
11 0 0 9 5 4 2 6 1
11 0 4 9 5 4 2 6 1
11 0 8 9 5 4 2 6 1
11 0 12 9 5 4 2 6 1
11 0 16 9 5 4 2 6 1
11 5 0 9 5 4 2 6 1
11 5 4 9 5 4 2 6 1
11 5 8 9 5 4 2 6 1
11 5 12 9 5 4 2 6 1
11 5 16 9 5 4 2 6 1
0 10 0 9 5 4 2 6 2
0 10 4 9 5 4 2 6 2
0 10 8 9 5 4 2 6 2
0 10 12 9 5 4 2 6 2
0 10 16 9 5 4 2 6 2
0 15 0 9 5 4 2 6 2
0 15 4 9 5 4 2 6 2
0 15 8 9 5 4 2 6 2
0 15 12 9 5 4 2 6 2
0 15 16 9 5 4 2 6 2
15 10 0 5 8 3 0 3 3
15 10 3 5 8 3 0 3 3
15 10 6 5 8 3 0 3 3
15 10 9 5 8 3 0 3 3
15 10 12 5 8 3 0 3 3
15 10 15 5 8 3 0 3 3
10 10 0 5 8 3 0 3 3
10 10 3 5 8 3 0 3 3
10 10 6 5 8 3 0 3 3
10 10 9 5 8 3 0 3 3
10 10 12 5 8 3 0 3 3
10 10 15 5 8 3 0 3 3
