4
10 10 20
10 10 20
10 10 20
10 10 20
0 7 0 3 3 2 2 4 0
0 7 2 3 3 2 2 4 0
0 7 4 3 3 2 2 4 0
0 7 6 3 3 2 2 4 0
0 0 0 5 7 2 3 4 0
0 0 2 5 7 2 3 4 0
0 0 4 5 7 2 3 4 0
0 0 6 5 7 2 3 4 0
0 0 8 5 7 2 3 4 0
0 0 10 5 7 2 3 4 0
0 0 12 5 7 2 3 4 0
0 0 14 5 7 2 3 4 0
0 0 16 5 7 2 3 4 0
0 0 18 5 7 2 3 4 0
5 0 0 5 7 2 3 4 0
5 0 2 5 7 2 3 4 0
5 0 4 5 7 2 3 4 0
5 0 6 5 7 2 3 4 0
5 0 8 5 7 2 3 4 0
5 0 10 5 7 2 3 4 0
5 0 12 5 7 2 3 4 0
5 0 14 5 7 2 3 4 0
5 0 16 5 7 2 3 4 0
5 0 18 5 7 2 3 4 0
17 7 0 3 3 2 2 4 1
17 7 2 3 3 2 2 4 1
17 7 4 3 3 2 2 4 1
17 7 6 3 3 2 2 4 1
17 7 8 3 3 2 2 4 1
17 7 10 3 3 2 2 4 1
17 7 12 3 3 2 2 4 1
17 7 14 3 3 2 2 4 1
17 7 16 3 3 2 2 4 1
17 7 18 3 3 2 2 4 1
15 0 0 5 7 2 3 4 1
15 0 2 5 7 2 3 4 1
15 0 4 5 7 2 3 4 1
15 0 6 5 7 2 3 4 1
15 0 8 5 7 2 3 4 1
15 0 10 5 7 2 3 4 1
15 0 12 5 7 2 3 4 1
15 0 14 5 7 2 3 4 1
15 0 16 5 7 2 3 4 1
15 0 18 5 7 2 3 4 1
10 0 0 5 7 2 3 4 1
10 0 2 5 7 2 3 4 1
10 0 4 5 7 2 3 4 1
10 0 6 5 7 2 3 4 1
10 0 8 5 7 2 3 4 1
10 0 10 5 7 2 3 4 1
10 0 12 5 7 2 3 4 1
10 0 14 5 7 2 3 4 1
10 0 16 5 7 2 3 4 1
10 0 18 5 7 2 3 4 1
0 10 16 8 7 4 0 1 2
0 17 0 3 3 2 2 4 2
0 17 2 3 3 2 2 4 2
0 17 4 3 3 2 2 4 2
3 17 0 3 3 2 2 4 2
6 17 0 3 3 2 2 4 2
0 10 0 5 7 2 3 4 2
0 10 2 5 7 2 3 4 2
0 10 4 5 7 2 3 4 2
0 10 6 5 7 2 3 4 2
0 10 8 5 7 2 3 4 2
0 10 10 5 7 2 3 4 2
0 10 12 5 7 2 3 4 2
0 10 14 5 7 2 3 4 2
5 10 0 5 7 2 3 4 2
5 10 2 5 7 2 3 4 2
5 10 4 5 7 2 3 4 2
5 10 6 5 7 2 3 4 2
5 10 8 5 7 2 3 4 2
5 10 10 5 7 2 3 4 2
5 10 12 5 7 2 3 4 2
5 10 14 5 7 2 3 4 2
17 17 0 3 3 2 2 4 3
15 10 0 5 7 2 3 4 3
15 10 2 5 7 2 3 4 3
15 10 4 5 7 2 3 4 3
15 10 6 5 7 2 3 4 3
15 10 8 5 7 2 3 4 3
15 10 10 5 7 2 3 4 3
15 10 12 5 7 2 3 4 3
15 10 14 5 7 2 3 4 3
15 10 16 5 7 2 3 4 3
15 10 18 5 7 2 3 4 3
10 10 0 5 7 2 3 4 3
10 10 2 5 7 2 3 4 3
10 10 4 5 7 2 3 4 3
10 10 6 5 7 2 3 4 3
10 10 8 5 7 2 3 4 3
10 10 10 5 7 2 3 4 3
10 10 12 5 7 2 3 4 3
10 10 14 5 7 2 3 4 3
10 10 16 5 7 2 3 4 3
10 10 18 5 7 2 3 4 3
