4
10 10 20
10 10 20
10 10 20
10 10 20
0 0 16 9 9 2 0 1 0
0 0 18 9 9 2 0 1 0
0 0 0 5 9 8 3 11 0
0 0 8 5 9 8 3 11 0
5 0 0 5 9 8 3 11 0
5 0 8 5 9 8 3 11 0
11 0 0 9 8 4 2 9 1
11 0 4 9 8 4 2 9 1
11 0 8 9 8 4 2 9 1
11 0 12 9 8 4 2 9 1
11 0 16 9 8 4 2 9 1
0 10 16 9 9 2 0 1 2
0 10 18 9 9 2 0 1 2
0 10 0 5 9 8 3 11 2
0 10 8 5 9 8 3 11 2
5 10 0 5 9 8 3 11 2
5 10 8 5 9 8 3 11 2
11 10 8 9 9 2 0 1 3
11 10 10 9 9 2 0 1 3
11 10 12 9 9 2 0 1 3
11 10 14 9 9 2 0 1 3
11 10 16 9 9 2 0 1 3
11 10 18 9 9 2 0 1 3
15 10 0 5 9 8 3 11 3
10 10 0 5 9 8 3 11 3
