4
10 10 20
10 10 20
10 10 20
10 10 20
0 0 0 9 2 2 0 1 0
0 0 2 9 2 2 0 1 0
0 0 4 9 2 2 0 1 0
0 0 6 9 2 2 0 1 0
0 0 8 9 2 2 0 1 0
0 0 10 9 2 2 0 1 0
0 0 12 9 2 2 0 1 0
0 0 14 9 2 2 0 1 0
0 0 16 9 2 2 0 1 0
0 0 18 9 2 2 0 1 0
0 2 14 9 2 2 0 1 0
0 2 16 9 2 2 0 1 0
0 2 18 9 2 2 0 1 0
0 4 14 9 2 2 0 1 0
0 4 16 9 2 2 0 1 0
0 4 18 9 2 2 0 1 0
0 6 14 9 2 2 0 1 0
0 6 16 9 2 2 0 1 0
0 6 18 9 2 2 0 1 0
0 8 14 9 2 2 0 1 0
0 8 16 9 2 2 0 1 0
0 8 18 9 2 2 0 1 0
0 2 0 3 8 7 4 19 0
0 2 7 3 8 7 4 19 0
3 2 0 3 8 7 4 19 0
3 2 7 3 8 7 4 19 0
6 2 0 3 8 7 4 19 0
6 2 7 3 8 7 4 19 0
11 0 0 3 5 5 2 6 1
11 0 5 3 5 5 2 6 1
11 0 10 3 5 5 2 6 1
11 0 15 3 5 5 2 6 1
11 5 0 3 5 5 2 6 1
11 5 5 3 5 5 2 6 1
11 5 10 3 5 5 2 6 1
11 5 15 3 5 5 2 6 1
14 0 0 6 2 4 3 8 1
14 0 4 6 2 4 3 8 1
14 0 8 6 2 4 3 8 1
14 0 12 6 2 4 3 8 1
14 0 16 6 2 4 3 8 1
14 2 0 6 2 4 3 8 1
14 2 4 6 2 4 3 8 1
14 2 8 6 2 4 3 8 1
14 2 12 6 2 4 3 8 1
14 2 16 6 2 4 3 8 1
14 4 0 6 2 4 3 8 1
14 4 4 6 2 4 3 8 1
14 4 8 6 2 4 3 8 1
14 4 12 6 2 4 3 8 1
14 4 16 6 2 4 3 8 1
14 6 0 6 2 4 3 8 1
14 6 4 6 2 4 3 8 1
14 6 8 6 2 4 3 8 1
14 6 12 6 2 4 3 8 1
14 6 16 6 2 4 3 8 1
14 8 0 6 2 4 3 8 1
14 8 4 6 2 4 3 8 1
14 8 8 6 2 4 3 8 1
14 8 12 6 2 4 3 8 1
14 8 16 6 2 4 3 8 1
0 10 0 3 5 5 2 6 2
0 10 5 3 5 5 2 6 2
0 10 10 3 5 5 2 6 2
0 10 15 3 5 5 2 6 2
0 15 0 3 5 5 2 6 2
0 15 5 3 5 5 2 6 2
0 15 10 3 5 5 2 6 2
0 15 15 3 5 5 2 6 2
3 10 0 6 2 4 3 8 2
3 10 4 6 2 4 3 8 2
3 10 8 6 2 4 3 8 2
3 10 12 6 2 4 3 8 2
3 10 16 6 2 4 3 8 2
3 12 0 6 2 4 3 8 2
3 12 4 6 2 4 3 8 2
3 12 8 6 2 4 3 8 2
3 12 12 6 2 4 3 8 2
3 12 16 6 2 4 3 8 2
3 14 0 6 2 4 3 8 2
3 14 4 6 2 4 3 8 2
3 14 8 6 2 4 3 8 2
3 14 12 6 2 4 3 8 2
3 14 16 6 2 4 3 8 2
3 16 0 6 2 4 3 8 2
3 16 4 6 2 4 3 8 2
3 16 8 6 2 4 3 8 2
3 16 12 6 2 4 3 8 2
3 16 16 6 2 4 3 8 2
3 18 0 6 2 4 3 8 2
3 18 4 6 2 4 3 8 2
3 18 8 6 2 4 3 8 2
3 18 12 6 2 4 3 8 2
3 18 16 6 2 4 3 8 2
17 10 0 3 5 5 2 6 3
17 10 5 3 5 5 2 6 3
17 10 10 3 5 5 2 6 3
17 10 15 3 5 5 2 6 3
17 15 0 3 5 5 2 6 3
17 15 5 3 5 5 2 6 3
17 15 10 3 5 5 2 6 3
17 15 15 3 5 5 2 6 3
11 10 0 6 2 4 3 8 3
11 10 4 6 2 4 3 8 3
11 10 8 6 2 4 3 8 3
11 10 12 6 2 4 3 8 3
11 10 16 6 2 4 3 8 3
11 12 0 6 2 4 3 8 3
11 12 4 6 2 4 3 8 3
11 12 8 6 2 4 3 8 3
11 12 12 6 2 4 3 8 3
11 12 16 6 2 4 3 8 3
11 14 0 6 2 4 3 8 3
11 14 4 6 2 4 3 8 3
11 14 8 6 2 4 3 8 3
11 14 12 6 2 4 3 8 3
11 14 16 6 2 4 3 8 3
11 16 0 6 2 4 3 8 3
11 16 4 6 2 4 3 8 3
11 16 8 6 2 4 3 8 3
11 16 12 6 2 4 3 8 3
11 16 16 6 2 4 3 8 3
11 18 0 6 2 4 3 8 3
11 18 4 6 2 4 3 8 3
11 18 8 6 2 4 3 8 3
11 18 12 6 2 4 3 8 3
11 18 16 6 2 4 3 8 3
