4
10 10 20
10 10 20
10 10 20
10 10 20
0 0 0 7 3 4 1 7 0
0 0 4 7 3 4 1 7 0
0 0 8 7 3 4 1 7 0
0 0 12 7 3 4 1 7 0
0 0 16 7 3 4 1 7 0
0 3 0 6 6 5 2 9 0
0 3 5 6 6 5 2 9 0
0 3 10 6 6 5 2 9 0
0 3 15 6 6 5 2 9 0
14 0 0 6 8 4 3 10 1
14 0 4 6 8 4 3 10 1
14 0 8 6 8 4 3 10 1
14 0 12 6 8 4 3 10 1
14 0 16 6 8 4 3 10 1
15 8 0 5 2 9 4 13 1
15 8 9 5 2 9 4 13 1
0 10 0 7 3 4 1 7 2
0 10 4 7 3 4 1 7 2
0 10 8 7 3 4 1 7 2
0 10 12 7 3 4 1 7 2
0 10 16 7 3 4 1 7 2
0 13 0 7 3 4 1 7 2
0 13 4 7 3 4 1 7 2
0 13 8 7 3 4 1 7 2
0 13 12 7 3 4 1 7 2
0 13 16 7 3 4 1 7 2
0 16 0 7 3 4 1 7 2
0 16 4 7 3 4 1 7 2
0 16 8 7 3 4 1 7 2
0 16 12 7 3 4 1 7 2
0 16 16 7 3 4 1 7 2
13 10 0 7 3 4 1 7 3
13 10 4 7 3 4 1 7 3
13 10 8 7 3 4 1 7 3
13 10 12 7 3 4 1 7 3
13 10 16 7 3 4 1 7 3
13 13 0 7 3 4 1 7 3
13 13 4 7 3 4 1 7 3
13 13 8 7 3 4 1 7 3
13 13 12 7 3 4 1 7 3
13 13 16 7 3 4 1 7 3
13 16 0 7 3 4 1 7 3
13 16 4 7 3 4 1 7 3
13 16 8 7 3 4 1 7 3
13 16 12 7 3 4 1 7 3
13 16 16 7 3 4 1 7 3
