4
10 10 20
10 10 20
10 10 20
10 10 20
0 0 8 2 2 4 0 0 0
0 0 12 2 2 4 0 0 0
0 0 16 2 2 4 0 0 0
0 2 8 2 2 4 0 0 0
0 2 12 2 2 4 0 0 0
0 2 16 2 2 4 0 0 0
0 4 8 2 2 4 0 0 0
0 4 12 2 2 4 0 0 0
0 4 16 2 2 4 0 0 0
0 6 0 2 2 4 0 0 0
0 6 4 2 2 4 0 0 0
0 6 8 2 2 4 0 0 0
0 6 12 2 2 4 0 0 0
0 6 16 2 2 4 0 0 0
0 8 0 2 2 4 0 0 0
0 8 4 2 2 4 0 0 0
0 8 8 2 2 4 0 0 0
0 8 12 2 2 4 0 0 0
0 8 16 2 2 4 0 0 0
2 0 8 2 2 4 0 0 0
2 0 12 2 2 4 0 0 0
2 0 16 2 2 4 0 0 0
2 2 8 2 2 4 0 0 0
2 2 12 2 2 4 0 0 0
2 2 16 2 2 4 0 0 0
2 4 8 2 2 4 0 0 0
2 4 12 2 2 4 0 0 0
2 4 16 2 2 4 0 0 0
2 6 0 2 2 4 0 0 0
2 6 4 2 2 4 0 0 0
2 6 8 2 2 4 0 0 0
2 6 12 2 2 4 0 0 0
2 6 16 2 2 4 0 0 0
2 8 0 2 2 4 0 0 0
2 8 4 2 2 4 0 0 0
2 8 8 2 2 4 0 0 0
2 8 12 2 2 4 0 0 0
2 8 16 2 2 4 0 0 0
3 0 0 2 2 4 0 0 0
3 0 4 2 2 4 0 0 0
3 2 0 2 2 4 0 0 0
3 2 4 2 2 4 0 0 0
3 4 0 2 2 4 0 0 0
3 4 4 2 2 4 0 0 0
4 0 8 2 2 4 0 0 0
4 0 12 2 2 4 0 0 0
4 0 16 2 2 4 0 0 0
4 2 8 2 2 4 0 0 0
4 2 12 2 2 4 0 0 0
4 2 16 2 2 4 0 0 0
4 4 8 2 2 4 0 0 0
4 4 12 2 2 4 0 0 0
4 4 16 2 2 4 0 0 0
4 6 12 2 2 4 0 0 0
4 6 16 2 2 4 0 0 0
4 8 0 2 2 4 0 0 0
4 8 4 2 2 4 0 0 0
4 8 8 2 2 4 0 0 0
4 8 12 2 2 4 0 0 0
4 8 16 2 2 4 0 0 0
5 0 0 2 2 4 0 0 0
5 0 4 2 2 4 0 0 0
5 2 0 2 2 4 0 0 0
5 2 4 2 2 4 0 0 0
5 4 0 2 2 4 0 0 0
5 4 4 2 2 4 0 0 0
6 0 8 2 2 4 0 0 0
6 0 12 2 2 4 0 0 0
6 0 16 2 2 4 0 0 0
6 2 8 2 2 4 0 0 0
6 2 12 2 2 4 0 0 0
6 2 16 2 2 4 0 0 0
6 4 8 2 2 4 0 0 0
6 4 12 2 2 4 0 0 0
6 4 16 2 2 4 0 0 0
6 6 12 2 2 4 0 0 0
6 6 16 2 2 4 0 0 0
6 8 0 2 2 4 0 0 0
6 8 4 2 2 4 0 0 0
6 8 8 2 2 4 0 0 0
6 8 12 2 2 4 0 0 0
6 8 16 2 2 4 0 0 0
8 0 8 2 2 4 0 0 0
8 0 12 2 2 4 0 0 0
8 0 16 2 2 4 0 0 0
8 2 8 2 2 4 0 0 0
8 2 12 2 2 4 0 0 0
8 2 16 2 2 4 0 0 0
8 4 8 2 2 4 0 0 0
8 4 12 2 2 4 0 0 0
8 4 16 2 2 4 0 0 0
8 6 12 2 2 4 0 0 0
8 6 16 2 2 4 0 0 0
8 8 0 2 2 4 0 0 0
8 8 4 2 2 4 0 0 0
8 8 8 2 2 4 0 0 0
8 8 12 2 2 4 0 0 0
8 8 16 2 2 4 0 0 0
4 6 0 6 2 6 2 14 0
4 6 6 6 2 6 2 14 0
0 0 0 3 3 8 4 23 0
0 3 0 3 3 8 4 23 0
7 0 0 3 3 8 4 23 0
7 3 0 3 3 8 4 23 0
18 0 8 2 2 4 0 0 1
18 0 12 2 2 4 0 0 1
18 0 16 2 2 4 0 0 1
18 2 8 2 2 4 0 0 1
18 2 12 2 2 4 0 0 1
18 2 16 2 2 4 0 0 1
18 4 8 2 2 4 0 0 1
18 4 12 2 2 4 0 0 1
18 4 16 2 2 4 0 0 1
18 6 0 2 2 4 0 0 1
18 6 4 2 2 4 0 0 1
18 6 8 2 2 4 0 0 1
18 6 12 2 2 4 0 0 1
18 6 16 2 2 4 0 0 1
18 8 0 2 2 4 0 0 1
18 8 4 2 2 4 0 0 1
18 8 8 2 2 4 0 0 1
18 8 12 2 2 4 0 0 1
18 8 16 2 2 4 0 0 1
16 0 8 2 2 4 0 0 1
16 0 12 2 2 4 0 0 1
16 0 16 2 2 4 0 0 1
16 2 8 2 2 4 0 0 1
16 2 12 2 2 4 0 0 1
16 2 16 2 2 4 0 0 1
16 4 8 2 2 4 0 0 1
16 4 12 2 2 4 0 0 1
16 4 16 2 2 4 0 0 1
16 6 0 2 2 4 0 0 1
16 6 4 2 2 4 0 0 1
16 6 8 2 2 4 0 0 1
16 6 12 2 2 4 0 0 1
16 6 16 2 2 4 0 0 1
16 8 0 2 2 4 0 0 1
16 8 4 2 2 4 0 0 1
16 8 8 2 2 4 0 0 1
16 8 12 2 2 4 0 0 1
16 8 16 2 2 4 0 0 1
14 0 8 2 2 4 0 0 1
14 0 12 2 2 4 0 0 1
14 0 16 2 2 4 0 0 1
14 2 8 2 2 4 0 0 1
14 2 12 2 2 4 0 0 1
14 2 16 2 2 4 0 0 1
14 4 8 2 2 4 0 0 1
14 4 12 2 2 4 0 0 1
14 4 16 2 2 4 0 0 1
14 6 0 2 2 4 0 0 1
14 6 4 2 2 4 0 0 1
14 6 8 2 2 4 0 0 1
14 6 12 2 2 4 0 0 1
14 6 16 2 2 4 0 0 1
14 8 0 2 2 4 0 0 1
14 8 4 2 2 4 0 0 1
14 8 8 2 2 4 0 0 1
14 8 12 2 2 4 0 0 1
14 8 16 2 2 4 0 0 1
12 0 0 2 2 4 0 0 1
12 0 4 2 2 4 0 0 1
12 0 8 2 2 4 0 0 1
12 0 12 2 2 4 0 0 1
12 0 16 2 2 4 0 0 1
12 2 0 2 2 4 0 0 1
12 2 4 2 2 4 0 0 1
12 2 8 2 2 4 0 0 1
12 2 12 2 2 4 0 0 1
12 2 16 2 2 4 0 0 1
12 4 0 2 2 4 0 0 1
12 4 4 2 2 4 0 0 1
12 4 8 2 2 4 0 0 1
12 4 12 2 2 4 0 0 1
12 4 16 2 2 4 0 0 1
12 6 0 2 2 4 0 0 1
12 6 4 2 2 4 0 0 1
12 6 8 2 2 4 0 0 1
12 6 12 2 2 4 0 0 1
12 6 16 2 2 4 0 0 1
12 8 0 2 2 4 0 0 1
12 8 4 2 2 4 0 0 1
12 8 8 2 2 4 0 0 1
12 8 12 2 2 4 0 0 1
12 8 16 2 2 4 0 0 1
10 0 0 2 2 4 0 0 1
10 0 4 2 2 4 0 0 1
10 0 8 2 2 4 0 0 1
10 0 12 2 2 4 0 0 1
10 0 16 2 2 4 0 0 1
10 2 0 2 2 4 0 0 1
10 2 4 2 2 4 0 0 1
10 2 8 2 2 4 0 0 1
10 2 12 2 2 4 0 0 1
10 2 16 2 2 4 0 0 1
10 4 0 2 2 4 0 0 1
10 4 4 2 2 4 0 0 1
10 4 8 2 2 4 0 0 1
10 4 12 2 2 4 0 0 1
10 4 16 2 2 4 0 0 1
10 6 0 2 2 4 0 0 1
10 6 4 2 2 4 0 0 1
10 6 8 2 2 4 0 0 1
10 6 12 2 2 4 0 0 1
10 6 16 2 2 4 0 0 1
10 8 0 2 2 4 0 0 1
10 8 4 2 2 4 0 0 1
10 8 8 2 2 4 0 0 1
10 8 12 2 2 4 0 0 1
10 8 16 2 2 4 0 0 1
17 0 0 3 3 8 4 23 1
17 3 0 3 3 8 4 23 1
14 0 0 3 3 8 4 23 1
14 3 0 3 3 8 4 23 1
0 12 8 2 2 4 0 0 2
0 12 12 2 2 4 0 0 2
0 12 16 2 2 4 0 0 2
0 13 0 2 2 4 0 0 2
0 13 4 2 2 4 0 0 2
0 14 8 2 2 4 0 0 2
0 14 12 2 2 4 0 0 2
0 14 16 2 2 4 0 0 2
0 15 0 2 2 4 0 0 2
0 15 4 2 2 4 0 0 2
0 16 8 2 2 4 0 0 2
0 16 12 2 2 4 0 0 2
0 16 16 2 2 4 0 0 2
0 18 8 2 2 4 0 0 2
0 18 12 2 2 4 0 0 2
0 18 16 2 2 4 0 0 2
2 12 8 2 2 4 0 0 2
2 12 12 2 2 4 0 0 2
2 12 16 2 2 4 0 0 2
2 13 0 2 2 4 0 0 2
2 13 4 2 2 4 0 0 2
2 14 8 2 2 4 0 0 2
2 14 12 2 2 4 0 0 2
2 14 16 2 2 4 0 0 2
2 15 0 2 2 4 0 0 2
2 15 4 2 2 4 0 0 2
2 16 8 2 2 4 0 0 2
2 16 12 2 2 4 0 0 2
2 16 16 2 2 4 0 0 2
2 18 8 2 2 4 0 0 2
2 18 12 2 2 4 0 0 2
2 18 16 2 2 4 0 0 2
4 12 8 2 2 4 0 0 2
4 12 12 2 2 4 0 0 2
4 12 16 2 2 4 0 0 2
4 13 0 2 2 4 0 0 2
4 13 4 2 2 4 0 0 2
4 14 8 2 2 4 0 0 2
4 14 12 2 2 4 0 0 2
4 14 16 2 2 4 0 0 2
4 15 0 2 2 4 0 0 2
4 15 4 2 2 4 0 0 2
4 16 8 2 2 4 0 0 2
4 16 12 2 2 4 0 0 2
4 16 16 2 2 4 0 0 2
4 18 8 2 2 4 0 0 2
4 18 12 2 2 4 0 0 2
4 18 16 2 2 4 0 0 2
6 10 0 2 2 4 0 0 2
6 10 4 2 2 4 0 0 2
6 10 8 2 2 4 0 0 2
6 10 12 2 2 4 0 0 2
6 10 16 2 2 4 0 0 2
6 12 0 2 2 4 0 0 2
6 12 4 2 2 4 0 0 2
6 12 8 2 2 4 0 0 2
6 12 12 2 2 4 0 0 2
6 12 16 2 2 4 0 0 2
6 14 0 2 2 4 0 0 2
6 14 4 2 2 4 0 0 2
6 14 8 2 2 4 0 0 2
6 14 12 2 2 4 0 0 2
6 14 16 2 2 4 0 0 2
6 16 0 2 2 4 0 0 2
6 16 4 2 2 4 0 0 2
6 16 8 2 2 4 0 0 2
6 16 12 2 2 4 0 0 2
6 16 16 2 2 4 0 0 2
6 18 0 2 2 4 0 0 2
6 18 4 2 2 4 0 0 2
6 18 8 2 2 4 0 0 2
6 18 12 2 2 4 0 0 2
6 18 16 2 2 4 0 0 2
8 10 0 2 2 4 0 0 2
8 10 4 2 2 4 0 0 2
8 10 8 2 2 4 0 0 2
8 10 12 2 2 4 0 0 2
8 10 16 2 2 4 0 0 2
8 12 0 2 2 4 0 0 2
8 12 4 2 2 4 0 0 2
8 12 8 2 2 4 0 0 2
8 12 12 2 2 4 0 0 2
8 12 16 2 2 4 0 0 2
8 14 0 2 2 4 0 0 2
8 14 4 2 2 4 0 0 2
8 14 8 2 2 4 0 0 2
8 14 12 2 2 4 0 0 2
8 14 16 2 2 4 0 0 2
8 16 0 2 2 4 0 0 2
8 16 4 2 2 4 0 0 2
8 16 8 2 2 4 0 0 2
8 16 12 2 2 4 0 0 2
8 16 16 2 2 4 0 0 2
8 18 0 2 2 4 0 0 2
8 18 4 2 2 4 0 0 2
8 18 8 2 2 4 0 0 2
8 18 12 2 2 4 0 0 2
8 18 16 2 2 4 0 0 2
0 10 8 6 2 6 2 14 2
0 10 14 6 2 6 2 14 2
0 10 0 3 3 8 4 23 2
0 17 0 3 3 8 4 23 2
3 10 0 3 3 8 4 23 2
3 17 0 3 3 8 4 23 2
18 10 0 2 2 4 0 0 3
18 10 4 2 2 4 0 0 3
18 10 8 2 2 4 0 0 3
18 10 12 2 2 4 0 0 3
18 10 16 2 2 4 0 0 3
18 12 0 2 2 4 0 0 3
18 12 4 2 2 4 0 0 3
18 12 8 2 2 4 0 0 3
18 12 12 2 2 4 0 0 3
18 12 16 2 2 4 0 0 3
18 14 0 2 2 4 0 0 3
18 14 4 2 2 4 0 0 3
18 14 8 2 2 4 0 0 3
18 14 12 2 2 4 0 0 3
18 14 16 2 2 4 0 0 3
18 16 0 2 2 4 0 0 3
18 16 4 2 2 4 0 0 3
18 16 8 2 2 4 0 0 3
18 16 12 2 2 4 0 0 3
18 16 16 2 2 4 0 0 3
18 18 0 2 2 4 0 0 3
18 18 4 2 2 4 0 0 3
18 18 8 2 2 4 0 0 3
18 18 12 2 2 4 0 0 3
18 18 16 2 2 4 0 0 3
16 10 0 2 2 4 0 0 3
16 10 4 2 2 4 0 0 3
16 10 8 2 2 4 0 0 3
16 10 12 2 2 4 0 0 3
16 10 16 2 2 4 0 0 3
16 12 0 2 2 4 0 0 3
16 12 4 2 2 4 0 0 3
16 12 8 2 2 4 0 0 3
16 12 12 2 2 4 0 0 3
16 12 16 2 2 4 0 0 3
16 14 0 2 2 4 0 0 3
16 14 4 2 2 4 0 0 3
16 14 8 2 2 4 0 0 3
16 14 12 2 2 4 0 0 3
16 14 16 2 2 4 0 0 3
16 16 0 2 2 4 0 0 3
16 16 4 2 2 4 0 0 3
16 16 8 2 2 4 0 0 3
16 16 12 2 2 4 0 0 3
16 16 16 2 2 4 0 0 3
16 18 0 2 2 4 0 0 3
16 18 4 2 2 4 0 0 3
16 18 8 2 2 4 0 0 3
16 18 12 2 2 4 0 0 3
16 18 16 2 2 4 0 0 3
14 10 12 2 2 4 0 0 3
14 10 16 2 2 4 0 0 3
14 12 0 2 2 4 0 0 3
14 12 4 2 2 4 0 0 3
14 12 8 2 2 4 0 0 3
14 12 12 2 2 4 0 0 3
14 12 16 2 2 4 0 0 3
14 14 8 2 2 4 0 0 3
14 14 12 2 2 4 0 0 3
14 14 16 2 2 4 0 0 3
14 16 8 2 2 4 0 0 3
14 16 12 2 2 4 0 0 3
14 16 16 2 2 4 0 0 3
12 10 12 2 2 4 0 0 3
12 10 16 2 2 4 0 0 3
12 12 0 2 2 4 0 0 3
12 12 4 2 2 4 0 0 3
12 12 8 2 2 4 0 0 3
12 12 12 2 2 4 0 0 3
12 12 16 2 2 4 0 0 3
12 14 8 2 2 4 0 0 3
12 14 12 2 2 4 0 0 3
12 14 16 2 2 4 0 0 3
12 16 8 2 2 4 0 0 3
12 16 12 2 2 4 0 0 3
12 16 16 2 2 4 0 0 3
10 10 12 2 2 4 0 0 3
10 10 16 2 2 4 0 0 3
10 12 0 2 2 4 0 0 3
10 12 4 2 2 4 0 0 3
10 12 8 2 2 4 0 0 3
10 12 12 2 2 4 0 0 3
10 12 16 2 2 4 0 0 3
10 14 8 2 2 4 0 0 3
10 14 12 2 2 4 0 0 3
10 14 16 2 2 4 0 0 3
10 16 8 2 2 4 0 0 3
10 16 12 2 2 4 0 0 3
10 16 16 2 2 4 0 0 3
10 10 0 6 2 6 2 14 3
10 10 6 6 2 6 2 14 3
10 18 8 6 2 6 2 14 3
10 18 14 6 2 6 2 14 3
13 14 0 3 3 8 4 23 3
13 17 0 3 3 8 4 23 3
10 14 0 3 3 8 4 23 3
10 17 0 3 3 8 4 23 3
