4
10 10 20
10 10 20
10 10 20
10 10 20
0 0 18 2 4 2 0 1 0
0 4 18 2 4 2 0 1 0
2 0 18 2 4 2 0 1 0
2 4 18 2 4 2 0 1 0
4 0 18 2 4 2 0 1 0
4 4 18 2 4 2 0 1 0
6 0 18 2 4 2 0 1 0
6 4 18 2 4 2 0 1 0
8 0 18 2 4 2 0 1 0
8 4 18 2 4 2 0 1 0
0 0 0 5 5 6 1 2 0
0 0 6 5 5 6 1 2 0
0 0 12 5 5 6 1 2 0
0 5 0 5 5 6 1 2 0
0 5 6 5 5 6 1 2 0
0 5 12 5 5 6 1 2 0
5 0 0 5 5 6 1 2 0
5 0 6 5 5 6 1 2 0
5 0 12 5 5 6 1 2 0
5 5 0 5 5 6 1 2 0
5 5 6 5 5 6 1 2 0
5 5 12 5 5 6 1 2 0
18 0 18 2 4 2 0 1 1
18 4 18 2 4 2 0 1 1
16 0 18 2 4 2 0 1 1
16 4 18 2 4 2 0 1 1
14 0 18 2 4 2 0 1 1
14 4 18 2 4 2 0 1 1
12 0 18 2 4 2 0 1 1
12 4 18 2 4 2 0 1 1
10 0 18 2 4 2 0 1 1
15 0 0 5 5 6 1 2 1
15 0 6 5 5 6 1 2 1
15 0 12 5 5 6 1 2 1
15 5 0 5 5 6 1 2 1
15 5 6 5 5 6 1 2 1
15 5 12 5 5 6 1 2 1
10 0 0 5 5 6 1 2 1
10 0 6 5 5 6 1 2 1
10 0 12 5 5 6 1 2 1
10 5 0 5 5 6 1 2 1
10 5 6 5 5 6 1 2 1
10 5 12 5 5 6 1 2 1
0 10 0 2 4 2 0 1 2
0 10 2 2 4 2 0 1 2
0 10 4 2 4 2 0 1 2
0 10 6 2 4 2 0 1 2
0 10 8 2 4 2 0 1 2
0 10 10 2 4 2 0 1 2
0 10 12 2 4 2 0 1 2
0 10 14 2 4 2 0 1 2
0 10 16 2 4 2 0 1 2
0 10 18 2 4 2 0 1 2
2 16 0 2 4 2 0 1 2
2 16 2 2 4 2 0 1 2
2 16 4 2 4 2 0 1 2
2 16 6 2 4 2 0 1 2
2 16 8 2 4 2 0 1 2
2 16 10 2 4 2 0 1 2
2 16 12 2 4 2 0 1 2
2 16 14 2 4 2 0 1 2
2 16 16 2 4 2 0 1 2
2 16 18 2 4 2 0 1 2
4 16 0 2 4 2 0 1 2
4 16 2 2 4 2 0 1 2
4 16 4 2 4 2 0 1 2
4 16 6 2 4 2 0 1 2
4 16 8 2 4 2 0 1 2
4 16 10 2 4 2 0 1 2
4 16 12 2 4 2 0 1 2
4 16 14 2 4 2 0 1 2
4 16 16 2 4 2 0 1 2
4 16 18 2 4 2 0 1 2
6 10 0 2 4 2 0 1 2
6 10 2 2 4 2 0 1 2
6 10 4 2 4 2 0 1 2
6 10 6 2 4 2 0 1 2
6 10 8 2 4 2 0 1 2
6 10 10 2 4 2 0 1 2
6 10 12 2 4 2 0 1 2
6 10 14 2 4 2 0 1 2
6 10 16 2 4 2 0 1 2
6 10 18 2 4 2 0 1 2
8 10 0 2 4 2 0 1 2
8 10 2 2 4 2 0 1 2
8 10 4 2 4 2 0 1 2
8 10 6 2 4 2 0 1 2
8 10 8 2 4 2 0 1 2
8 10 10 2 4 2 0 1 2
8 10 12 2 4 2 0 1 2
8 10 14 2 4 2 0 1 2
8 10 16 2 4 2 0 1 2
8 10 18 2 4 2 0 1 2
0 14 0 2 3 4 3 11 2
0 14 4 2 3 4 3 11 2
0 14 8 2 3 4 3 11 2
0 14 12 2 3 4 3 11 2
0 14 16 2 3 4 3 11 2
0 17 0 2 3 4 3 11 2
0 17 4 2 3 4 3 11 2
0 17 8 2 3 4 3 11 2
0 17 12 2 3 4 3 11 2
0 17 16 2 3 4 3 11 2
2 10 0 2 3 4 3 11 2
2 10 4 2 3 4 3 11 2
2 10 8 2 3 4 3 11 2
2 10 12 2 3 4 3 11 2
2 10 16 2 3 4 3 11 2
2 13 0 2 3 4 3 11 2
2 13 4 2 3 4 3 11 2
2 13 8 2 3 4 3 11 2
2 13 12 2 3 4 3 11 2
2 13 16 2 3 4 3 11 2
4 10 0 2 3 4 3 11 2
4 10 4 2 3 4 3 11 2
4 10 8 2 3 4 3 11 2
4 10 12 2 3 4 3 11 2
4 10 16 2 3 4 3 11 2
4 13 0 2 3 4 3 11 2
4 13 4 2 3 4 3 11 2
4 13 8 2 3 4 3 11 2
4 13 12 2 3 4 3 11 2
4 13 16 2 3 4 3 11 2
6 14 0 2 3 4 3 11 2
6 14 4 2 3 4 3 11 2
6 14 8 2 3 4 3 11 2
6 14 12 2 3 4 3 11 2
6 14 16 2 3 4 3 11 2
6 17 0 2 3 4 3 11 2
6 17 4 2 3 4 3 11 2
6 17 8 2 3 4 3 11 2
6 17 12 2 3 4 3 11 2
6 17 16 2 3 4 3 11 2
8 14 0 2 3 4 3 11 2
8 14 4 2 3 4 3 11 2
8 14 8 2 3 4 3 11 2
8 14 12 2 3 4 3 11 2
8 14 16 2 3 4 3 11 2
8 17 0 2 3 4 3 11 2
8 17 4 2 3 4 3 11 2
8 17 8 2 3 4 3 11 2
8 17 12 2 3 4 3 11 2
8 17 16 2 3 4 3 11 2
18 10 18 2 4 2 0 1 3
18 14 18 2 4 2 0 1 3
16 10 18 2 4 2 0 1 3
16 14 18 2 4 2 0 1 3
14 10 18 2 4 2 0 1 3
14 14 18 2 4 2 0 1 3
12 10 18 2 4 2 0 1 3
12 14 18 2 4 2 0 1 3
10 10 18 2 4 2 0 1 3
10 14 18 2 4 2 0 1 3
15 10 0 5 5 6 1 2 3
15 10 6 5 5 6 1 2 3
15 10 12 5 5 6 1 2 3
15 15 0 5 5 6 1 2 3
15 15 6 5 5 6 1 2 3
15 15 12 5 5 6 1 2 3
10 10 0 5 5 6 1 2 3
10 10 6 5 5 6 1 2 3
10 10 12 5 5 6 1 2 3
10 15 0 5 5 6 1 2 3
10 15 6 5 5 6 1 2 3
10 15 12 5 5 6 1 2 3
