
Gurobi 12.0.2 (win64) logging started Mon May 25 20:37:30 2026

Set parameter LogFile to value "resultados DATA_1_n10m05b2d1\instancia_6_log.txt"
Set parameter TimeLimit to value 3600
Gurobi Optimizer version 12.0.2 build v12.0.2rc0 (win64 - Windows 11+.0 (26200.2))

CPU model: 12th Gen Intel(R) Core(TM) i7-12700, instruction set [SSE2|AVX|AVX2]
Thread count: 12 physical cores, 20 logical processors, using up to 20 threads

Non-default parameters:
TimeLimit  3600

Optimize a model with 65301 rows, 1764 columns and 254616 nonzeros
Model fingerprint: 0xd5f511d1
Variable types: 12 continuous, 1752 integer (1752 binary)
Coefficient statistics:
  Matrix range     [1e+00, 2e+03]
  Objective range  [3e+00, 6e+01]
  Bounds range     [1e+00, 1e+00]
  RHS range        [1e+00, 3e+03]
Found heuristic solution: objective 368.0000000
Presolve removed 61182 rows and 4 columns
Presolve time: 0.37s
Presolved: 4119 rows, 1760 columns, 85524 nonzeros
Variable types: 0 continuous, 1760 integer (1760 binary)
Found heuristic solution: objective 736.0000000

Root relaxation: objective 9.852222e+02, 4948 iterations, 0.33 seconds (0.64 work units)

    Nodes    |    Current Node    |     Objective Bounds      |     Work
 Expl Unexpl |  Obj  Depth IntInf | Incumbent    BestBd   Gap | It/Node Time

     0     0  985.22222    0  383  736.00000  985.22222  33.9%     -    0s
H    0     0                     742.0000000  985.22222  32.8%     -    0s
H    0     0                     826.0000000  985.22222  19.3%     -    0s
H    0     0                     853.0000000  985.22222  15.5%     -    0s
H    0     0                     862.0000000  985.22222  14.3%     -    0s
H    0     0                     878.0000000  985.22222  12.2%     -    0s
H    0     0                     880.0000000  985.22222  12.0%     -    0s
H    0     0                     881.0000000  985.22222  11.8%     -    0s
H    0     0                     905.0000000  985.22222  8.86%     -    0s
H    0     0                     911.0000000  985.22222  8.15%     -    0s
     0     0  982.50315    0  447  911.00000  982.50315  7.85%     -    1s
H    0     0                     919.0000000  979.53069  6.59%     -    1s
H    0     0                     931.0000000  979.53069  5.21%     -    1s
     0     0  979.53069    0  454  931.00000  979.53069  5.21%     -    1s
     0     0  979.53069    0  457  931.00000  979.53069  5.21%     -    1s
     0     0  978.49041    0  528  931.00000  978.49041  5.10%     -    1s
H    0     0                     937.0000000  978.49041  4.43%     -    1s
H    0     0                     952.0000000  976.77229  2.60%     -    1s
H    0     0                     955.0000000  976.77229  2.28%     -    1s
     0     0  976.77229    0  533  955.00000  976.77229  2.28%     -    1s
     0     0  976.74197    0  543  955.00000  976.74197  2.28%     -    1s
     0     0  976.74197    0  542  955.00000  976.74197  2.28%     -    1s
H    0     0                     956.0000000  976.74197  2.17%     -    1s
     0     0  975.90715    0  566  956.00000  975.90715  2.08%     -    1s
     0     0  975.42757    0  536  956.00000  975.42757  2.03%     -    1s
     0     0  975.34742    0  549  956.00000  975.34742  2.02%     -    1s
     0     0  975.33682    0  555  956.00000  975.33682  2.02%     -    1s
     0     0  975.33650    0  556  956.00000  975.33650  2.02%     -    1s
H    0     0                     962.0000000  975.33650  1.39%     -    2s
     0     0  974.14106    0  554  962.00000  974.14106  1.26%     -    2s
     0     0  973.89422    0  513  962.00000  973.89422  1.24%     -    2s
     0     0  973.86029    0  546  962.00000  973.86029  1.23%     -    2s
     0     0  973.85484    0  553  962.00000  973.85484  1.23%     -    2s
     0     0  973.84351    0  555  962.00000  973.84351  1.23%     -    2s
     0     0  973.84342    0  577  962.00000  973.84342  1.23%     -    2s
     0     0  973.08052    0  649  962.00000  973.08052  1.15%     -    2s
     0     0  973.00264    0  636  962.00000  973.00264  1.14%     -    2s
     0     0  972.96788    0  636  962.00000  972.96788  1.14%     -    2s
     0     0  972.96561    0  638  962.00000  972.96561  1.14%     -    2s
     0     0  971.68367    0  504  962.00000  971.68367  1.01%     -    3s
     0     0  971.68367    0  465  962.00000  971.68367  1.01%     -    3s
     0     0  970.61071    0  510  962.00000  970.61071  0.90%     -    3s
     0     0  970.61071    0  465  962.00000  970.61071  0.90%     -    3s
     0     0  970.61056    0  466  962.00000  970.61056  0.90%     -    3s
     0     0  970.61013    0  498  962.00000  970.61013  0.90%     -    3s
     0     0  970.60936    0  519  962.00000  970.60936  0.89%     -    3s
     0     0  970.60845    0  487  962.00000  970.60845  0.89%     -    3s
     0     0  970.60256    0  517  962.00000  970.60256  0.89%     -    3s
     0     0  970.60256    0  475  962.00000  970.60256  0.89%     -    4s
     0     2  970.60256    0  379  962.00000  970.60256  0.89%     -    4s
    39    68  970.46047    6  365  962.00000  970.54433  0.89%   246    5s
  2654  1612  967.28707   24  392  962.00000  970.24600  0.86%  58.1   10s
  2679  1629  965.00000   34  301  962.00000  966.38043  0.46%  57.6   15s
  2707  1649  966.08735   11  238  962.00000  966.08735  0.42%  68.3   20s
  3197  1887  965.00000   46   16  962.00000  965.50000  0.36%  78.9   25s
 12464  6088  963.88889   61   58  962.00000  965.00000  0.31%  54.6   30s
 24254 13708  963.00000   66    9  962.00000  965.00000  0.31%  49.0   35s
 36728 20823  964.14286   60  475  962.00000  965.00000  0.31%  45.3   41s
 36746 20835  964.14286   85   95  962.00000  965.00000  0.31%  45.3   45s
 36811 20888  965.00000   55  187  962.00000  965.00000  0.31%  46.0   50s
 40186 22025  964.85173   68  137  962.00000  965.00000  0.31%  47.0   55s
 49845 24397  963.00000   75   61  962.00000  965.00000  0.31%  46.3   60s
 54553 24763  963.00000   95  475  962.00000  965.00000  0.31%  45.8   73s
 54558 24766  963.00000   85   64  962.00000  965.00000  0.31%  45.8   75s
 54569 24774  963.00000   83   65  962.00000  964.81818  0.29%  45.8   80s
 55591 25087  964.71429   76   43  962.00000  964.81818  0.29%  46.4   85s
 60675 26400  964.54128   79  163  962.00000  964.80994  0.29%  46.5   90s
 68956 28727  963.00000   91   22  962.00000  964.71429  0.28%  46.8   95s
 80225 31232  963.77419   79   79  962.00000  964.71429  0.28%  46.1  100s
 91138 34380  963.00000   77   31  962.00000  964.71429  0.28%  46.0  105s
 101660 36738  963.93023   81  102  962.00000  964.66559  0.28%  45.9  110s
 112067 39159     cutoff   95       962.00000  964.60000  0.27%  45.6  115s
 123170 41551  964.33333   85   34  962.00000  964.53846  0.26%  45.4  120s
 134865 45975  963.78594   96  104  962.00000  964.46178  0.26%  45.0  125s
 142627 49597  963.00000   86   13  962.00000  964.41176  0.25%  44.9  130s
 154133 55047  964.41176   82   74  962.00000  964.41176  0.25%  44.4  135s
 166513 61084  963.00000  100   35  962.00000  964.41176  0.25%  44.1  140s
 178723 66485  963.00000  105   11  962.00000  964.41176  0.25%  43.8  145s
 190311 71480  963.61538   79   90  962.00000  964.41176  0.25%  43.6  150s
 201752 77429  963.00000   94   31  962.00000  964.36666  0.25%  43.5  155s
 214476 83820     cutoff  101       962.00000  964.33333  0.24%  43.1  160s
 225893 89527  964.33333   83   79  962.00000  964.33333  0.24%  42.8  165s
 237755 95843  964.00000   83   95  962.00000  964.33333  0.24%  42.5  170s
 250364 102323     cutoff   91       962.00000  964.33333  0.24%  42.3  175s
 261352 107704     cutoff   99       962.00000  964.33333  0.24%  42.3  180s
 272763 113496  963.00000   90   24  962.00000  964.33333  0.24%  42.3  185s
 284233 118956  964.33333   86   80  962.00000  964.33333  0.24%  42.2  190s
 295186 123936  964.33333   85   20  962.00000  964.33333  0.24%  42.3  195s
 307768 129232  963.00000  107   15  962.00000  964.26316  0.24%  42.0  200s
 320399 134685  963.71487   95  172  962.00000  964.25081  0.23%  41.5  205s
 333017 140786  963.77419   87   60  962.00000  964.22308  0.23%  41.1  210s
 345204 146533  963.00000   91   43  962.00000  964.20000  0.23%  40.8  215s
 358184 152713  963.67797   98   40  962.00000  964.18363  0.23%  40.4  220s
 370335 158290     cutoff  108       962.00000  964.17551  0.23%  40.1  225s
 383629 164051  964.16505   86   86  962.00000  964.17551  0.23%  39.6  230s
 396514 169370     cutoff  103       962.00000  964.16900  0.23%  39.2  235s
 408329 174038  963.00000   99   40  962.00000  964.15853  0.22%  38.9  240s
 420186 179020  963.82759   93   74  962.00000  964.14365  0.22%  38.8  245s
 430598 182996  963.00000  113   29  962.00000  964.14286  0.22%  38.7  250s
 441036 187545  963.94118   93   76  962.00000  964.14286  0.22%  38.7  255s
 450865 192018  964.14286   94  109  962.00000  964.14286  0.22%  38.7  260s
 461100 196331  963.00000  124   13  962.00000  964.14286  0.22%  38.7  265s
 471747 200731  964.14286   94   63  962.00000  964.14286  0.22%  38.7  270s
 482410 205359  963.00000   98   31  962.00000  964.14286  0.22%  38.6  275s
 493327 210255  963.00000  114  100  962.00000  964.14286  0.22%  38.5  280s
 504677 214976  963.71429   90   74  962.00000  964.14286  0.22%  38.5  285s
 516089 219745     cutoff  102       962.00000  964.10345  0.22%  38.4  290s
 524343 223572  963.00000   98   52  962.00000  964.08597  0.22%  38.3  295s
 536326 229128 infeasible  117       962.00000  964.06064  0.21%  38.2  300s
 548414 234419  963.00000  103   34  962.00000  964.04348  0.21%  38.0  305s
 559663 239349  963.00000  105   43  962.00000  964.04348  0.21%  37.9  310s
 571212 244287  964.04348   97   56  962.00000  964.04348  0.21%  37.8  315s
 584942 250533  963.00000   88   32  962.00000  964.04348  0.21%  37.6  320s
 596621 255823  963.00000  108   48  962.00000  964.04348  0.21%  37.4  325s
 608472 261264  963.00000  107   24  962.00000  964.04348  0.21%  37.2  330s
 621464 267881  963.00000   91    7  962.00000  964.03226  0.21%  37.1  335s
 634645 273563  963.00000   96   23  962.00000  964.02564  0.21%  36.9  340s
 646206 278630  963.47059   97   42  962.00000  964.00000  0.21%  36.9  345s
 657922 284212     cutoff  110       962.00000  964.00000  0.21%  36.8  350s
 670124 289892  964.00000   80   41  962.00000  964.00000  0.21%  36.7  355s
 682368 295376  963.89847   89  129  962.00000  964.00000  0.21%  36.7  360s
 694481 301457  963.53333   96   70  962.00000  963.99094  0.21%  36.6  365s
 707672 307158  963.00000  111   19  962.00000  963.97800  0.21%  36.5  370s
 717859 312396  963.00000  109   24  962.00000  963.97561  0.21%  36.5  375s
 730714 318310  963.00000   87   21  962.00000  963.96000  0.20%  36.4  380s
 744959 325190     cutoff   92       962.00000  963.96000  0.20%  36.3  385s
 758186 331619  963.96000   98   70  962.00000  963.96000  0.20%  36.1  390s
 770490 337046  963.96000  104   51  962.00000  963.96000  0.20%  36.0  395s
 785819 344068  963.00000   87   58  962.00000  963.96000  0.20%  35.9  400s
 799939 350345     cutoff   89       962.00000  963.96000  0.20%  35.8  405s
 813795 356918  963.00000   85    7  962.00000  963.96000  0.20%  35.7  410s
 828099 363433  963.00000   80   61  962.00000  963.96000  0.20%  35.6  415s
 841565 369537  963.00000   93    7  962.00000  963.96000  0.20%  35.5  420s
 856657 376149     cutoff   97       962.00000  963.96000  0.20%  35.4  425s
 870571 382162     cutoff  111       962.00000  963.96000  0.20%  35.3  430s
 884710 388183  963.00000  115   51  962.00000  963.96000  0.20%  35.2  435s
 897446 393807  963.00000  104   48  962.00000  963.96000  0.20%  35.2  440s
 912121 400078     cutoff   84       962.00000  963.96000  0.20%  35.1  445s
 926093 405798  963.46452   82  151  962.00000  963.96000  0.20%  35.0  450s
 939631 411676  963.80124   91  155  962.00000  963.94488  0.20%  34.9  455s
 951849 416852     cutoff   96       962.00000  963.93023  0.20%  34.9  460s
 963536 421988  963.00000   95  100  962.00000  963.93023  0.20%  34.9  465s
 975133 426678  963.00000   93   39  962.00000  963.93023  0.20%  34.9  470s
 989604 433185  963.00000   88   13  962.00000  963.93023  0.20%  34.8  475s
 1003942 439205  963.00000   91    7  962.00000  963.93023  0.20%  34.7  480s
 1014644 443622  963.77024   98   84  962.00000  963.93023  0.20%  34.7  485s
 1029330 449117  963.93023   94   71  962.00000  963.93023  0.20%  34.6  490s
 1041354 454877  963.00000   92   46  962.00000  963.93023  0.20%  34.5  496s
 1045226 456280  963.00000   97   13  962.00000  963.93023  0.20%  34.5  500s
 1049541 458039     cutoff   88       962.00000  963.93023  0.20%  34.5  506s
 1053540 459754     cutoff   90       962.00000  963.93023  0.20%  34.5  510s
 1057133 461358  963.75262   93   70  962.00000  963.93023  0.20%  34.5  515s
 1060938 463075  963.00000   91   19  962.00000  963.93023  0.20%  34.5  520s
 1065210 464836  963.00000   90   62  962.00000  963.93023  0.20%  34.4  526s
 1069282 466566  963.00000  105   10  962.00000  963.93023  0.20%  34.4  531s
 1072898 467941     cutoff  106       962.00000  963.93023  0.20%  34.4  535s
 1076319 469378  963.00000   91   16  962.00000  963.93023  0.20%  34.4  540s
 1080027 470957     cutoff   99       962.00000  963.93023  0.20%  34.4  545s
 1083965 472399  963.00000   99   21  962.00000  963.93023  0.20%  34.4  550s
 1087639 474010  963.00000   95   21  962.00000  963.93023  0.20%  34.4  555s
 1091479 475590  963.00000  104   33  962.00000  963.93023  0.20%  34.3  560s
 1095510 477352  963.00000   96   15  962.00000  963.93023  0.20%  34.3  565s
 1099662 479285  963.00000  101   15  962.00000  963.93023  0.20%  34.3  570s
 1104699 481333     cutoff   95       962.00000  963.93023  0.20%  34.3  575s
 1108631 482960  963.00000   92   41  962.00000  963.93023  0.20%  34.3  580s
 1113626 485305     cutoff  105       962.00000  963.93023  0.20%  34.2  586s
 1117344 486864  963.73482   90   56  962.00000  963.93023  0.20%  34.2  591s
 1121079 488490  963.00000   89   13  962.00000  963.93023  0.20%  34.2  596s
 1124833 489893  963.00000  107   15  962.00000  963.93023  0.20%  34.2  601s
 1128105 491350  963.00000  102   51  962.00000  963.93023  0.20%  34.2  606s
 1132237 492988  963.74985   98  123  962.00000  963.93023  0.20%  34.2  611s
 1136109 494477  963.00000  100   13  962.00000  963.93023  0.20%  34.2  616s
 1140056 496125  963.00000   90   10  962.00000  963.93023  0.20%  34.2  621s
 1144027 497901  963.53731   78   99  962.00000  963.93023  0.20%  34.2  626s
 1148481 499807     cutoff  114       962.00000  963.92308  0.20%  34.1  631s
 1152604 501293  963.00000   81    9  962.00000  963.92308  0.20%  34.1  636s
 1156271 502906  963.00000   87   15  962.00000  963.91275  0.20%  34.1  641s
 1159641 504538  963.66667   82   42  962.00000  963.90909  0.20%  34.1  645s
 1164128 506305  963.76142   92  130  962.00000  963.90349  0.20%  34.1  650s
 1168199 507985  963.30769  103   70  962.00000  963.90226  0.20%  34.1  656s
 1171902 509626  963.00000   95    9  962.00000  963.89581  0.20%  34.1  661s
 1175996 511268     cutoff  133       962.00000  963.88889  0.20%  34.1  666s
 1180187 513002  963.82759  110   79  962.00000  963.88889  0.20%  34.0  670s
 1183951 514653  963.00000   80   86  962.00000  963.88889  0.20%  34.0  675s
 1188020 516328  963.00000  106   19  962.00000  963.88889  0.20%  34.0  680s
 1190708 517644  963.00000   90   63  962.00000  963.88889  0.20%  34.0  685s
 1194773 519552  963.88889   84   76  962.00000  963.88889  0.20%  34.0  690s
 1198951 521156     cutoff   96       962.00000  963.88889  0.20%  34.0  695s
 1202732 522763  963.00000   94   15  962.00000  963.88889  0.20%  33.9  700s
 1206636 524408  963.85106   78   69  962.00000  963.88889  0.20%  33.9  705s
 1210690 526325  963.00000   91    7  962.00000  963.88889  0.20%  33.9  710s
 1215746 528402     cutoff  114       962.00000  963.88889  0.20%  33.9  715s
 1219012 529872  963.00000  103   15  962.00000  963.88010  0.20%  33.9  720s
 1223847 531891  963.00000  106    7  962.00000  963.87273  0.19%  33.9  726s
 1226492 533147  963.70709   92   86  962.00000  963.87075  0.19%  33.9  730s
 1232224 535765  963.00000   96   16  962.00000  963.86331  0.19%  33.8  736s
 1236532 537574  963.00000   96   18  962.00000  963.86022  0.19%  33.8  740s
 1241606 539806  963.76211   91  150  962.00000  963.85714  0.19%  33.8  746s
 1246044 541372  963.00000   82    9  962.00000  963.85714  0.19%  33.7  750s
 1250592 543517  963.00000   96    7  962.00000  963.85714  0.19%  33.7  756s
 1254430 544975  963.76923   72   63  962.00000  963.85714  0.19%  33.7  760s
 1259393 546775     cutoff  111       962.00000  963.85714  0.19%  33.7  766s
 1263520 548339  963.00000   91   38  962.00000  963.85106  0.19%  33.7  771s
 1267656 549904  963.00000  104   39  962.00000  963.85106  0.19%  33.6  775s
 1272830 551929  963.00000   83    7  962.00000  963.85106  0.19%  33.6  780s
 1277977 554198  963.00000   95   40  962.00000  963.85106  0.19%  33.6  786s
 1281947 555493  963.00000  116   35  962.00000  963.85106  0.19%  33.5  790s
 1287186 557724  963.82759   88   82  962.00000  963.85106  0.19%  33.5  796s
 1290998 559223     cutoff  121       962.00000  963.85106  0.19%  33.5  800s
 1295727 561519  963.00000   91   27  962.00000  963.85106  0.19%  33.5  806s
 1300055 563095  963.00000   91   23  962.00000  963.85106  0.19%  33.4  810s
 1305147 565349  963.00000   94    9  962.00000  963.85106  0.19%  33.4  815s
 1310341 567449  963.85106   78   52  962.00000  963.85106  0.19%  33.3  820s
 1315381 569702     cutoff  101       962.00000  963.85106  0.19%  33.3  826s
 1319667 571398  963.00000  127    9  962.00000  963.85106  0.19%  33.3  830s
 1324673 573440  963.00000   89   17  962.00000  963.85106  0.19%  33.3  835s
 1329483 575384     cutoff  100       962.00000  963.85106  0.19%  33.2  841s
 1333841 577274  963.00000   93   31  962.00000  963.85106  0.19%  33.2  846s
 1337947 578951  963.00000  100    7  962.00000  963.85106  0.19%  33.2  850s
 1342796 580704  963.00000   94   43  962.00000  963.85106  0.19%  33.2  856s
 1346345 582228     cutoff   99       962.00000  963.85106  0.19%  33.2  860s
 1349523 583532  963.82759   82   94  962.00000  963.84956  0.19%  33.2  865s
 1353240 584840  963.81436   83   99  962.00000  963.84642  0.19%  33.2  870s
 1357056 586466  963.00000  114    7  962.00000  963.83586  0.19%  33.2  876s
 1360182 587163  963.82759   90  102  962.00000  963.83333  0.19%  33.1  880s
 1362435 588575  963.00000   90   17  962.00000  963.83117  0.19%  33.1  886s
 1365157 589730  963.00000   95   15  962.00000  963.82759  0.19%  33.1  890s
 1369280 591624  963.00000  107   13  962.00000  963.82759  0.19%  33.1  896s
 1373504 593045  963.00000  103    7  962.00000  963.82759  0.19%  33.1  900s
 1378689 595036  963.00000  106    9  962.00000  963.82759  0.19%  33.0  905s
 1383519 597217  963.00000  108   15  962.00000  963.82759  0.19%  33.0  910s
 1387451 598842  963.00000  103   13  962.00000  963.82759  0.19%  33.0  915s
 1393084 601205  963.00000   98   53  962.00000  963.82759  0.19%  33.0  920s
 1395970 601968  963.00000   91   35  962.00000  963.82759  0.19%  32.9  925s
 1399438 603811     cutoff   97       962.00000  963.82759  0.19%  32.9  930s
 1403224 605489  963.82759   85   60  962.00000  963.82759  0.19%  32.9  935s
 1409107 607895     cutoff  100       962.00000  963.82759  0.19%  32.9  941s
 1413814 609726  963.00000   92   13  962.00000  963.82759  0.19%  32.8  946s
 1419289 611949  963.00000   82   13  962.00000  963.82759  0.19%  32.8  951s
 1424359 614135  963.82759   94   56  962.00000  963.82759  0.19%  32.8  956s
 1432354 616920  963.00000   98   41  962.00000  963.82759  0.19%  32.7  960s
 1451596 624730     cutoff  113       962.00000  963.82759  0.19%  32.6  965s
 1469096 631696  963.00000  105   29  962.00000  963.82759  0.19%  32.5  970s
 1486689 639066  963.00000  123   13  962.00000  963.82759  0.19%  32.4  975s
 1498245 643928  963.00000   94   11  962.00000  963.82759  0.19%  32.4  980s
 1503204 645723     cutoff  113       962.00000  963.82759  0.19%  32.4  985s
 1508637 648098  963.82759   93   51  962.00000  963.82759  0.19%  32.3  990s
 1513794 650108  963.00000  111    9  962.00000  963.82759  0.19%  32.3  996s
 1517866 651773  963.00000   81   39  962.00000  963.82759  0.19%  32.3 1000s
 1522405 653770  963.00000   74    9  962.00000  963.82759  0.19%  32.3 1005s
 1526189 655320     cutoff  109       962.00000  963.82759  0.19%  32.3 1010s
 1531065 657402  963.00000  100   11  962.00000  963.82759  0.19%  32.3 1015s
 1534842 659318     cutoff  113       962.00000  963.82759  0.19%  32.2 1020s
 1539933 661210  963.00000  106   13  962.00000  963.82759  0.19%  32.2 1025s
 1545168 663322  963.00000  132   45  962.00000  963.82759  0.19%  32.2 1030s
 1550003 665489  963.00000   92   11  962.00000  963.82759  0.19%  32.2 1035s
 1553910 667238  963.70203   83  100  962.00000  963.82759  0.19%  32.2 1040s
 1559353 669592  963.00000   93   35  962.00000  963.82759  0.19%  32.1 1045s
 1564518 671734     cutoff  102       962.00000  963.82759  0.19%  32.1 1050s
 1569325 673891  963.00000   94   41  962.00000  963.82759  0.19%  32.1 1056s
 1573200 675379  963.00000   82   33  962.00000  963.82759  0.19%  32.1 1060s
 1578232 677536  963.00000   92   25  962.00000  963.82759  0.19%  32.1 1066s
 1582359 679310  963.00000   98   73  962.00000  963.82759  0.19%  32.0 1070s
 1597912 685533  963.80383   88  188  962.00000  963.82759  0.19%  32.0 1075s
 1615579 692862  963.00000  102   20  962.00000  963.82759  0.19%  31.9 1080s
 1633462 700183     cutoff   88       962.00000  963.82759  0.19%  31.8 1085s
 1651409 707778  963.00000  108   32  962.00000  963.82759  0.19%  31.8 1090s
 1670078 715743  963.00000  108   20  962.00000  963.82759  0.19%  31.7 1095s
 1687804 723021  963.00000  105  100  962.00000  963.82759  0.19%  31.7 1100s
 1707262 731398  963.82759   88   57  962.00000  963.82759  0.19%  31.6 1105s
 1722631 737771  963.00000  101   24  962.00000  963.82759  0.19%  31.5 1110s
 1741490 745829     cutoff  100       962.00000  963.82759  0.19%  31.5 1115s
 1761148 753981  963.00000   89   46  962.00000  963.82759  0.19%  31.4 1120s
 1776159 760260  963.00000  107   18  962.00000  963.82051  0.19%  31.4 1125s
 1790865 766542  963.00000  106   12  962.00000  963.81633  0.19%  31.3 1130s
 1805083 772360  963.00000  110   19  962.00000  963.81356  0.19%  31.3 1135s
 1821727 778869     cutoff   93       962.00000  963.81287  0.19%  31.2 1140s
 1835857 783606  963.00000   87   19  962.00000  963.80068  0.19%  31.2 1145s
 1849611 788454  963.62869  103   47  962.00000  963.80000  0.19%  31.2 1150s
 1863494 793781  963.00000  103   24  962.00000  963.79208  0.19%  31.2 1155s
 1877655 799049     cutoff  113       962.00000  963.78907  0.19%  31.2 1160s
 1892808 804493  963.00000   94   66  962.00000  963.78431  0.19%  31.1 1165s
 1907003 810222  963.00000   89   27  962.00000  963.78431  0.19%  31.1 1170s
 1920295 814944  963.00000   92   19  962.00000  963.77496  0.18%  31.1 1175s
 1937843 820917  963.77419  100   27  962.00000  963.77419  0.18%  31.0 1180s
 1954180 827754  963.77419   98   68  962.00000  963.77419  0.18%  31.0 1185s
 1969000 833234  963.42105  109   41  962.00000  963.77419  0.18%  30.9 1190s
 1985194 839122  963.00000   94   25  962.00000  963.77419  0.18%  30.9 1195s
 1996221 844152     cutoff  114       962.00000  963.77419  0.18%  30.8 1200s
 2011839 850217  963.00000  105   13  962.00000  963.77419  0.18%  30.8 1205s
 2026732 855974  963.00000  115   18  962.00000  963.77419  0.18%  30.8 1210s
 2042188 862107  963.77419   78   85  962.00000  963.77419  0.18%  30.7 1215s
 2057472 868203     cutoff  104       962.00000  963.76923  0.18%  30.7 1220s
 2070233 872794  963.00000   98   21  962.00000  963.76923  0.18%  30.7 1225s
 2082966 877391  963.00000   87   60  962.00000  963.75887  0.18%  30.7 1230s
 2094426 881311  963.00000   94   18  962.00000  963.75639  0.18%  30.7 1235s
 2108858 885848  963.00000   92   36  962.00000  963.75262  0.18%  30.7 1240s
 2123293 890120  963.00000   85   68  962.00000  963.75262  0.18%  30.7 1245s
 2136930 895274  963.00000   88   63  962.00000  963.74725  0.18%  30.7 1250s
 2151343 900041  963.00000   83   79  962.00000  963.73973  0.18%  30.6 1255s
 2165178 904738  963.00000   94   53  962.00000  963.73167  0.18%  30.6 1260s
 2178700 910675  963.00000  102   45  962.00000  963.72727  0.18%  30.6 1265s
 2193521 916596  963.00000  106   55  962.00000  963.72727  0.18%  30.6 1270s
 2202751 919689     cutoff  106       962.00000  963.72727  0.18%  30.6 1275s
 2214688 924447  963.00000   98   25  962.00000  963.72727  0.18%  30.5 1280s
 2227592 929403  963.00000   94   34  962.00000  963.72727  0.18%  30.5 1285s
 2244106 935647  963.00000  108   52  962.00000  963.72727  0.18%  30.5 1290s
 2257760 940804  963.00000  105   13  962.00000  963.72727  0.18%  30.5 1295s
 2271799 946273  963.00000  102   43  962.00000  963.72727  0.18%  30.4 1300s
 2286518 952133  963.00000  103   65  962.00000  963.72727  0.18%  30.4 1305s
 2300657 957996  963.00000   86   27  962.00000  963.72727  0.18%  30.4 1310s
 2314765 963814     cutoff  105       962.00000  963.72727  0.18%  30.4 1315s
 2328916 969986  963.00000  100   31  962.00000  963.72727  0.18%  30.4 1320s
 2343480 976255  963.00000  116   17  962.00000  963.72727  0.18%  30.3 1325s
 2357719 982028  963.00000   99   43  962.00000  963.72727  0.18%  30.3 1330s
 2372777 988179     cutoff  112       962.00000  963.72727  0.18%  30.3 1335s
 2387749 994299  963.00000  111   32  962.00000  963.72727  0.18%  30.3 1340s
 2402282 1000550  963.00000  105   15  962.00000  963.72727  0.18%  30.2 1345s
 2417229 1006758 infeasible  107       962.00000  963.72727  0.18%  30.2 1350s
 2433398 1013648  963.00000   90   28  962.00000  963.72727  0.18%  30.2 1355s
 2446602 1019332  963.06107  103  171  962.00000  963.72727  0.18%  30.2 1360s
 2462769 1025911  963.00000   85   16  962.00000  963.72222  0.18%  30.2 1365s
 2474545 1030356  963.00000  104    9  962.00000  963.71429  0.18%  30.2 1370s
 2489838 1034871  963.00000  106    9  962.00000  963.71429  0.18%  30.1 1375s
 2504108 1039439     cutoff  105       962.00000  963.71429  0.18%  30.1 1380s
 2517472 1044399  963.00000   94   23  962.00000  963.71429  0.18%  30.0 1385s
 2531034 1049265  963.00000   98    9  962.00000  963.70950  0.18%  30.0 1390s
 2546562 1054949  963.00000  100    7  962.00000  963.70175  0.18%  30.0 1395s
 2559614 1060053  963.00000   94   42  962.00000  963.70175  0.18%  30.0 1400s
 2574184 1067599  963.00000  107    9  962.00000  963.69930  0.18%  30.0 1405s
 2587383 1072233     cutoff   98       962.00000  963.69527  0.18%  30.0 1410s
 2600755 1075934  963.00000   79   25  962.00000  963.69003  0.18%  29.9 1415s
 2613246 1080075     cutoff   91       962.00000  963.68571  0.18%  29.9 1420s
 2628885 1085259     cutoff  104       962.00000  963.67797  0.17%  29.9 1425s
 2644614 1090311  963.00000  101    9  962.00000  963.67797  0.17%  29.9 1430s
 2659614 1095600  963.00000   95   65  962.00000  963.67797  0.17%  29.8 1435s
 2675299 1101201  963.00000   93   15  962.00000  963.67797  0.17%  29.8 1440s
 2689686 1106348  963.00000   94   11  962.00000  963.67797  0.17%  29.8 1445s
 2702574 1110785     cutoff   81       962.00000  963.67039  0.17%  29.8 1450s
 2714185 1114601  963.00000   95   11  962.00000  963.66667  0.17%  29.8 1455s
 2724445 1118849  963.00000  120   23  962.00000  963.66667  0.17%  29.8 1460s
 2735612 1123322  963.00000   90    7  962.00000  963.66667  0.17%  29.9 1465s
 2745663 1128005     cutoff  111       962.00000  963.66667  0.17%  30.0 1470s
 2755949 1132771     cutoff   93       962.00000  963.66667  0.17%  30.0 1475s
 2767873 1138132  963.00000  105   20  962.00000  963.66667  0.17%  30.0 1480s
 2776811 1141185  963.00000   96   23  962.00000  963.65813  0.17%  30.0 1485s
 2785401 1143763  963.00000   98   56  962.00000  963.65270  0.17%  30.1 1490s
 2797953 1147347  963.00000   90    9  962.00000  963.64681  0.17%  30.1 1495s
 2810656 1151534  963.00000  100   27  962.00000  963.63889  0.17%  30.1 1500s
 2823364 1156546  963.00000  108   26  962.00000  963.63158  0.17%  30.0 1505s
 2837535 1161965  963.00000  102   15  962.00000  963.62500  0.17%  30.0 1510s
 2854031 1166920  963.00000   97   23  962.00000  963.62500  0.17%  30.0 1515s
 2866548 1171366  963.61538   90   93  962.00000  963.61538  0.17%  30.0 1520s
 2879783 1175628     cutoff  108       962.00000  963.61538  0.17%  30.0 1525s
 2891985 1180081  963.00000   93    7  962.00000  963.61538  0.17%  30.0 1530s
 2905810 1185054     cutoff   99       962.00000  963.61538  0.17%  30.0 1535s
 2918257 1189735  963.00000  122   13  962.00000  963.61538  0.17%  30.0 1540s
 2931248 1194520  963.00000  101   92  962.00000  963.61538  0.17%  30.0 1545s
 2943809 1198766  963.00000  103   39  962.00000  963.61176  0.17%  30.0 1550s
 2956744 1203207  963.00000  114    9  962.00000  963.60054  0.17%  30.0 1555s
 2969206 1207296     cutoff   94       962.00000  963.59701  0.17%  30.0 1560s
 2982794 1212315  963.00000  112   29  962.00000  963.58824  0.17%  30.0 1565s
 2994051 1214487  963.00000   93   52  962.00000  963.58537  0.16%  30.0 1570s
 3006226 1217661  963.53333   96   72  962.00000  963.57627  0.16%  30.0 1575s
 3015403 1219782     cutoff   96       962.00000  963.57143  0.16%  30.0 1580s
 3023659 1222059  963.00000  119   69  962.00000  963.57143  0.16%  30.1 1585s
 3031094 1225066     cutoff   86       962.00000  963.57143  0.16%  30.2 1590s
 3039792 1228062     cutoff   98       962.00000  963.57143  0.16%  30.2 1595s
 3049985 1231248  963.00000   91   21  962.00000  963.56471  0.16%  30.2 1600s
 3061059 1234056     cutoff  122       962.00000  963.55680  0.16%  30.2 1605s
 3068789 1236906     cutoff   98       962.00000  963.54968  0.16%  30.3 1610s
 3078807 1239852     cutoff   99       962.00000  963.53333  0.16%  30.3 1615s
 3092887 1245114  963.00000  101   37  962.00000  963.53333  0.16%  30.3 1620s
 3104754 1249197  963.00000  103   11  962.00000  963.53333  0.16%  30.3 1625s
 3117563 1254439  963.12500  103   91  962.00000  963.53333  0.16%  30.3 1630s
 3131152 1259538  963.00000   97   51  962.00000  963.53333  0.16%  30.3 1635s
 3142987 1264108  963.00000  105   41  962.00000  963.53333  0.16%  30.2 1640s
 3155855 1268260  963.22222   89   95  962.00000  963.52579  0.16%  30.2 1645s
 3167111 1271655     cutoff   93       962.00000  963.51282  0.16%  30.2 1650s
 3176178 1274653  963.00000   97   19  962.00000  963.50000  0.16%  30.3 1655s
 3183688 1277389  963.00000   91  122  962.00000  963.50000  0.16%  30.4 1660s
 3195605 1281164  963.00000   95   45  962.00000  963.47498  0.15%  30.4 1665s
 3207556 1285297  963.47059   80   91  962.00000  963.47059  0.15%  30.4 1670s
 3221343 1289805     cutoff   88       962.00000  963.46452  0.15%  30.3 1675s
 3231944 1292311     cutoff   86       962.00000  963.45246  0.15%  30.3 1680s
 3242036 1295815     cutoff   92       962.00000  963.43774  0.15%  30.3 1685s
 3254430 1300276  963.00000  106   33  962.00000  963.42105  0.15%  30.3 1690s
 3266175 1305019     cutoff  119       962.00000  963.42105  0.15%  30.3 1695s
 3278010 1310078     cutoff  113       962.00000  963.42105  0.15%  30.3 1700s
 3291098 1315270     cutoff   90       962.00000  963.42105  0.15%  30.3 1705s
 3303172 1320597     cutoff   82       962.00000  963.42105  0.15%  30.3 1710s
 3316112 1326091  963.00000   81   46  962.00000  963.42105  0.15%  30.2 1715s
 3328716 1331010  963.00000  111   13  962.00000  963.42105  0.15%  30.2 1720s
 3340361 1335741  963.00000   92   33  962.00000  963.42105  0.15%  30.2 1725s
 3352230 1340483  963.00000   77    9  962.00000  963.42105  0.15%  30.2 1730s
 3364757 1344630     cutoff  107       962.00000  963.41237  0.15%  30.1 1735s
 3375747 1348009     cutoff   98       962.00000  963.40000  0.15%  30.1 1740s
 3386953 1351425  963.19512   95   97  962.00000  963.38462  0.14%  30.1 1745s
 3399809 1356265  963.38095   81   75  962.00000  963.38095  0.14%  30.1 1750s
 3411366 1360902  963.00000   94   17  962.00000  963.38095  0.14%  30.1 1755s
 3421863 1364047  963.00000  106  105  962.00000  963.36923  0.14%  30.1 1760s
 3431396 1366588  963.16495  107  136  962.00000  963.36364  0.14%  30.1 1765s
 3442076 1371007  963.00000   85   31  962.00000  963.35874  0.14%  30.1 1770s
 3453083 1375070  963.00000   99   45  962.00000  963.35619  0.14%  30.1 1775s
 3463577 1378265  963.00000   89   23  962.00000  963.35118  0.14%  30.1 1780s
 3475599 1382868  963.00000  101   10  962.00000  963.34783  0.14%  30.0 1785s
 3486674 1387143  963.00000  117   14  962.00000  963.34783  0.14%  30.0 1790s
 3499130 1391987  963.34783   84   62  962.00000  963.34783  0.14%  30.0 1795s
 3509727 1396345  963.00000   82   15  962.00000  963.34783  0.14%  30.0 1800s
 3521238 1401033  963.00000  116   11  962.00000  963.34783  0.14%  30.0 1805s
 3531772 1405559  963.00000  105   15  962.00000  963.34783  0.14%  29.9 1810s
 3543651 1410376  963.00000   99   21  962.00000  963.34783  0.14%  29.9 1815s
 3554829 1415038  963.00000   90   13  962.00000  963.34783  0.14%  29.9 1820s
 3566104 1419656  963.34783   80  108  962.00000  963.34783  0.14%  29.9 1825s
 3577683 1423737  963.00000  109   29  962.00000  963.34783  0.14%  29.9 1830s
 3589496 1428075     cutoff   98       962.00000  963.34043  0.14%  29.8 1835s
 3599189 1431474     cutoff  113       962.00000  963.33333  0.14%  29.8 1840s
 3603242 1435034     cutoff  105       962.00000  963.32907  0.14%  29.8 1849s
 3615242 1435474  963.00000  101   49  962.00000  963.32182  0.14%  29.8 1851s
 3622599 1437822  963.00000  103  117  962.00000  963.32000  0.14%  29.8 1855s
 3632172 1441730  963.00000   95   13  962.00000  963.32000  0.14%  29.9 1860s
 3641269 1444621  963.00000   85   29  962.00000  963.31818  0.14%  29.9 1865s
 3650920 1447025  963.00000  104   56  962.00000  963.30769  0.14%  29.9 1870s
 3659727 1449678     cutoff  106       962.00000  963.30588  0.14%  29.9 1875s
 3669100 1452332  963.00000   94   60  962.00000  963.29630  0.13%  29.9 1880s
 3680934 1455625  963.00000   87   11  962.00000  963.29292  0.13%  29.9 1885s
 3688143 1458241  963.00000  106   33  962.00000  963.28571  0.13%  29.9 1890s
 3695854 1461482  963.00000   96   11  962.00000  963.28571  0.13%  29.9 1895s
 3705011 1464799  963.00000   83   41  962.00000  963.28571  0.13%  29.9 1900s
 3716408 1468180  963.00000  108   20  962.00000  963.27586  0.13%  29.9 1905s
 3726296 1470724  963.25806   81   71  962.00000  963.26471  0.13%  29.9 1910s
 3734690 1473120     cutoff  109       962.00000  963.25806  0.13%  29.9 1915s
 3745312 1477209     cutoff   93       962.00000  963.25000  0.13%  29.9 1920s
 3756397 1480555  963.00000  104    7  962.00000  963.24242  0.13%  29.9 1925s
 3765694 1483136  963.22857  103   73  962.00000  963.23529  0.13%  29.9 1930s
 3776003 1486193  963.00000  104    9  962.00000  963.22222  0.13%  29.9 1935s
 3786750 1490129  963.00000   89   31  962.00000  963.22222  0.13%  29.8 1940s
 3796956 1492854  963.00000   86   13  962.00000  963.20755  0.13%  29.8 1945s
 3806560 1496396  963.00000   95   30  962.00000  963.20000  0.12%  29.8 1950s
 3814947 1499558     cutoff  134       962.00000  963.20000  0.12%  29.8 1955s
 3824950 1502453  963.00000   87   23  962.00000  963.19512  0.12%  29.8 1960s
 3834624 1505787  963.00000  113   38  962.00000  963.18605  0.12%  29.8 1965s
 3842614 1508386  963.00000  116  109  962.00000  963.17391  0.12%  29.8 1970s
 3851003 1511592  963.08333   92   95  962.00000  963.17391  0.12%  29.9 1975s
 3857554 1514409  963.00000  104   45  962.00000  963.17391  0.12%  29.9 1980s
 3866093 1516480     cutoff  120       962.00000  963.16000  0.12%  29.9 1985s
 3873621 1518946  963.00000  117   13  962.00000  963.15385  0.12%  29.9 1990s
 3881914 1521791     cutoff   94       962.00000  963.15094  0.12%  29.9 1995s
 3889777 1523375     cutoff  102       962.00000  963.13793  0.12%  29.9 2000s
 3897726 1526021  963.00000  100   18  962.00000  963.12500  0.12%  30.0 2005s
 3906220 1528286  963.00000  143   42  962.00000  963.10526  0.11%  30.0 2010s
 3914467 1530892  963.00000  109   16  962.00000  963.09091  0.11%  30.0 2015s
 3924921 1533057     cutoff  104       962.00000  963.07143  0.11%  30.0 2020s
 3934514 1535412     cutoff  112       962.00000  963.05405  0.11%  29.9 2025s
 3943371 1535762     cutoff   94       962.00000  963.00000  0.10%  29.9 2030s
 3951906 1535493  963.00000  116   11  962.00000  963.00000  0.10%  29.9 2035s
 3959277 1535062  963.00000  100   26  962.00000  963.00000  0.10%  29.8 2040s
 3969821 1529696     cutoff  104       962.00000  963.00000  0.10%  29.8 2045s
 3980483 1522984  963.00000  102   11  962.00000  963.00000  0.10%  29.8 2050s
 3988341 1522999  963.00000  107   16  962.00000  963.00000  0.10%  29.8 2055s
 3995647 1522871  963.00000  101   10  962.00000  963.00000  0.10%  29.7 2060s
 4004023 1522678     cutoff  108       962.00000  963.00000  0.10%  29.7 2066s
 4011717 1522660  963.00000  113    9  962.00000  963.00000  0.10%  29.7 2070s
 4019713 1522407     cutoff  100       962.00000  963.00000  0.10%  29.6 2075s
 4027053 1522252  963.00000  105   25  962.00000  963.00000  0.10%  29.6 2080s
 4035649 1522160  963.00000  124   15  962.00000  963.00000  0.10%  29.5 2085s
 4044349 1522125  963.00000  109   12  962.00000  963.00000  0.10%  29.5 2090s
 4051206 1522064     cutoff   96       962.00000  963.00000  0.10%  29.5 2095s
 4060790 1521862  963.00000  120   15  962.00000  963.00000  0.10%  29.4 2100s
 4068849 1521850  963.00000  100   13  962.00000  963.00000  0.10%  29.4 2105s
 4075394 1521761  963.00000  106   15  962.00000  963.00000  0.10%  29.4 2110s
 4084913 1521878  963.00000  103    7  962.00000  963.00000  0.10%  29.3 2115s
 4093217 1522101  963.00000  100    8  962.00000  963.00000  0.10%  29.3 2120s
 4093233 1522141  963.00000  101   10  962.00000  963.00000  0.10%  29.3 2129s
 4096233 1522141  963.00000  115   56  962.00000  963.00000  0.10%  29.3 2130s
 4108550 1522129     cutoff  127       962.00000  963.00000  0.10%  29.2 2136s
 4115769 1521920  963.00000  106   23  962.00000  963.00000  0.10%  29.2 2140s
 4122853 1521841     cutoff  121       962.00000  963.00000  0.10%  29.1 2145s
 4131863 1522075     cutoff  120       962.00000  963.00000  0.10%  29.1 2150s
 4141058 1522146     cutoff  105       962.00000  963.00000  0.10%  29.1 2155s
 4149681 1521951  963.00000  125   12  962.00000  963.00000  0.10%  29.0 2160s
 4157015 1521933  963.00000  110   10  962.00000  963.00000  0.10%  29.0 2165s
 4165990 1522034  963.00000  127   13  962.00000  963.00000  0.10%  29.0 2170s
 4173522 1522073  963.00000   84   35  962.00000  963.00000  0.10%  28.9 2175s
 4182680 1521930  963.00000  114   13  962.00000  963.00000  0.10%  28.9 2180s
 4190520 1521838     cutoff   99       962.00000  963.00000  0.10%  28.9 2185s
 4198695 1521749  963.00000  118   28  962.00000  963.00000  0.10%  28.8 2190s
 4206476 1521561     cutoff  120       962.00000  963.00000  0.10%  28.8 2195s
 4214396 1521444     cutoff  136       962.00000  963.00000  0.10%  28.8 2200s
 4222504 1521257     cutoff  106       962.00000  963.00000  0.10%  28.7 2205s
 4230124 1521295  963.00000   87   32  962.00000  963.00000  0.10%  28.7 2210s
 4239040 1521364     cutoff  114       962.00000  963.00000  0.10%  28.7 2215s
 4246672 1521418  963.00000   86    7  962.00000  963.00000  0.10%  28.6 2220s
 4254370 1521153  963.00000  110   27  962.00000  963.00000  0.10%  28.6 2225s
 4262986 1521443  963.00000  115   17  962.00000  963.00000  0.10%  28.6 2231s
 4271429 1523397     cutoff  100       962.00000  963.00000  0.10%  28.6 2235s
 4281218 1526624  963.00000   94   15  962.00000  963.00000  0.10%  28.5 2240s
 4290138 1529063  963.00000   99   11  962.00000  963.00000  0.10%  28.5 2245s
 4298953 1531632  963.00000   93   10  962.00000  963.00000  0.10%  28.5 2250s
 4308264 1533838  963.00000  111   35  962.00000  963.00000  0.10%  28.5 2255s
 4317011 1536369 infeasible   84       962.00000  963.00000  0.10%  28.5 2260s
 4326745 1538883  963.00000   96    7  962.00000  963.00000  0.10%  28.5 2265s
 4336061 1541305  963.00000  112   23  962.00000  963.00000  0.10%  28.4 2270s
 4344676 1543270  963.00000  113   13  962.00000  963.00000  0.10%  28.4 2275s
 4353237 1545612  963.00000  116   19  962.00000  963.00000  0.10%  28.4 2280s
 4362819 1547968     cutoff  112       962.00000  963.00000  0.10%  28.4 2285s
 4372120 1550304  963.00000  105    9  962.00000  963.00000  0.10%  28.4 2290s
 4380156 1552161  963.00000  111   19  962.00000  963.00000  0.10%  28.4 2295s
 4389653 1554534     cutoff  103       962.00000  963.00000  0.10%  28.3 2300s
 4398060 1556743  963.00000   94   15  962.00000  963.00000  0.10%  28.3 2305s
 4407140 1558919  963.00000   96   25  962.00000  963.00000  0.10%  28.3 2310s
 4415806 1560997  963.00000   90    7  962.00000  963.00000  0.10%  28.3 2315s
 4426436 1563296     cutoff  107       962.00000  963.00000  0.10%  28.3 2320s
 4434187 1565076  963.00000  105   17  962.00000  963.00000  0.10%  28.3 2325s
 4444349 1567430  963.00000  112    7  962.00000  963.00000  0.10%  28.2 2330s
 4453129 1570059  963.00000  109   15  962.00000  963.00000  0.10%  28.2 2335s
 4462418 1572311  963.00000   97   25  962.00000  963.00000  0.10%  28.2 2340s
 4470825 1574039     cutoff   98       962.00000  963.00000  0.10%  28.2 2345s
 4479237 1576082  963.00000  114   44  962.00000  963.00000  0.10%  28.2 2350s
 4488645 1578499  963.00000  112   25  962.00000  963.00000  0.10%  28.2 2355s
 4497978 1580709  963.00000  104   16  962.00000  963.00000  0.10%  28.1 2360s
 4506472 1582489  963.00000   88   15  962.00000  963.00000  0.10%  28.1 2365s
 4515830 1584449     cutoff  112       962.00000  963.00000  0.10%  28.1 2370s
 4524426 1586632  963.00000  115   13  962.00000  963.00000  0.10%  28.1 2375s
 4532815 1588528 infeasible  103       962.00000  963.00000  0.10%  28.1 2380s
 4541697 1590840     cutoff  108       962.00000  963.00000  0.10%  28.0 2385s
 4551133 1592894  963.00000  100   11  962.00000  963.00000  0.10%  28.0 2390s
 4559410 1594255     cutoff  115       962.00000  963.00000  0.10%  28.0 2395s
 4567577 1595845  963.00000  101    7  962.00000  963.00000  0.10%  28.0 2400s
 4575524 1597840     cutoff   96       962.00000  963.00000  0.10%  28.0 2405s
 4585348 1599885  963.00000   89   21  962.00000  963.00000  0.10%  28.0 2410s
 4593008 1601533  963.00000   94   31  962.00000  963.00000  0.10%  27.9 2415s
 4601441 1603534     cutoff  111       962.00000  963.00000  0.10%  27.9 2420s
 4609510 1605583     cutoff  108       962.00000  963.00000  0.10%  27.9 2425s
 4617672 1607679  963.00000   89   25  962.00000  963.00000  0.10%  27.9 2430s
 4626804 1609171  963.00000  107   11  962.00000  963.00000  0.10%  27.9 2435s
 4633925 1610098  963.00000  100   11  962.00000  963.00000  0.10%  27.9 2440s
 4643179 1611733     cutoff  115       962.00000  963.00000  0.10%  27.9 2445s
 4651753 1613541     cutoff   89       962.00000  963.00000  0.10%  27.8 2450s
 4659423 1615202  963.00000   98   21  962.00000  963.00000  0.10%  27.8 2455s
 4668316 1617303  963.00000   89   10  962.00000  963.00000  0.10%  27.8 2460s
 4676080 1618935  963.00000  101    9  962.00000  963.00000  0.10%  27.8 2465s
 4683658 1620645  963.00000  104   12  962.00000  963.00000  0.10%  27.8 2470s
 4692038 1622774     cutoff   96       962.00000  963.00000  0.10%  27.8 2475s
 4699815 1624513     cutoff  107       962.00000  963.00000  0.10%  27.8 2480s
 4707974 1626528  963.00000   99   17  962.00000  963.00000  0.10%  27.7 2485s
 4715718 1627835  963.00000   93   10  962.00000  963.00000  0.10%  27.7 2490s
 4722933 1628650     cutoff   92       962.00000  963.00000  0.10%  27.7 2495s
 4731038 1629794  963.00000  113   11  962.00000  963.00000  0.10%  27.7 2500s
 4739737 1631525  963.00000   96   17  962.00000  963.00000  0.10%  27.7 2505s
 4746785 1633176  963.00000   82   16  962.00000  963.00000  0.10%  27.7 2510s
 4755924 1635276  963.00000   85    7  962.00000  963.00000  0.10%  27.7 2515s
 4763429 1636792  963.00000   98   24  962.00000  963.00000  0.10%  27.6 2520s
 4771277 1638725  963.00000  101   33  962.00000  963.00000  0.10%  27.6 2525s
 4779910 1640647  963.00000  103   11  962.00000  963.00000  0.10%  27.6 2530s
 4787258 1642567     cutoff  101       962.00000  963.00000  0.10%  27.6 2535s
 4795045 1644537  963.00000  103   26  962.00000  963.00000  0.10%  27.6 2540s
 4802812 1646225     cutoff  104       962.00000  963.00000  0.10%  27.6 2545s
 4810723 1648021  963.00000   88    7  962.00000  963.00000  0.10%  27.6 2550s
 4819149 1650291     cutoff  115       962.00000  963.00000  0.10%  27.5 2555s
 4826278 1652044  963.00000  108   12  962.00000  963.00000  0.10%  27.5 2560s
 4834230 1653933  963.00000  112   20  962.00000  963.00000  0.10%  27.5 2565s
 4842697 1655618  963.00000  124   13  962.00000  963.00000  0.10%  27.5 2570s
 4850567 1656635 infeasible   90       962.00000  963.00000  0.10%  27.5 2576s
 4857731 1657339     cutoff  109       962.00000  963.00000  0.10%  27.5 2580s
 4865023 1658381  963.00000  103   37  962.00000  963.00000  0.10%  27.5 2585s
 4872855 1659516  963.00000   79    7  962.00000  963.00000  0.10%  27.5 2590s
 4879432 1660637     cutoff   98       962.00000  963.00000  0.10%  27.4 2595s
 4888103 1662488  963.00000  107    9  962.00000  963.00000  0.10%  27.4 2600s
 4894886 1663930  963.00000  106   39  962.00000  963.00000  0.10%  27.4 2605s
 4903225 1665803  963.00000   91   33  962.00000  963.00000  0.10%  27.4 2610s
 4910596 1667237     cutoff  114       962.00000  963.00000  0.10%  27.4 2615s
 4919688 1669307  963.00000   98   13  962.00000  963.00000  0.10%  27.4 2620s
 4927038 1670848  963.00000  105   21  962.00000  963.00000  0.10%  27.4 2625s
 4934658 1672499     cutoff  103       962.00000  963.00000  0.10%  27.3 2630s
 4942314 1674216  963.00000  111   11  962.00000  963.00000  0.10%  27.3 2635s
 4949517 1675856  963.00000  102   59  962.00000  963.00000  0.10%  27.3 2640s
 4956986 1677640  963.00000  107   41  962.00000  963.00000  0.10%  27.3 2645s
 4964677 1679098     cutoff  117       962.00000  963.00000  0.10%  27.3 2650s
 4972064 1680544  963.00000  115   15  962.00000  963.00000  0.10%  27.3 2655s
 4978902 1681878  963.00000  104   18  962.00000  963.00000  0.10%  27.3 2660s
 4987592 1683515  963.00000   98    7  962.00000  963.00000  0.10%  27.3 2665s
 4995850 1685345  963.00000  118   13  962.00000  963.00000  0.10%  27.2 2670s
 5002884 1687181  963.00000   86   45  962.00000  963.00000  0.10%  27.2 2675s
 5011013 1689211  963.00000   96   19  962.00000  963.00000  0.10%  27.2 2680s
 5018188 1690951  963.00000  101   34  962.00000  963.00000  0.10%  27.2 2685s
 5025582 1693012  963.00000  104   19  962.00000  963.00000  0.10%  27.2 2690s
 5033538 1695236  963.00000  108   21  962.00000  963.00000  0.10%  27.2 2695s
 5041498 1697181  963.00000  101   15  962.00000  963.00000  0.10%  27.2 2700s
 5048319 1698945  963.00000  101   42  962.00000  963.00000  0.10%  27.2 2705s
 5055326 1700492     cutoff  109       962.00000  963.00000  0.10%  27.2 2710s
 5064406 1702638     cutoff  100       962.00000  963.00000  0.10%  27.1 2715s
 5070724 1704095  963.00000  104   31  962.00000  963.00000  0.10%  27.1 2720s
 5078959 1705499  963.00000   95   35  962.00000  963.00000  0.10%  27.1 2725s
 5086331 1707115  963.00000  110   20  962.00000  963.00000  0.10%  27.1 2730s
 5093545 1708627  963.00000  109   25  962.00000  963.00000  0.10%  27.1 2735s
 5101376 1710050  963.00000   94   24  962.00000  963.00000  0.10%  27.1 2740s
 5107722 1710750  963.00000   93   17  962.00000  963.00000  0.10%  27.1 2745s
 5116116 1711781     cutoff  108       962.00000  963.00000  0.10%  27.1 2750s
 5122106 1712405  963.00000   98   11  962.00000  963.00000  0.10%  27.1 2755s
 5129719 1713373  963.00000  110    7  962.00000  963.00000  0.10%  27.1 2760s
 5137970 1714645     cutoff  104       962.00000  963.00000  0.10%  27.0 2765s
 5144187 1715375  963.00000  105    7  962.00000  963.00000  0.10%  27.0 2770s
 5152544 1716456  963.00000   82   24  962.00000  963.00000  0.10%  27.0 2775s
 5159323 1717016  963.00000  114   35  962.00000  963.00000  0.10%  27.0 2780s
 5166560 1718086  963.00000  113   19  962.00000  963.00000  0.10%  27.0 2785s
 5173612 1718930  963.00000   92   10  962.00000  963.00000  0.10%  27.0 2790s
 5181378 1719983  963.00000   94   15  962.00000  963.00000  0.10%  27.0 2795s
 5188366 1720879     cutoff  112       962.00000  963.00000  0.10%  27.0 2800s
 5195359 1721791  963.00000  108   13  962.00000  963.00000  0.10%  27.0 2805s
 5202395 1722839     cutoff  113       962.00000  963.00000  0.10%  27.0 2810s
 5209680 1723963  963.00000   93   13  962.00000  963.00000  0.10%  26.9 2815s
 5215873 1724983  963.00000   87   18  962.00000  963.00000  0.10%  26.9 2820s
 5223938 1726235  963.00000  107    9  962.00000  963.00000  0.10%  26.9 2825s
 5229905 1727520  963.00000   91   28  962.00000  963.00000  0.10%  26.9 2830s
 5237018 1729124  963.00000  110   39  962.00000  963.00000  0.10%  26.9 2835s
 5244200 1730409  963.00000  114    7  962.00000  963.00000  0.10%  26.9 2840s
 5245773 1730911  963.00000  102   27  962.00000  963.00000  0.10%  26.9 2845s
 5251155 1732262  963.00000  107   29  962.00000  963.00000  0.10%  26.9 2850s
 5256846 1733498  963.00000  111   55  962.00000  963.00000  0.10%  26.9 2855s
 5263342 1734847  963.00000   90    7  962.00000  963.00000  0.10%  26.9 2860s
 5271188 1736461     cutoff  120       962.00000  963.00000  0.10%  26.9 2866s
 5277154 1737732  963.00000  101    9  962.00000  963.00000  0.10%  26.9 2870s
 5284250 1739243  963.00000   94    9  962.00000  963.00000  0.10%  26.8 2875s
 5291999 1740793  963.00000   95   23  962.00000  963.00000  0.10%  26.8 2880s
 5298945 1742389  963.00000   96   30  962.00000  963.00000  0.10%  26.8 2885s
 5307063 1743946  963.00000   84   27  962.00000  963.00000  0.10%  26.8 2890s
 5313779 1745165  963.00000   82    9  962.00000  963.00000  0.10%  26.8 2895s
 5318967 1746419  963.00000   82   15  962.00000  963.00000  0.10%  26.8 2900s
 5322826 1747168  963.00000   96   34  962.00000  963.00000  0.10%  26.8 2906s
 5325345 1747656  963.00000  103   11  962.00000  963.00000  0.10%  26.8 2911s
 5328607 1748350  963.00000  105    9  962.00000  963.00000  0.10%  26.8 2916s
 5330630 1748849  963.00000  103   27  962.00000  963.00000  0.10%  26.8 2920s
 5334782 1749731  963.00000  110   23  962.00000  963.00000  0.10%  26.8 2926s
 5337084 1750282     cutoff   95       962.00000  963.00000  0.10%  26.8 2931s
 5340008 1750973 infeasible   96       962.00000  963.00000  0.10%  26.8 2935s
 5342623 1751528     cutoff   91       962.00000  963.00000  0.10%  26.8 2940s
 5345982 1752239  963.00000   93   15  962.00000  963.00000  0.10%  26.7 2945s
 5348675 1752731     cutoff  115       962.00000  963.00000  0.10%  26.7 2950s
 5352617 1753501  963.00000  118    9  962.00000  963.00000  0.10%  26.7 2956s
 5355320 1754096  963.00000   87   16  962.00000  963.00000  0.10%  26.7 2961s
 5357877 1754588  963.00000  102   46  962.00000  963.00000  0.10%  26.7 2965s
 5360392 1755147     cutoff  102       962.00000  963.00000  0.10%  26.7 2970s
 5363138 1755855  963.00000  104   24  962.00000  963.00000  0.10%  26.7 2975s
 5366216 1756363     cutoff   80       962.00000  963.00000  0.10%  26.7 2980s
 5369903 1757023  963.00000  101    9  962.00000  963.00000  0.10%  26.7 2985s
 5373085 1757970     cutoff   89       962.00000  963.00000  0.10%  26.7 2991s
 5375688 1758473     cutoff   96       962.00000  963.00000  0.10%  26.7 2995s
 5378417 1758917     cutoff  116       962.00000  963.00000  0.10%  26.7 3000s
 5382242 1759794     cutoff  100       962.00000  963.00000  0.10%  26.7 3008s
 5384066 1760152  963.00000   97   33  962.00000  963.00000  0.10%  26.7 3010s
 5388111 1760860  963.00000   97   12  962.00000  963.00000  0.10%  26.7 3016s
 5390586 1761260  963.00000  113   17  962.00000  963.00000  0.10%  26.7 3020s
 5393054 1761721  963.00000  100    7  962.00000  963.00000  0.10%  26.7 3025s
 5397034 1762346     cutoff  114       962.00000  963.00000  0.10%  26.7 3031s
 5398799 1762886  963.00000  108   34  962.00000  963.00000  0.10%  26.7 3035s
 5401908 1763279  963.00000  100   24  962.00000  963.00000  0.10%  26.7 3041s
 5404451 1763801  963.00000  105    9  962.00000  963.00000  0.10%  26.7 3045s
 5407369 1764282 infeasible  103       962.00000  963.00000  0.10%  26.7 3050s
 5411265 1765172  963.00000   99    7  962.00000  963.00000  0.10%  26.7 3056s
 5414266 1765622  963.00000  107   23  962.00000  963.00000  0.10%  26.7 3061s
 5416504 1766278  963.00000  102   30  962.00000  963.00000  0.10%  26.7 3065s
 5418953 1766818  963.00000  104   19  962.00000  963.00000  0.10%  26.7 3070s
 5422114 1767468  963.00000   98   14  962.00000  963.00000  0.10%  26.7 3075s
 5425964 1768269  963.00000  105   19  962.00000  963.00000  0.10%  26.6 3082s
 5428469 1768731  963.00000   92   13  962.00000  963.00000  0.10%  26.6 3086s
 5431240 1769207  963.00000   96   21  962.00000  963.00000  0.10%  26.6 3090s
 5433731 1769767     cutoff   95       962.00000  963.00000  0.10%  26.6 3095s
 5436423 1770180  963.00000   81   15  962.00000  963.00000  0.10%  26.6 3100s
 5439623 1770722     cutoff  116       962.00000  963.00000  0.10%  26.6 3105s
 5442098 1771210  963.00000  110   17  962.00000  963.00000  0.10%  26.6 3110s
 5445827 1772074     cutoff  101       962.00000  963.00000  0.10%  26.6 3116s
 5448340 1772675  963.00000  101   12  962.00000  963.00000  0.10%  26.6 3121s
 5451246 1773234  963.00000   98   21  962.00000  963.00000  0.10%  26.6 3125s
 5453400 1773739  963.00000  112   24  962.00000  963.00000  0.10%  26.6 3130s
 5456093 1774335  963.00000   98   13  962.00000  963.00000  0.10%  26.6 3135s
 5458861 1774850  963.00000  101    9  962.00000  963.00000  0.10%  26.6 3140s
 5461841 1775358  963.00000  110    7  962.00000  963.00000  0.10%  26.6 3145s
 5464785 1775743     cutoff   93       962.00000  963.00000  0.10%  26.6 3150s
 5467476 1776207  963.00000  115   20  962.00000  963.00000  0.10%  26.6 3155s
 5470287 1776584     cutoff  102       962.00000  963.00000  0.10%  26.6 3160s
 5474217 1777332  963.00000  101   25  962.00000  963.00000  0.10%  26.6 3167s
 5476432 1777493     cutoff  108       962.00000  963.00000  0.10%  26.6 3170s
 5479625 1778035     cutoff  101       962.00000  963.00000  0.10%  26.6 3177s
 5482172 1778625     cutoff  110       962.00000  963.00000  0.10%  26.6 3181s
 5484991 1779158  963.00000  115   43  962.00000  963.00000  0.10%  26.6 3185s
 5488637 1779858  963.00000   87   41  962.00000  963.00000  0.10%  26.6 3191s
 5491234 1780333  963.00000   98   15  962.00000  963.00000  0.10%  26.6 3196s
 5493802 1780848     cutoff  105       962.00000  963.00000  0.10%  26.6 3201s
 5496638 1781259  963.00000  106   12  962.00000  963.00000  0.10%  26.6 3206s
 5499525 1781625  963.00000  106    7  962.00000  963.00000  0.10%  26.6 3211s
 5502551 1782104  963.00000  104    9  962.00000  963.00000  0.10%  26.6 3216s
 5505345 1782629  963.00000  129   13  962.00000  963.00000  0.10%  26.6 3221s
 5508356 1783034  963.00000  110   15  962.00000  963.00000  0.10%  26.6 3226s
 5510789 1783571  963.00000   91   44  962.00000  963.00000  0.10%  26.6 3231s
 5513826 1784084  963.00000  118   11  962.00000  963.00000  0.10%  26.6 3236s
 5516773 1784681  963.00000  108   58  962.00000  963.00000  0.10%  26.5 3241s
 5519438 1785216  963.00000  109   16  962.00000  963.00000  0.10%  26.5 3245s
 5521940 1785690     cutoff   89       962.00000  963.00000  0.10%  26.5 3250s
 5525474 1786510     cutoff  128       962.00000  963.00000  0.10%  26.5 3256s
 5528362 1787042  963.00000  116   20  962.00000  963.00000  0.10%  26.5 3261s
 5531441 1787665  963.00000   89  105  962.00000  963.00000  0.10%  26.5 3266s
 5534033 1788227  963.00000  121   28  962.00000  963.00000  0.10%  26.5 3271s
 5536667 1788687  963.00000  107   28  962.00000  963.00000  0.10%  26.5 3275s
 5539209 1789367     cutoff   94       962.00000  963.00000  0.10%  26.5 3280s
 5541749 1789883  963.00000  102   29  962.00000  963.00000  0.10%  26.5 3285s
 5544458 1790537  963.00000  122    7  962.00000  963.00000  0.10%  26.5 3290s
 5548959 1791365  963.00000   96   21  962.00000  963.00000  0.10%  26.5 3298s
 5550422 1791654     cutoff  113       962.00000  963.00000  0.10%  26.5 3300s
 5553237 1792315  963.00000  100   31  962.00000  963.00000  0.10%  26.5 3305s
 5556089 1792900  963.00000   95    9  962.00000  963.00000  0.10%  26.5 3310s
 5559849 1793697     cutoff  102       962.00000  963.00000  0.10%  26.5 3317s
 5562610 1794385  963.00000  105   35  962.00000  963.00000  0.10%  26.5 3321s
 5565481 1794946  963.00000  105   20  962.00000  963.00000  0.10%  26.5 3326s
 5568523 1795483  963.00000   86   67  962.00000  963.00000  0.10%  26.5 3331s
 5570795 1796115  963.00000  102   13  962.00000  963.00000  0.10%  26.5 3336s
 5573598 1796711     cutoff  110       962.00000  963.00000  0.10%  26.5 3340s
 5576042 1797249  963.00000   99   42  962.00000  963.00000  0.10%  26.5 3345s
 5578743 1797763  963.00000  113   13  962.00000  963.00000  0.10%  26.5 3350s
 5581583 1798257     cutoff  121       962.00000  963.00000  0.10%  26.5 3355s
 5585313 1799158  963.00000  100   20  962.00000  963.00000  0.10%  26.5 3362s
 5588252 1799623     cutoff   93       962.00000  963.00000  0.10%  26.5 3366s
 5591062 1800157  963.00000  101   18  962.00000  963.00000  0.10%  26.5 3371s
 5593152 1800580  963.00000   84   27  962.00000  963.00000  0.10%  26.5 3376s
 5595847 1800954  963.00000   96   18  962.00000  963.00000  0.10%  26.5 3380s
 5598711 1801484  963.00000  117   11  962.00000  963.00000  0.10%  26.5 3386s
 5601451 1802013 infeasible  103       962.00000  963.00000  0.10%  26.5 3390s
 5604155 1802554 infeasible   97       962.00000  963.00000  0.10%  26.4 3396s
 5607160 1803182  963.00000   98    7  962.00000  963.00000  0.10%  26.4 3400s
 5610088 1803583     cutoff  123       962.00000  963.00000  0.10%  26.4 3405s
 5612731 1804135     cutoff   80       962.00000  963.00000  0.10%  26.4 3410s
 5615561 1804624  963.00000  105   26  962.00000  963.00000  0.10%  26.4 3415s
 5619189 1805346     cutoff  106       962.00000  963.00000  0.10%  26.4 3421s
 5621597 1805683     cutoff  100       962.00000  963.00000  0.10%  26.4 3425s
 5624346 1805908  963.00000  101   26  962.00000  963.00000  0.10%  26.4 3431s
 5626898 1806088  963.00000  104   26  962.00000  963.00000  0.10%  26.4 3435s
 5629460 1806263     cutoff   90       962.00000  963.00000  0.10%  26.4 3440s
 5632204 1806541     cutoff  104       962.00000  963.00000  0.10%  26.4 3445s
 5634895 1806775  963.00000   92   11  962.00000  963.00000  0.10%  26.4 3450s
 5637451 1806918     cutoff   96       962.00000  963.00000  0.10%  26.4 3455s
 5640130 1807163  963.00000  102   19  962.00000  963.00000  0.10%  26.4 3460s
 5643187 1807471  963.00000   97    7  962.00000  963.00000  0.10%  26.4 3466s
 5645852 1807679     cutoff  103       962.00000  963.00000  0.10%  26.4 3471s
 5648503 1808077  963.00000   98   15  962.00000  963.00000  0.10%  26.4 3476s
 5651406 1808331  963.00000   95    7  962.00000  963.00000  0.10%  26.4 3481s
 5654114 1808647  963.00000   93   24  962.00000  963.00000  0.10%  26.4 3485s
 5656766 1808841     cutoff  115       962.00000  963.00000  0.10%  26.4 3490s
 5659116 1809101  963.00000  113   30  962.00000  963.00000  0.10%  26.4 3495s
 5661912 1809396     cutoff  122       962.00000  963.00000  0.10%  26.4 3501s
 5664595 1809660  963.00000   98    7  962.00000  963.00000  0.10%  26.4 3506s
 5667492 1810014  963.00000   88   18  962.00000  963.00000  0.10%  26.4 3511s
 5669730 1810177     cutoff   93       962.00000  963.00000  0.10%  26.4 3515s
 5672410 1810443     cutoff   97       962.00000  963.00000  0.10%  26.4 3520s
 5676156 1810605     cutoff  123       962.00000  963.00000  0.10%  26.4 3527s
 5678210 1810688  963.00000  106   17  962.00000  963.00000  0.10%  26.4 3530s
 5680266 1810813  963.00000  103   20  962.00000  963.00000  0.10%  26.4 3536s
 5683448 1810973     cutoff  101       962.00000  963.00000  0.10%  26.4 3541s
 5686071 1811238  963.00000  100    9  962.00000  963.00000  0.10%  26.4 3545s
 5688984 1811552  963.00000  111   11  962.00000  963.00000  0.10%  26.4 3550s
 5691645 1811762  963.00000   95    9  962.00000  963.00000  0.10%  26.4 3555s
 5694138 1812073  963.00000  108   25  962.00000  963.00000  0.10%  26.4 3560s
 5696529 1812436  963.00000  107    7  962.00000  963.00000  0.10%  26.4 3565s
 5699599 1812946     cutoff  102       962.00000  963.00000  0.10%  26.4 3571s
 5702522 1813153  963.00000  103    9  962.00000  963.00000  0.10%  26.4 3576s
 5705113 1813455     cutoff  102       962.00000  963.00000  0.10%  26.4 3581s
 5707867 1813707     cutoff   98       962.00000  963.00000  0.10%  26.4 3586s
 5710100 1813965     cutoff  113       962.00000  963.00000  0.10%  26.3 3590s
 5712670 1814245     cutoff   96       962.00000  963.00000  0.10%  26.3 3595s
 5715319 1814436     cutoff  124       962.00000  963.00000  0.10%  26.3 3600s

Cutting planes:
  Gomory: 70
  Lift-and-project: 6
  Cover: 104
  Implied bound: 1
  Clique: 4
  MIR: 3
  Flow cover: 15
  Inf proof: 2
  Zero half: 44
  RLT: 4
  BQP: 1

Explored 5716467 nodes (150612205 simplex iterations) in 3600.34 seconds (2949.14 work units)
Thread count was 20 (of 20 available processors)

Solution count 10: 962 956 955 ... 881

Time limit reached
Best objective 9.620000000000e+02, best bound 9.630000000000e+02, gap 0.1040%
