4
5 5 10
5 5 10
5 5 10
5 5 10
0 0 0 4 1 4 0 1 0
0 0 6 4 1 4 0 1 0
0 4 2 4 1 4 0 1 0
0 4 6 4 1 4 0 1 0
0 1 2 4 3 1 1 1 0
0 1 3 4 3 1 1 1 0
0 1 6 4 3 1 1 1 0
0 1 7 4 3 1 1 1 0
0 1 8 4 3 1 1 1 0
0 1 9 4 3 1 1 1 0
0 0 4 4 4 2 3 2 0
0 1 0 4 4 2 3 2 0
5 0 0 4 1 4 0 1 1
5 0 4 4 1 4 0 1 1
5 1 2 4 1 4 0 1 1
5 4 6 4 1 4 0 1 1
5 1 6 4 3 1 1 1 1
5 1 7 4 3 1 1 1 1
5 2 2 4 3 1 1 1 1
5 2 3 4 3 1 1 1 1
5 2 4 4 3 1 1 1 1
5 2 5 4 3 1 1 1 1
5 0 8 4 4 2 3 2 1
5 1 0 4 4 2 3 2 1
0 5 6 4 1 4 0 1 2
0 9 0 4 1 4 0 1 2
0 9 4 4 1 4 0 1 2
0 6 6 4 3 1 1 1 2
0 6 7 4 3 1 1 1 2
0 5 0 4 4 2 3 2 2
0 6 8 4 4 2 3 2 2
0 5 2 4 4 4 4 7 2
5 5 0 4 1 4 0 1 3
5 5 4 4 1 4 0 1 3
5 9 2 4 1 4 0 1 3
5 9 6 4 1 4 0 1 3
5 6 2 4 3 1 1 1 3
5 6 3 4 3 1 1 1 3
5 6 4 4 3 1 1 1 3
5 6 5 4 3 1 1 1 3
5 6 6 4 3 1 1 1 3
5 6 7 4 3 1 1 1 3
5 5 8 4 4 2 3 2 3
5 6 0 4 4 2 3 2 3
